0	5	12
5->12
0,-1
3
----------------------------------------
1	8	2
8->3->0->2
0,0,0,-1
9
----------------------------------------
2	4	8
4->3->8
0,1,-1
6
----------------------------------------
3	3	1
3->0->1
2,1,-1
6
----------------------------------------
4	3	12
3->8->9->12
3,2,0,-1
9
----------------------------------------
5	2	9
2->5->12->9
1,1,2,-1
10
----------------------------------------
6	6	7
6->7
0,-1
3
----------------------------------------
7	3	1
3->0->1
4,2,-1
6
----------------------------------------
8	5	2
5->2
2,-1
3
----------------------------------------
9	3	7
3->4->6->7
5,1,1,-1
8
----------------------------------------
10	8	10
8->9->10
3,2,-1
7
----------------------------------------
11	9	3
9->8->3
3,4,-1
6
----------------------------------------
12	1	10
1->7->10
2,2,-1
7
----------------------------------------
13	7	10
7->10
3,-1
4
----------------------------------------
14	4	11
4->3->8->11
2,7,5,-1
9
----------------------------------------
15	6	4
6->4
2,-1
3
----------------------------------------
16	6	13
6->4->5->13
3,4,3,-1
9
----------------------------------------
17	5	10
5->13->10
4,1,-1
6
----------------------------------------
18	9	10
9->10
4,-1
4
----------------------------------------
19	6	1
6->7->1
4,4,-1
6
----------------------------------------
20	9	6
9->10->7->6
5,5,5,-1
9
----------------------------------------
21	7	4
7->6->4
6,6,-1
5
----------------------------------------
22	1	6
1->7->6
4,7,-1
5
----------------------------------------
23	4	5
4->5
6,-1
4
----------------------------------------
24	0	10
0->1->7->10
3,5,8,-1
10
----------------------------------------
25	3	6
3->4->6
8,7,-1
5
----------------------------------------
26	13	2
13->5->2
2,6,-1
7
----------------------------------------
27	13	9
13->10->9
3,7,-1
7
----------------------------------------
28	2	8
2->0->3->8
4,4,9,-1
9
----------------------------------------
29	12	6
12->5->4->6
3,7,8,-1
9
----------------------------------------
30	3	5
3->4->5
10,9,-1
7
----------------------------------------
31	10	11
10->11
8,-1
3
----------------------------------------
32	1	7
1->7
6,-1
3
----------------------------------------
33	0	6
0->3->4->6
5,11,10,-1
8
----------------------------------------
34	10	11
10->11
9,-1
3
----------------------------------------
35	12	7
12->9->10->7
4,7,10,-1
10
----------------------------------------
36	10	2
10->7->1->2
11,11,7,-1
9
----------------------------------------
37	12	13
12->5->13
5,9,-1
6
----------------------------------------
38	6	12
6->4->5->12
11,11,10,-1
10
----------------------------------------
39	8	3
8->3
7,-1
3
----------------------------------------
40	1	11
1->7->10->11
8,12,12,-1
10
----------------------------------------
41	10	11
10->11
13,-1
3
----------------------------------------
42	0	9
0->3->8->9
6,13,8,-1
9
----------------------------------------
43	11	6
11->10->7->6
5,14,13,-1
9
----------------------------------------
44	9	3
9->8->3
9,9,-1
6
----------------------------------------
45	4	12
4->5->12
12,11,-1
7
----------------------------------------
46	6	1
6->7->1
13,14,-1
6
----------------------------------------
47	9	8
9->8
10,-1
3
----------------------------------------
48	4	8
4->3->8
13,15,-1
6
----------------------------------------
49	10	2
10->7->1->2
15,15,10,-1
9
----------------------------------------
50	2	8
2->0->3->8
7,7,16,-1
9
----------------------------------------
51	9	10
9->10
11,-1
4
----------------------------------------
52	10	5
10->13->5
17,5,-1
6
----------------------------------------
53	0	5
0->2->5
8,8,-1
7
----------------------------------------
54	12	13
12->5->13
8,14,-1
6
----------------------------------------
55	8	6
8->3->4->6
13,17,14,-1
8
----------------------------------------
56	12	0
12->5->2->0
9,15,9,-1
10
----------------------------------------
57	5	6
5->4->6
16,15,-1
5
----------------------------------------
58	8	1
8->3->0->1
14,18,10,-1
9
----------------------------------------
59	4	2
4->5->2
16,17,-1
7
----------------------------------------
60	13	0
13->5->2->0
7,18,11,-1
10
----------------------------------------
61	4	12
4->5->12
17,19,-1
7
----------------------------------------
62	13	6
13->5->4->6
8,20,18,-1
9
----------------------------------------
63	10	6
10->7->6
18,16,-1
5
----------------------------------------
64	5	12
5->12
21,-1
3
----------------------------------------
65	13	4
13->5->4
9,22,-1
7
----------------------------------------
66	11	2
11->12->5->2
6,12,23,-1
10
----------------------------------------
67	12	1
12->5->2->1
13,24,13,-1
10
----------------------------------------
68	2	0
2->0
14,-1
3
----------------------------------------
69	11	1
11->10->7->1
7,19,17,-1
10
----------------------------------------
70	0	1
0->1
13,-1
3
----------------------------------------
71	3	9
3->8->9
19,15,-1
6
----------------------------------------
72	11	7
11->10->7
8,20,-1
7
----------------------------------------
73	13	9
13->10->9
10,21,-1
7
----------------------------------------
74	5	0
5->2->0
25,15,-1
6
----------------------------------------
75	12	11
12->11
14,-1
3
----------------------------------------
76	13	1
13->5->2->1
11,26,16,-1
10
----------------------------------------
77	7	6
7->6
19,-1
2
----------------------------------------
78	3	10
3->8->9->10
20,16,14,-1
10
----------------------------------------
79	0	1
0->1
15,-1
3
----------------------------------------
80	2	1
2->1
17,-1
3
----------------------------------------
81	4	12
4->5->12
20,27,-1
7
----------------------------------------
82	6	1
6->7->1
19,20,-1
6
----------------------------------------
83	5	3
5->4->3
28,21,-1
6
----------------------------------------
84	1	9
1->7->10->9
19,21,23,-1
10
----------------------------------------
85	7	0
7->1->0
22,20,-1
6
----------------------------------------
86	11	12
11->12
10,-1
3
----------------------------------------
87	9	5
9->12->5
16,17,-1
7
----------------------------------------
88	7	11
7->10->11
23,24,-1
7
----------------------------------------
89	2	6
2->1->7->6
18,21,24,-1
8
----------------------------------------
90	13	2
13->5->2
12,30,-1
7
----------------------------------------
91	0	9
0->3->8->9
17,22,17,-1
9
----------------------------------------
92	3	6
3->4->6
23,22,-1
5
----------------------------------------
93	9	1
9->10->7->1
18,25,25,-1
10
----------------------------------------
94	8	7
8->3->4->6->7
18,24,23,22,-1
11
----------------------------------------
95	2	11
2->5->12->11
20,31,18,-1
10
----------------------------------------
96	2	6
2->1->7->6
21,23,27,-1
8
----------------------------------------
97	4	13
4->5->13
24,32,-1
6
----------------------------------------
98	0	12
0->2->5->12
18,22,33,-1
10
----------------------------------------
