Node 0 Forwarding Table:
3	0	2	0	
----------------------------------------
3	1	1	1	
----------------------------------------
3	2	1	2	
----------------------------------------
-1	-1	1	3	
----------------------------------------
2	4	3	4	
----------------------------------------
-1	-1	3	5	
----------------------------------------
-1	-1	3	6	
----------------------------------------
2	7	3	7	
----------------------------------------
-1	-1	2	8	
----------------------------------------
2	9	-1	-1	
----------------------------------------
3	10	1	10	
----------------------------------------
2	11	-1	-1	
----------------------------------------
2	12	-1	-1	
----------------------------------------
-1	-1	1	13	
----------------------------------------
2	14	-1	-1	
----------------------------------------
-1	-1	1	15	
----------------------------------------
1	16	-1	-1	
----------------------------------------
3	17	1	17	
----------------------------------------
3	18	1	18	
----------------------------------------
-1	-1	2	19	
----------------------------------------

****************************************
Node 1 Forwarding Table:
0	0	-1	-1	
----------------------------------------
0	1	-1	-1	
----------------------------------------
-1	-1	7	2	
----------------------------------------
7	3	-1	-1	
----------------------------------------
-1	-1	7	4	
----------------------------------------
0	5	7	5	
----------------------------------------
-1	-1	7	6	
----------------------------------------
7	7	2	7	
----------------------------------------
-1	-1	7	8	
----------------------------------------
7	9	-1	-1	
----------------------------------------
7	10	2	10	
----------------------------------------
0	11	-1	-1	
----------------------------------------
2	12	-1	-1	
----------------------------------------
7	13	-1	-1	
----------------------------------------
0	14	-1	-1	
----------------------------------------
2	15	-1	-1	
----------------------------------------
0	16	-1	-1	
----------------------------------------
2	17	-1	-1	
----------------------------------------
7	18	-1	-1	
----------------------------------------
-1	-1	7	19	
----------------------------------------
7	20	0	20	
----------------------------------------
2	21	7	21	
----------------------------------------
0	22	7	22	
----------------------------------------
0	23	-1	-1	
----------------------------------------
2	24	7	24	
----------------------------------------

****************************************
Node 2 Forwarding Table:
0	0	-1	-1	
----------------------------------------
-1	-1	5	1	
----------------------------------------
5	2	-1	-1	
----------------------------------------
5	3	-1	-1	
----------------------------------------
-1	-1	0	4	
----------------------------------------
1	5	-1	-1	
----------------------------------------
1	6	-1	-1	
----------------------------------------
-1	-1	0	7	
----------------------------------------
0	8	5	8	
----------------------------------------
5	9	0	9	
----------------------------------------
5	10	-1	-1	
----------------------------------------
5	11	0	11	
----------------------------------------
5	12	-1	-1	
----------------------------------------
5	13	1	13	
----------------------------------------
-1	-1	0	14	
----------------------------------------
5	15	0	15	
----------------------------------------
5	16	1	16	
----------------------------------------
-1	-1	1	17	
----------------------------------------
-1	-1	1	18	
----------------------------------------
5	19	-1	-1	
----------------------------------------
-1	-1	5	20	
----------------------------------------
-1	-1	1	21	
----------------------------------------
0	22	5	22	
----------------------------------------

****************************************
Node 3 Forwarding Table:
8	0	0	0	
----------------------------------------
4	1	8	1	
----------------------------------------
-1	-1	0	2	
----------------------------------------
-1	-1	8	3	
----------------------------------------
-1	-1	0	4	
----------------------------------------
-1	-1	4	5	
----------------------------------------
8	6	-1	-1	
----------------------------------------
4	7	8	7	
----------------------------------------
-1	-1	4	8	
----------------------------------------
0	9	8	9	
----------------------------------------
-1	-1	4	10	
----------------------------------------
0	11	4	11	
----------------------------------------
8	12	-1	-1	
----------------------------------------
0	13	8	13	
----------------------------------------
8	14	-1	-1	
----------------------------------------
4	15	8	15	
----------------------------------------
0	16	8	16	
----------------------------------------
8	17	4	17	
----------------------------------------
8	18	0	18	
----------------------------------------
-1	-1	4	19	
----------------------------------------
4	20	-1	-1	
----------------------------------------
-1	-1	0	21	
----------------------------------------
8	22	0	22	
----------------------------------------

****************************************
Node 4 Forwarding Table:
-1	-1	3	0	
----------------------------------------
3	1	6	1	
----------------------------------------
-1	-1	3	2	
----------------------------------------
6	3	-1	-1	
----------------------------------------
6	4	5	4	
----------------------------------------
6	5	-1	-1	
----------------------------------------
-1	-1	5	6	
----------------------------------------
3	7	6	7	
----------------------------------------
5	8	6	8	
----------------------------------------
3	9	5	9	
----------------------------------------
3	10	6	10	
----------------------------------------
6	11	5	11	
----------------------------------------
-1	-1	5	12	
----------------------------------------
-1	-1	3	13	
----------------------------------------
3	14	6	14	
----------------------------------------
5	15	6	15	
----------------------------------------
-1	-1	5	16	
----------------------------------------
-1	-1	5	17	
----------------------------------------
5	18	6	18	
----------------------------------------
5	19	-1	-1	
----------------------------------------
3	20	5	20	
----------------------------------------
-1	-1	5	21	
----------------------------------------
5	22	3	22	
----------------------------------------
-1	-1	6	23	
----------------------------------------

****************************************
Node 5 Forwarding Table:
-1	-1	12	0	
----------------------------------------
2	1	12	1	
----------------------------------------
-1	-1	2	2	
----------------------------------------
4	3	13	3	
----------------------------------------
-1	-1	13	4	
----------------------------------------
4	5	-1	-1	
----------------------------------------
13	6	2	6	
----------------------------------------
12	7	4	7	
----------------------------------------
4	8	-1	-1	
----------------------------------------
12	9	13	9	
----------------------------------------
4	10	12	10	
----------------------------------------
4	11	12	11	
----------------------------------------
13	12	-1	-1	
----------------------------------------
2	13	-1	-1	
----------------------------------------
12	14	13	14	
----------------------------------------
12	15	2	15	
----------------------------------------
-1	-1	4	16	
----------------------------------------
4	17	2	17	
----------------------------------------
13	18	2	18	
----------------------------------------
4	19	12	19	
----------------------------------------
13	20	4	20	
----------------------------------------
-1	-1	12	21	
----------------------------------------
13	22	4	22	
----------------------------------------
12	23	2	23	
----------------------------------------
12	24	2	24	
----------------------------------------
4	25	12	25	
----------------------------------------
-1	-1	2	26	
----------------------------------------
13	27	2	27	
----------------------------------------
4	28	12	28	
----------------------------------------
-1	-1	4	29	
----------------------------------------
12	30	-1	-1	
----------------------------------------
13	31	2	31	
----------------------------------------
2	32	12	32	
----------------------------------------
2	33	12	33	
----------------------------------------

****************************************
Node 6 Forwarding Table:
-1	-1	7	0	
----------------------------------------
4	1	7	1	
----------------------------------------
-1	-1	4	2	
----------------------------------------
-1	-1	4	3	
----------------------------------------
-1	-1	7	4	
----------------------------------------
7	5	-1	-1	
----------------------------------------
7	6	4	6	
----------------------------------------
7	7	-1	-1	
----------------------------------------
4	8	-1	-1	
----------------------------------------
4	9	-1	-1	
----------------------------------------
4	10	-1	-1	
----------------------------------------
-1	-1	4	11	
----------------------------------------
7	12	-1	-1	
----------------------------------------
-1	-1	7	13	
----------------------------------------
4	14	-1	-1	
----------------------------------------
4	15	-1	-1	
----------------------------------------
4	16	-1	-1	
----------------------------------------
7	17	-1	-1	
----------------------------------------
7	18	-1	-1	
----------------------------------------
-1	-1	7	19	
----------------------------------------
7	20	-1	-1	
----------------------------------------
7	21	-1	-1	
----------------------------------------
7	22	-1	-1	
----------------------------------------
4	23	7	23	
----------------------------------------

****************************************
Node 7 Forwarding Table:
6	0	-1	-1	
----------------------------------------
6	1	-1	-1	
----------------------------------------
1	2	10	2	
----------------------------------------
-1	-1	10	3	
----------------------------------------
6	4	1	4	
----------------------------------------
10	5	6	5	
----------------------------------------
-1	-1	6	6	
----------------------------------------
1	7	6	7	
----------------------------------------
1	8	10	8	
----------------------------------------
1	9	-1	-1	
----------------------------------------
10	10	-1	-1	
----------------------------------------
10	11	1	11	
----------------------------------------
1	12	10	12	
----------------------------------------
10	13	6	13	
----------------------------------------
6	14	1	14	
----------------------------------------
10	15	1	15	
----------------------------------------
10	16	6	16	
----------------------------------------
10	17	1	17	
----------------------------------------
-1	-1	6	18	
----------------------------------------
6	19	1	19	
----------------------------------------
1	20	10	20	
----------------------------------------
-1	-1	1	21	
----------------------------------------
-1	-1	10	22	
----------------------------------------
1	23	6	23	
----------------------------------------
1	24	6	24	
----------------------------------------
1	25	6	25	
----------------------------------------
6	26	10	26	
----------------------------------------

****************************************
Node 8 Forwarding Table:
-1	-1	3	0	
----------------------------------------
3	1	-1	-1	
----------------------------------------
3	2	9	2	
----------------------------------------
-1	-1	9	3	
----------------------------------------
9	4	3	4	
----------------------------------------
3	5	11	5	
----------------------------------------
3	6	-1	-1	
----------------------------------------
-1	-1	3	7	
----------------------------------------
3	8	9	8	
----------------------------------------
9	9	3	9	
----------------------------------------
9	10	-1	-1	
----------------------------------------
3	11	-1	-1	
----------------------------------------
3	12	-1	-1	
----------------------------------------
-1	-1	3	13	
----------------------------------------
-1	-1	3	14	
----------------------------------------
9	15	3	15	
----------------------------------------

****************************************
Node 9 Forwarding Table:
8	0	12	0	
----------------------------------------
12	1	-1	-1	
----------------------------------------
8	2	10	2	
----------------------------------------
-1	-1	8	3	
----------------------------------------
-1	-1	10	4	
----------------------------------------
-1	-1	10	5	
----------------------------------------
10	6	-1	-1	
----------------------------------------
12	7	10	7	
----------------------------------------
8	8	-1	-1	
----------------------------------------
-1	-1	8	9	
----------------------------------------
-1	-1	8	10	
----------------------------------------
-1	-1	10	11	
----------------------------------------
12	12	-1	-1	
----------------------------------------
10	13	-1	-1	
----------------------------------------
10	14	-1	-1	
----------------------------------------
-1	-1	12	15	
----------------------------------------
-1	-1	8	16	
----------------------------------------

****************************************
Node 10 Forwarding Table:
9	0	-1	-1	
----------------------------------------
7	1	-1	-1	
----------------------------------------
7	2	-1	-1	
----------------------------------------
13	3	-1	-1	
----------------------------------------
9	4	-1	-1	
----------------------------------------
9	5	7	5	
----------------------------------------
7	6	-1	-1	
----------------------------------------
13	7	9	7	
----------------------------------------
-1	-1	11	8	
----------------------------------------
-1	-1	11	9	
----------------------------------------
9	10	7	10	
----------------------------------------
-1	-1	7	11	
----------------------------------------
7	12	11	12	
----------------------------------------
-1	-1	11	13	
----------------------------------------
11	14	7	14	
----------------------------------------
-1	-1	7	15	
----------------------------------------
9	16	-1	-1	
----------------------------------------
-1	-1	13	17	
----------------------------------------
-1	-1	7	18	
----------------------------------------
11	19	7	19	
----------------------------------------
13	20	9	20	
----------------------------------------
7	21	9	21	
----------------------------------------
7	22	11	22	
----------------------------------------
7	23	13	23	
----------------------------------------

****************************************
Node 11 Forwarding Table:
8	0	-1	-1	
----------------------------------------
10	1	-1	-1	
----------------------------------------
10	2	-1	-1	
----------------------------------------
10	3	-1	-1	
----------------------------------------
10	4	-1	-1	
----------------------------------------
-1	-1	10	5	
----------------------------------------
-1	-1	12	6	
----------------------------------------
-1	-1	10	7	
----------------------------------------
12	8	-1	-1	
----------------------------------------
-1	-1	12	9	
----------------------------------------
10	10	-1	-1	
----------------------------------------
12	11	-1	-1	
----------------------------------------

****************************************
Node 12 Forwarding Table:
5	0	-1	-1	
----------------------------------------
9	1	-1	-1	
----------------------------------------
5	2	9	2	
----------------------------------------
-1	-1	5	3	
----------------------------------------
-1	-1	9	4	
----------------------------------------
-1	-1	5	5	
----------------------------------------
5	6	-1	-1	
----------------------------------------
5	7	-1	-1	
----------------------------------------
-1	-1	5	8	
----------------------------------------
-1	-1	5	9	
----------------------------------------
5	10	-1	-1	
----------------------------------------
5	11	-1	-1	
----------------------------------------
11	12	5	12	
----------------------------------------
-1	-1	5	13	
----------------------------------------
5	14	9	14	
----------------------------------------
-1	-1	11	15	
----------------------------------------
5	16	-1	-1	
----------------------------------------
11	17	-1	-1	
----------------------------------------
9	18	5	18	
----------------------------------------
5	19	11	19	
----------------------------------------
5	20	-1	-1	
----------------------------------------

****************************************
Node 13 Forwarding Table:
5	0	-1	-1	
----------------------------------------
5	1	10	1	
----------------------------------------
-1	-1	5	2	
----------------------------------------
-1	-1	10	3	
----------------------------------------
5	4	-1	-1	
----------------------------------------
10	5	5	5	
----------------------------------------
5	6	-1	-1	
----------------------------------------
-1	-1	5	7	
----------------------------------------
-1	-1	5	8	
----------------------------------------
-1	-1	5	9	
----------------------------------------
-1	-1	10	10	
----------------------------------------
-1	-1	5	11	
----------------------------------------
-1	-1	5	12	
----------------------------------------
10	13	-1	-1	
----------------------------------------

****************************************
