Node 0 Forwarding Table:
3	0	1	0	
----------------------------------------
3	1	1	1	
----------------------------------------
-1	-1	2	2	
----------------------------------------
-1	-1	2	3	
----------------------------------------
-1	-1	2	4	
----------------------------------------
-1	-1	2	5	
----------------------------------------
2	6	-1	-1	
----------------------------------------
2	7	-1	-1	
----------------------------------------
2	8	1	8	
----------------------------------------
2	9	-1	-1	
----------------------------------------
-1	-1	1	10	
----------------------------------------
3	11	-1	-1	
----------------------------------------
-1	-1	1	12	
----------------------------------------
2	13	1	13	
----------------------------------------
1	14	-1	-1	
----------------------------------------
2	15	1	15	
----------------------------------------
2	16	1	16	
----------------------------------------

****************************************
Node 1 Forwarding Table:
0	0	-1	-1	
----------------------------------------
0	1	-1	-1	
----------------------------------------
-1	-1	7	2	
----------------------------------------
7	3	-1	-1	
----------------------------------------
-1	-1	7	4	
----------------------------------------
-1	-1	7	5	
----------------------------------------
-1	-1	7	6	
----------------------------------------
7	7	-1	-1	
----------------------------------------
7	8	-1	-1	
----------------------------------------
0	9	-1	-1	
----------------------------------------
7	10	-1	-1	
----------------------------------------
0	11	-1	-1	
----------------------------------------
0	12	-1	-1	
----------------------------------------
0	13	-1	-1	
----------------------------------------
7	14	-1	-1	
----------------------------------------
-1	-1	7	15	
----------------------------------------
7	16	0	16	
----------------------------------------
0	17	-1	-1	
----------------------------------------
0	18	7	18	
----------------------------------------

****************************************
Node 2 Forwarding Table:
5	0	-1	-1	
----------------------------------------
-1	-1	5	1	
----------------------------------------
5	2	-1	-1	
----------------------------------------
0	3	5	3	
----------------------------------------
5	4	-1	-1	
----------------------------------------
-1	-1	5	5	
----------------------------------------
0	6	5	6	
----------------------------------------
5	7	-1	-1	
----------------------------------------
0	8	5	8	
----------------------------------------
5	9	-1	-1	
----------------------------------------
-1	-1	5	10	
----------------------------------------
0	11	5	11	
----------------------------------------
5	12	0	12	
----------------------------------------
5	13	-1	-1	
----------------------------------------
5	14	0	14	
----------------------------------------
5	15	-1	-1	
----------------------------------------
5	16	0	16	
----------------------------------------
-1	-1	0	17	
----------------------------------------
-1	-1	0	18	
----------------------------------------
-1	-1	5	19	
----------------------------------------
5	20	0	20	
----------------------------------------
-1	-1	0	21	
----------------------------------------
-1	-1	5	22	
----------------------------------------

****************************************
Node 3 Forwarding Table:
4	0	8	0	
----------------------------------------
-1	-1	0	1	
----------------------------------------
-1	-1	4	2	
----------------------------------------
-1	-1	0	3	
----------------------------------------
-1	-1	4	4	
----------------------------------------
8	5	-1	-1	
----------------------------------------
-1	-1	4	6	
----------------------------------------
-1	-1	4	7	
----------------------------------------
8	8	-1	-1	
----------------------------------------
8	9	-1	-1	
----------------------------------------
4	10	8	10	
----------------------------------------
8	11	4	11	
----------------------------------------
4	12	8	12	
----------------------------------------
-1	-1	8	13	
----------------------------------------
4	14	0	14	
----------------------------------------
-1	-1	8	15	
----------------------------------------
4	16	-1	-1	
----------------------------------------
-1	-1	4	17	
----------------------------------------

****************************************
Node 4 Forwarding Table:
-1	-1	3	0	
----------------------------------------
3	1	5	1	
----------------------------------------
3	2	6	2	
----------------------------------------
-1	-1	5	3	
----------------------------------------
6	4	-1	-1	
----------------------------------------
6	5	5	5	
----------------------------------------
6	6	-1	-1	
----------------------------------------
-1	-1	5	7	
----------------------------------------
3	8	6	8	
----------------------------------------
5	9	6	9	
----------------------------------------
3	10	5	10	
----------------------------------------
5	11	6	11	
----------------------------------------
6	12	5	12	
----------------------------------------
-1	-1	5	13	
----------------------------------------
-1	-1	3	14	
----------------------------------------
3	15	6	15	
----------------------------------------
5	16	6	16	
----------------------------------------
-1	-1	5	17	
----------------------------------------
-1	-1	3	18	
----------------------------------------
5	19	6	19	
----------------------------------------
5	20	-1	-1	
----------------------------------------
5	21	3	21	
----------------------------------------
5	22	3	22	
----------------------------------------
5	23	6	23	
----------------------------------------
3	24	6	24	
----------------------------------------
5	25	6	25	
----------------------------------------
-1	-1	5	26	
----------------------------------------

****************************************
Node 5 Forwarding Table:
-1	-1	12	0	
----------------------------------------
12	1	2	1	
----------------------------------------
4	2	12	2	
----------------------------------------
2	3	12	3	
----------------------------------------
-1	-1	2	4	
----------------------------------------
4	5	12	5	
----------------------------------------
4	6	13	6	
----------------------------------------
-1	-1	13	7	
----------------------------------------
4	8	-1	-1	
----------------------------------------
2	9	13	9	
----------------------------------------
13	10	2	10	
----------------------------------------
2	11	12	11	
----------------------------------------
12	12	4	12	
----------------------------------------
4	13	-1	-1	
----------------------------------------
2	14	4	14	
----------------------------------------
12	15	2	15	
----------------------------------------
12	16	13	16	
----------------------------------------
4	17	12	17	
----------------------------------------
2	18	12	18	
----------------------------------------
4	19	12	19	
----------------------------------------
12	20	2	20	
----------------------------------------
2	21	12	21	
----------------------------------------
12	22	-1	-1	
----------------------------------------
2	23	-1	-1	
----------------------------------------
12	24	13	24	
----------------------------------------
12	25	2	25	
----------------------------------------
-1	-1	4	26	
----------------------------------------
4	27	2	27	
----------------------------------------
13	28	2	28	
----------------------------------------
13	29	4	29	
----------------------------------------
-1	-1	12	30	
----------------------------------------
13	31	4	31	
----------------------------------------
12	32	2	32	
----------------------------------------
12	33	2	33	
----------------------------------------
-1	-1	4	34	
----------------------------------------
-1	-1	4	35	
----------------------------------------
13	36	-1	-1	
----------------------------------------
2	37	4	37	
----------------------------------------
12	38	2	38	
----------------------------------------
2	39	4	39	
----------------------------------------
4	40	13	40	
----------------------------------------

****************************************
Node 6 Forwarding Table:
-1	-1	7	0	
----------------------------------------
4	1	7	1	
----------------------------------------
-1	-1	4	2	
----------------------------------------
-1	-1	4	3	
----------------------------------------
-1	-1	7	4	
----------------------------------------
7	5	-1	-1	
----------------------------------------
7	6	4	6	
----------------------------------------
7	7	-1	-1	
----------------------------------------
4	8	-1	-1	
----------------------------------------
4	9	-1	-1	
----------------------------------------
4	10	-1	-1	
----------------------------------------
-1	-1	4	11	
----------------------------------------
7	12	-1	-1	
----------------------------------------
-1	-1	7	13	
----------------------------------------
4	14	-1	-1	
----------------------------------------
4	15	-1	-1	
----------------------------------------
4	16	-1	-1	
----------------------------------------
7	17	-1	-1	
----------------------------------------
7	18	-1	-1	
----------------------------------------
-1	-1	7	19	
----------------------------------------
4	20	-1	-1	
----------------------------------------
4	21	-1	-1	
----------------------------------------
4	22	-1	-1	
----------------------------------------

****************************************
Node 7 Forwarding Table:
6	0	-1	-1	
----------------------------------------
6	1	-1	-1	
----------------------------------------
1	2	10	2	
----------------------------------------
-1	-1	10	3	
----------------------------------------
6	4	1	4	
----------------------------------------
10	5	6	5	
----------------------------------------
-1	-1	6	6	
----------------------------------------
1	7	6	7	
----------------------------------------
1	8	-1	-1	
----------------------------------------
10	9	-1	-1	
----------------------------------------
1	10	10	10	
----------------------------------------
10	11	6	11	
----------------------------------------
6	12	1	12	
----------------------------------------
10	13	1	13	
----------------------------------------
10	14	6	14	
----------------------------------------
10	15	1	15	
----------------------------------------
10	16	-1	-1	
----------------------------------------
-1	-1	6	17	
----------------------------------------
6	18	1	18	
----------------------------------------
1	19	10	19	
----------------------------------------
-1	-1	1	20	
----------------------------------------
-1	-1	10	21	
----------------------------------------
1	22	10	22	
----------------------------------------

****************************************
Node 8 Forwarding Table:
-1	-1	9	0	
----------------------------------------
3	1	-1	-1	
----------------------------------------
-1	-1	9	2	
----------------------------------------
9	3	3	3	
----------------------------------------
9	4	-1	-1	
----------------------------------------
-1	-1	3	5	
----------------------------------------
9	6	3	6	
----------------------------------------
9	7	-1	-1	
----------------------------------------
3	8	-1	-1	
----------------------------------------
9	9	-1	-1	
----------------------------------------
-1	-1	3	10	
----------------------------------------
-1	-1	9	11	
----------------------------------------
3	12	9	12	
----------------------------------------
3	13	9	13	
----------------------------------------
3	14	9	14	
----------------------------------------

****************************************
Node 9 Forwarding Table:
8	0	12	0	
----------------------------------------
12	1	-1	-1	
----------------------------------------
8	2	10	2	
----------------------------------------
-1	-1	8	3	
----------------------------------------
-1	-1	10	4	
----------------------------------------
-1	-1	10	5	
----------------------------------------
10	6	-1	-1	
----------------------------------------
12	7	8	7	
----------------------------------------
12	8	10	8	
----------------------------------------
10	9	12	9	
----------------------------------------
12	10	-1	-1	
----------------------------------------
-1	-1	8	11	
----------------------------------------
-1	-1	8	12	
----------------------------------------
10	13	12	13	
----------------------------------------
12	14	8	14	
----------------------------------------
-1	-1	10	15	
----------------------------------------
10	16	12	16	
----------------------------------------
8	17	10	17	
----------------------------------------
8	18	12	18	
----------------------------------------
8	19	-1	-1	
----------------------------------------
10	20	-1	-1	
----------------------------------------
8	21	10	21	
----------------------------------------
10	22	-1	-1	
----------------------------------------
-1	-1	10	23	
----------------------------------------
-1	-1	12	24	
----------------------------------------

****************************************
Node 10 Forwarding Table:
9	0	-1	-1	
----------------------------------------
7	1	-1	-1	
----------------------------------------
7	2	-1	-1	
----------------------------------------
13	3	-1	-1	
----------------------------------------
9	4	-1	-1	
----------------------------------------
9	5	7	5	
----------------------------------------
13	6	-1	-1	
----------------------------------------
13	7	9	7	
----------------------------------------
-1	-1	11	8	
----------------------------------------
-1	-1	11	9	
----------------------------------------
9	10	7	10	
----------------------------------------
-1	-1	9	11	
----------------------------------------
7	12	11	12	
----------------------------------------
-1	-1	11	13	
----------------------------------------
11	14	7	14	
----------------------------------------
-1	-1	9	15	
----------------------------------------
9	16	-1	-1	
----------------------------------------
-1	-1	9	17	
----------------------------------------
9	18	7	18	
----------------------------------------
-1	-1	7	19	
----------------------------------------
11	20	7	20	
----------------------------------------
11	21	7	21	
----------------------------------------
13	22	9	22	
----------------------------------------
9	23	-1	-1	
----------------------------------------
7	24	9	24	
----------------------------------------
9	25	13	25	
----------------------------------------
7	26	11	26	
----------------------------------------
7	27	11	27	
----------------------------------------

****************************************
Node 11 Forwarding Table:
12	0	-1	-1	
----------------------------------------
10	1	-1	-1	
----------------------------------------
10	2	-1	-1	
----------------------------------------
10	3	-1	-1	
----------------------------------------
10	4	-1	-1	
----------------------------------------
-1	-1	10	5	
----------------------------------------
-1	-1	12	6	
----------------------------------------
-1	-1	10	7	
----------------------------------------
-1	-1	10	8	
----------------------------------------
12	9	-1	-1	
----------------------------------------
-1	-1	12	10	
----------------------------------------
10	11	-1	-1	
----------------------------------------
10	12	-1	-1	
----------------------------------------

****************************************
Node 12 Forwarding Table:
5	0	-1	-1	
----------------------------------------
9	1	5	1	
----------------------------------------
5	2	-1	-1	
----------------------------------------
5	3	9	3	
----------------------------------------
5	4	11	4	
----------------------------------------
5	5	9	5	
----------------------------------------
-1	-1	5	6	
----------------------------------------
-1	-1	9	7	
----------------------------------------
9	8	5	8	
----------------------------------------
-1	-1	5	9	
----------------------------------------
5	10	-1	-1	
----------------------------------------
5	11	9	11	
----------------------------------------
5	12	-1	-1	
----------------------------------------
9	13	5	13	
----------------------------------------
5	14	9	14	
----------------------------------------
9	15	5	15	
----------------------------------------
-1	-1	5	16	
----------------------------------------
-1	-1	5	17	
----------------------------------------
9	18	-1	-1	
----------------------------------------
5	19	-1	-1	
----------------------------------------
11	20	5	20	
----------------------------------------
-1	-1	5	21	
----------------------------------------
-1	-1	11	22	
----------------------------------------
11	23	-1	-1	
----------------------------------------
9	24	5	24	
----------------------------------------

****************************************
Node 13 Forwarding Table:
5	0	-1	-1	
----------------------------------------
5	1	10	1	
----------------------------------------
5	2	10	2	
----------------------------------------
-1	-1	5	3	
----------------------------------------
-1	-1	10	4	
----------------------------------------
5	5	-1	-1	
----------------------------------------
5	6	-1	-1	
----------------------------------------
-1	-1	5	7	
----------------------------------------
-1	-1	5	8	
----------------------------------------
-1	-1	5	9	
----------------------------------------
-1	-1	10	10	
----------------------------------------
10	11	5	11	
----------------------------------------
5	12	-1	-1	
----------------------------------------

****************************************
