0	5	12
5->12
0,-1
2
----------------------------------------
1	8	2
8->9->12->5->2
0,0,1,1,-1
8
----------------------------------------
2	4	8
4->3->8
0,0,-1
7
----------------------------------------
3	3	1
3->0->1
1,0,-1
8
----------------------------------------
4	3	12
3->4->5->12
2,1,2,-1
7
----------------------------------------
5	2	9
2->5->12->9
1,3,3,-1
6
----------------------------------------
6	6	7
6->7
0,-1
3
----------------------------------------
7	3	1
3->0->1
3,1,-1
8
----------------------------------------
8	5	2
5->2
4,-1
1
----------------------------------------
9	3	7
3->4->6->7
4,2,1,-1
8
----------------------------------------
10	8	10
8->9->10
2,2,-1
3
----------------------------------------
11	9	3
9->8->3
3,3,-1
6
----------------------------------------
12	1	10
1->7->10
2,2,-1
8
----------------------------------------
13	7	10
7->10
3,-1
4
----------------------------------------
14	4	11
4->5->12->11
3,5,4,-1
8
----------------------------------------
15	6	4
6->4
2,-1
2
----------------------------------------
16	6	13
6->4->5->13
3,5,6,-1
6
----------------------------------------
17	5	10
5->13->10
7,1,-1
6
----------------------------------------
18	9	10
9->10
4,-1
1
----------------------------------------
19	6	1
6->7->1
4,4,-1
7
----------------------------------------
20	9	6
9->10->7->6
5,5,5,-1
8
----------------------------------------
21	7	4
7->6->4
6,6,-1
5
----------------------------------------
22	1	6
1->7->6
4,7,-1
7
----------------------------------------
23	4	5
4->5
7,-1
2
----------------------------------------
24	0	10
0->2->5->13->10
2,3,9,2,-1
8
----------------------------------------
25	3	6
3->4->6
6,8,-1
5
----------------------------------------
26	13	2
13->5->2
3,10,-1
3
----------------------------------------
27	13	9
13->10->9
4,7,-1
5
----------------------------------------
28	2	8
2->5->12->9->8
5,11,5,7,-1
8
----------------------------------------
29	12	6
12->5->4->6
6,12,9,-1
6
----------------------------------------
30	3	5
3->4->5
7,10,-1
5
----------------------------------------
31	10	11
10->11
8,-1
2
----------------------------------------
32	1	7
1->7
5,-1
4
----------------------------------------
33	0	6
0->2->5->4->6
3,6,14,11,-1
6
----------------------------------------
34	10	11
10->11
9,-1
2
----------------------------------------
35	12	7
12->9->10->7
7,8,10,-1
8
----------------------------------------
36	10	2
10->9->12->5->2
11,9,8,15,-1
7
----------------------------------------
37	12	13
12->5->13
9,16,-1
4
----------------------------------------
38	6	12
6->4->5->12
11,12,17,-1
6
----------------------------------------
39	8	3
8->3
5,-1
4
----------------------------------------
40	1	11
1->7->10->11
6,10,12,-1
10
----------------------------------------
41	10	11
10->11
13,-1
2
----------------------------------------
42	0	9
0->2->5->12->9
4,8,18,11,-1
7
----------------------------------------
43	11	6
11->10->7->6
5,14,11,-1
9
----------------------------------------
44	9	3
9->8->3
11,6,-1
6
----------------------------------------
45	4	12
4->5->12
13,19,-1
4
----------------------------------------
46	6	1
6->7->1
13,12,-1
7
----------------------------------------
47	9	8
9->8
12,-1
2
----------------------------------------
48	4	8
4->3->8
14,10,-1
7
----------------------------------------
49	10	2
10->9->12->5->2
15,13,13,20,-1
7
----------------------------------------
50	2	8
2->5->12->9->8
10,21,14,14,-1
8
----------------------------------------
51	9	10
9->10
15,-1
1
----------------------------------------
52	10	5
10->9->12->5
17,16,15,-1
6
----------------------------------------
53	0	5
0->2->5
5,11,-1
2
----------------------------------------
54	12	13
12->5->13
16,24,-1
4
----------------------------------------
55	8	6
8->3->4->6
10,11,15,-1
9
----------------------------------------
56	12	0
12->5->2->0
17,25,12,-1
4
----------------------------------------
57	5	6
5->4->6
26,16,-1
4
----------------------------------------
58	8	1
8->9->10->7->1
11,17,18,13,-1
11
----------------------------------------
59	4	2
4->5->2
17,27,-1
3
----------------------------------------
60	13	0
13->5->2->0
7,28,14,-1
4
----------------------------------------
61	4	12
4->3->8->9->12
18,12,12,18,-1
12
----------------------------------------
62	13	6
13->5->4->6
8,29,19,-1
6
----------------------------------------
63	10	6
10->7->6
19,14,-1
7
----------------------------------------
64	5	12
5->12
30,-1
2
----------------------------------------
65	13	4
13->5->4
9,31,-1
4
----------------------------------------
66	11	2
11->12->5->2
6,20,32,-1
7
----------------------------------------
67	12	1
12->5->2->0->1
21,33,16,8,-1
7
----------------------------------------
68	2	0
2->0
17,-1
1
----------------------------------------
69	11	1
11->10->7->1
7,20,15,-1
10
----------------------------------------
70	0	1
0->1
10,-1
3
----------------------------------------
71	3	9
3->8->9
13,13,-1
6
----------------------------------------
72	11	7
11->10->7
8,21,-1
6
----------------------------------------
73	13	9
13->10->9
10,22,-1
5
----------------------------------------
74	5	0
5->4->3->0
34,21,14,-1
10
----------------------------------------
75	12	11
12->11
22,-1
4
----------------------------------------
76	7	6
7->6
17,-1
3
----------------------------------------
77	3	10
3->8->9->10
15,14,21,-1
7
----------------------------------------
78	0	1
0->1
12,-1
3
----------------------------------------
79	2	1
2->0->1
18,13,-1
4
----------------------------------------
80	6	1
6->7->1
19,18,-1
7
----------------------------------------
81	5	3
5->4->3
35,22,-1
5
----------------------------------------
82	1	9
1->7->10->9
15,19,24,-1
9
----------------------------------------
83	7	0
7->1->0
20,16,-1
7
----------------------------------------
84	11	12
11->12
10,-1
4
----------------------------------------
85	9	5
9->10->13->5
23,25,11,-1
7
----------------------------------------
86	7	11
7->10->11
21,26,-1
6
----------------------------------------
87	2	6
2->5->4->6
19,37,23,-1
5
----------------------------------------
88	3	6
3->4->6
17,24,-1
5
----------------------------------------
89	9	1
9->12->5->2->0->1
24,24,38,20,15,-1
10
----------------------------------------
90	2	11
2->0->1->7->10->11
21,16,18,22,27,-1
14
----------------------------------------
91	2	6
2->5->4->6
22,39,25,-1
5
----------------------------------------
92	4	13
4->5->13
26,40,-1
4
----------------------------------------
