0	5	12
5->12
0,-1
1
----------------------------------------
1	8	2
8->3->0->2
0,0,0,-1
3
----------------------------------------
2	4	8
4->3->8
0,1,-1
2
----------------------------------------
3	3	1
3->0->1
2,1,-1
2
----------------------------------------
4	3	12
3->4->5->12
3,1,1,-1
3
----------------------------------------
5	2	9
2->5->12->9
1,2,2,-1
3
----------------------------------------
6	6	7
6->7
0,-1
1
----------------------------------------
7	3	1
3->0->1
4,2,-1
2
----------------------------------------
8	5	2
5->2
3,-1
1
----------------------------------------
9	3	7
3->0->1->7
5,3,2,-1
3
----------------------------------------
10	8	10
8->9->10
2,1,-1
2
----------------------------------------
11	9	3
9->8->3
2,3,-1
2
----------------------------------------
12	1	10
1->7->10
3,2,-1
2
----------------------------------------
13	7	10
7->10
3,-1
1
----------------------------------------
14	4	11
4->3->8->11
2,7,4,-1
3
----------------------------------------
15	6	4
6->4
1,-1
1
----------------------------------------
16	6	13
6->4->5->13
2,4,4,-1
3
----------------------------------------
17	5	10
5->13->10
5,1,-1
2
----------------------------------------
18	9	10
9->10
3,-1
1
----------------------------------------
19	6	1
6->7->1
3,4,-1
2
----------------------------------------
20	9	6
9->10->7->6
4,5,5,-1
3
----------------------------------------
21	7	4
7->6->4
6,5,-1
2
----------------------------------------
22	1	6
1->7->6
5,7,-1
2
----------------------------------------
23	4	5
4->5
6,-1
1
----------------------------------------
24	0	10
0->1->7->10
4,6,8,-1
3
----------------------------------------
25	3	6
3->4->6
8,7,-1
2
----------------------------------------
26	13	2
13->5->2
2,7,-1
2
----------------------------------------
27	13	9
13->10->9
3,7,-1
2
----------------------------------------
28	2	8
2->0->3->8
4,5,9,-1
3
----------------------------------------
29	12	6
12->5->4->6
3,8,8,-1
3
----------------------------------------
30	3	5
3->4->5
10,9,-1
2
----------------------------------------
31	10	11
10->11
8,-1
1
----------------------------------------
32	1	7
1->7
7,-1
1
----------------------------------------
33	0	6
0->3->4->6
6,11,10,-1
3
----------------------------------------
34	10	11
10->11
9,-1
1
----------------------------------------
35	12	7
12->9->10->7
4,6,10,-1
3
----------------------------------------
36	10	2
10->7->1->2
11,11,8,-1
3
----------------------------------------
37	12	13
12->5->13
5,10,-1
2
----------------------------------------
38	6	12
6->4->5->12
10,11,11,-1
3
----------------------------------------
39	8	3
8->3
6,-1
1
----------------------------------------
40	1	11
1->7->10->11
9,12,12,-1
3
----------------------------------------
41	10	11
10->11
13,-1
1
----------------------------------------
42	0	9
0->3->8->9
7,13,7,-1
3
----------------------------------------
43	11	6
11->10->7->6
5,14,13,-1
3
----------------------------------------
44	9	3
9->8->3
8,8,-1
2
----------------------------------------
45	4	12
4->5->12
12,12,-1
2
----------------------------------------
46	6	1
6->7->1
12,14,-1
2
----------------------------------------
47	9	8
9->8
9,-1
1
----------------------------------------
48	4	8
4->3->8
13,15,-1
2
----------------------------------------
49	10	2
10->7->1->2
15,15,11,-1
3
----------------------------------------
50	2	8
2->0->3->8
7,8,16,-1
3
----------------------------------------
51	9	10
9->10
10,-1
1
----------------------------------------
52	10	5
10->13->5
17,5,-1
2
----------------------------------------
53	0	5
0->2->5
9,8,-1
2
----------------------------------------
54	12	13
12->5->13
8,15,-1
2
----------------------------------------
55	8	6
8->3->4->6
12,17,14,-1
3
----------------------------------------
56	12	0
12->5->2->0
9,16,9,-1
3
----------------------------------------
57	5	6
5->4->6
17,15,-1
2
----------------------------------------
58	8	1
8->3->0->1
13,18,11,-1
3
----------------------------------------
59	4	2
4->5->2
16,18,-1
2
----------------------------------------
60	13	0
13->5->2->0
7,19,11,-1
3
----------------------------------------
61	4	12
4->5->12
17,20,-1
2
----------------------------------------
62	13	6
13->5->4->6
8,21,18,-1
3
----------------------------------------
63	10	6
10->7->6
18,16,-1
2
----------------------------------------
64	5	12
5->12
22,-1
1
----------------------------------------
65	13	4
13->5->4
9,23,-1
2
----------------------------------------
66	11	2
11->12->5->2
6,12,24,-1
3
----------------------------------------
67	12	1
12->5->2->1
13,25,13,-1
3
----------------------------------------
68	2	0
2->0
14,-1
1
----------------------------------------
69	11	1
11->10->7->1
7,19,17,-1
3
----------------------------------------
70	0	1
0->1
14,-1
1
----------------------------------------
71	3	9
3->8->9
19,14,-1
2
----------------------------------------
72	11	7
11->10->7
8,20,-1
2
----------------------------------------
73	13	9
13->10->9
10,21,-1
2
----------------------------------------
74	5	0
5->2->0
26,15,-1
2
----------------------------------------
75	12	11
12->11
14,-1
1
----------------------------------------
76	13	1
13->5->2->1
11,27,16,-1
3
----------------------------------------
77	7	6
7->6
19,-1
1
----------------------------------------
78	3	10
3->8->9->10
20,15,13,-1
3
----------------------------------------
79	0	1
0->1
16,-1
1
----------------------------------------
80	2	1
2->1
17,-1
1
----------------------------------------
81	4	12
4->5->12
20,28,-1
2
----------------------------------------
82	6	1
6->7->1
18,20,-1
2
----------------------------------------
83	5	3
5->4->3
29,21,-1
2
----------------------------------------
84	1	9
1->7->10->9
20,21,23,-1
3
----------------------------------------
85	7	0
7->1->0
22,21,-1
2
----------------------------------------
86	11	12
11->12
10,-1
1
----------------------------------------
87	9	5
9->12->5
15,17,-1
2
----------------------------------------
88	7	11
7->10->11
23,24,-1
2
----------------------------------------
89	2	6
2->5->4->6
18,31,22,-1
3
----------------------------------------
90	13	2
13->5->2
12,32,-1
2
----------------------------------------
91	0	9
0->3->8->9
18,22,16,-1
3
----------------------------------------
92	3	6
3->4->6
23,23,-1
2
----------------------------------------
93	9	1
9->10->7->1
17,25,24,-1
3
----------------------------------------
94	8	7
8->3->0->1->7
17,24,19,23,-1
4
----------------------------------------
95	2	11
2->5->12->11
20,33,18,-1
3
----------------------------------------
96	3	12
3->4->5->12
25,24,34,-1
3
----------------------------------------
97	2	6
2->5->4->6
21,35,25,-1
3
----------------------------------------
98	4	13
4->5->13
26,36,-1
2
----------------------------------------
99	0	12
0->2->5->12
20,22,37,-1
3
----------------------------------------
