Node 0 Forwarding Table:
3	0	2	0	
----------------------------------------
3	1	1	1	
----------------------------------------
3	2	1	2	
----------------------------------------
3	3	1	3	
----------------------------------------
-1	-1	1	4	
----------------------------------------
2	5	3	5	
----------------------------------------
-1	-1	3	6	
----------------------------------------
-1	-1	3	7	
----------------------------------------
2	8	3	8	
----------------------------------------
-1	-1	2	9	
----------------------------------------
2	10	-1	-1	
----------------------------------------
3	11	1	11	
----------------------------------------
2	12	-1	-1	
----------------------------------------
2	13	-1	-1	
----------------------------------------
-1	-1	1	14	
----------------------------------------
2	15	-1	-1	
----------------------------------------
-1	-1	1	16	
----------------------------------------
1	17	-1	-1	
----------------------------------------
-1	-1	3	18	
----------------------------------------
3	19	1	19	
----------------------------------------
-1	-1	2	20	
----------------------------------------

****************************************
Node 1 Forwarding Table:
0	0	-1	-1	
----------------------------------------
0	1	-1	-1	
----------------------------------------
0	2	7	2	
----------------------------------------
-1	-1	7	3	
----------------------------------------
7	4	-1	-1	
----------------------------------------
-1	-1	7	5	
----------------------------------------
0	6	7	6	
----------------------------------------
-1	-1	7	7	
----------------------------------------
7	8	2	8	
----------------------------------------
-1	-1	7	9	
----------------------------------------
7	10	-1	-1	
----------------------------------------
7	11	2	11	
----------------------------------------
0	12	-1	-1	
----------------------------------------
2	13	-1	-1	
----------------------------------------
7	14	-1	-1	
----------------------------------------
0	15	-1	-1	
----------------------------------------
2	16	-1	-1	
----------------------------------------
0	17	-1	-1	
----------------------------------------
2	18	-1	-1	
----------------------------------------
7	19	-1	-1	
----------------------------------------
-1	-1	7	20	
----------------------------------------
7	21	0	21	
----------------------------------------
7	22	-1	-1	
----------------------------------------
0	23	7	23	
----------------------------------------

****************************************
Node 2 Forwarding Table:
0	0	-1	-1	
----------------------------------------
-1	-1	5	1	
----------------------------------------
5	2	-1	-1	
----------------------------------------
5	3	-1	-1	
----------------------------------------
-1	-1	0	4	
----------------------------------------
1	5	-1	-1	
----------------------------------------
1	6	-1	-1	
----------------------------------------
-1	-1	0	7	
----------------------------------------
0	8	5	8	
----------------------------------------
5	9	0	9	
----------------------------------------
5	10	-1	-1	
----------------------------------------
5	11	0	11	
----------------------------------------
5	12	-1	-1	
----------------------------------------
5	13	1	13	
----------------------------------------
-1	-1	0	14	
----------------------------------------
5	15	0	15	
----------------------------------------
5	16	1	16	
----------------------------------------
-1	-1	1	17	
----------------------------------------
-1	-1	5	18	
----------------------------------------
5	19	-1	-1	
----------------------------------------
-1	-1	5	20	
----------------------------------------
-1	-1	5	21	
----------------------------------------
0	22	5	22	
----------------------------------------

****************************************
Node 3 Forwarding Table:
8	0	0	0	
----------------------------------------
4	1	8	1	
----------------------------------------
-1	-1	0	2	
----------------------------------------
-1	-1	4	3	
----------------------------------------
-1	-1	0	4	
----------------------------------------
-1	-1	0	5	
----------------------------------------
8	6	-1	-1	
----------------------------------------
4	7	8	7	
----------------------------------------
-1	-1	4	8	
----------------------------------------
0	9	8	9	
----------------------------------------
-1	-1	4	10	
----------------------------------------
0	11	4	11	
----------------------------------------
8	12	-1	-1	
----------------------------------------
0	13	8	13	
----------------------------------------
8	14	-1	-1	
----------------------------------------
4	15	8	15	
----------------------------------------
0	16	8	16	
----------------------------------------
8	17	4	17	
----------------------------------------
8	18	0	18	
----------------------------------------
-1	-1	8	19	
----------------------------------------
-1	-1	8	20	
----------------------------------------
4	21	-1	-1	
----------------------------------------
0	22	8	22	
----------------------------------------
-1	-1	4	23	
----------------------------------------
8	24	0	24	
----------------------------------------
-1	-1	4	25	
----------------------------------------

****************************************
Node 4 Forwarding Table:
-1	-1	3	0	
----------------------------------------
3	1	5	1	
----------------------------------------
-1	-1	3	2	
----------------------------------------
6	3	-1	-1	
----------------------------------------
6	4	5	4	
----------------------------------------
6	5	-1	-1	
----------------------------------------
-1	-1	5	6	
----------------------------------------
3	7	6	7	
----------------------------------------
5	8	6	8	
----------------------------------------
3	9	5	9	
----------------------------------------
3	10	6	10	
----------------------------------------
6	11	5	11	
----------------------------------------
-1	-1	5	12	
----------------------------------------
-1	-1	3	13	
----------------------------------------
3	14	6	14	
----------------------------------------
5	15	6	15	
----------------------------------------
-1	-1	5	16	
----------------------------------------
-1	-1	5	17	
----------------------------------------
5	18	6	18	
----------------------------------------
5	19	-1	-1	
----------------------------------------
-1	-1	5	20	
----------------------------------------
5	21	3	21	
----------------------------------------
5	22	6	22	
----------------------------------------
3	23	6	23	
----------------------------------------
3	24	5	24	
----------------------------------------
5	25	6	25	
----------------------------------------
-1	-1	5	26	
----------------------------------------

****************************************
Node 5 Forwarding Table:
-1	-1	12	0	
----------------------------------------
4	1	12	1	
----------------------------------------
2	2	12	2	
----------------------------------------
-1	-1	2	3	
----------------------------------------
4	4	13	4	
----------------------------------------
-1	-1	13	5	
----------------------------------------
4	6	-1	-1	
----------------------------------------
13	7	2	7	
----------------------------------------
12	8	4	8	
----------------------------------------
4	9	-1	-1	
----------------------------------------
12	10	13	10	
----------------------------------------
4	11	12	11	
----------------------------------------
4	12	12	12	
----------------------------------------
13	13	-1	-1	
----------------------------------------
2	14	-1	-1	
----------------------------------------
12	15	13	15	
----------------------------------------
12	16	2	16	
----------------------------------------
-1	-1	4	17	
----------------------------------------
4	18	2	18	
----------------------------------------
13	19	2	19	
----------------------------------------
4	20	12	20	
----------------------------------------
13	21	4	21	
----------------------------------------
-1	-1	12	22	
----------------------------------------
13	23	4	23	
----------------------------------------
12	24	2	24	
----------------------------------------
12	25	2	25	
----------------------------------------
-1	-1	2	26	
----------------------------------------
13	27	2	27	
----------------------------------------
4	28	12	28	
----------------------------------------
-1	-1	4	29	
----------------------------------------
12	30	-1	-1	
----------------------------------------
2	31	4	31	
----------------------------------------
13	32	2	32	
----------------------------------------
2	33	12	33	
----------------------------------------
4	34	12	34	
----------------------------------------
2	35	4	35	
----------------------------------------
4	36	13	36	
----------------------------------------
2	37	12	37	
----------------------------------------

****************************************
Node 6 Forwarding Table:
-1	-1	7	0	
----------------------------------------
-1	-1	4	1	
----------------------------------------
-1	-1	4	2	
----------------------------------------
-1	-1	7	3	
----------------------------------------
7	4	-1	-1	
----------------------------------------
7	5	4	5	
----------------------------------------
7	6	-1	-1	
----------------------------------------
4	7	-1	-1	
----------------------------------------
4	8	-1	-1	
----------------------------------------
4	9	-1	-1	
----------------------------------------
-1	-1	4	10	
----------------------------------------
7	11	-1	-1	
----------------------------------------
-1	-1	7	12	
----------------------------------------
4	13	-1	-1	
----------------------------------------
4	14	-1	-1	
----------------------------------------
4	15	-1	-1	
----------------------------------------
7	16	-1	-1	
----------------------------------------
7	17	-1	-1	
----------------------------------------
-1	-1	7	18	
----------------------------------------
4	19	-1	-1	
----------------------------------------
4	20	-1	-1	
----------------------------------------
4	21	-1	-1	
----------------------------------------

****************************************
Node 7 Forwarding Table:
6	0	-1	-1	
----------------------------------------
1	1	-1	-1	
----------------------------------------
1	2	10	2	
----------------------------------------
-1	-1	10	3	
----------------------------------------
6	4	1	4	
----------------------------------------
10	5	6	5	
----------------------------------------
-1	-1	6	6	
----------------------------------------
1	7	6	7	
----------------------------------------
1	8	10	8	
----------------------------------------
1	9	-1	-1	
----------------------------------------
10	10	-1	-1	
----------------------------------------
10	11	1	11	
----------------------------------------
1	12	10	12	
----------------------------------------
10	13	6	13	
----------------------------------------
6	14	1	14	
----------------------------------------
10	15	1	15	
----------------------------------------
10	16	6	16	
----------------------------------------
10	17	1	17	
----------------------------------------
10	18	-1	-1	
----------------------------------------
-1	-1	6	19	
----------------------------------------
6	20	1	20	
----------------------------------------
1	21	10	21	
----------------------------------------
-1	-1	1	22	
----------------------------------------
-1	-1	10	23	
----------------------------------------
10	24	1	24	
----------------------------------------
1	25	-1	-1	
----------------------------------------

****************************************
Node 8 Forwarding Table:
-1	-1	3	0	
----------------------------------------
3	1	-1	-1	
----------------------------------------
-1	-1	9	2	
----------------------------------------
9	3	3	3	
----------------------------------------
3	4	11	4	
----------------------------------------
3	5	-1	-1	
----------------------------------------
-1	-1	3	6	
----------------------------------------
3	7	9	7	
----------------------------------------
9	8	3	8	
----------------------------------------
9	9	-1	-1	
----------------------------------------
3	10	-1	-1	
----------------------------------------
3	11	-1	-1	
----------------------------------------
-1	-1	3	12	
----------------------------------------
-1	-1	3	13	
----------------------------------------
3	14	9	14	
----------------------------------------
3	15	9	15	
----------------------------------------
3	16	9	16	
----------------------------------------
-1	-1	3	17	
----------------------------------------

****************************************
Node 9 Forwarding Table:
12	0	-1	-1	
----------------------------------------
8	1	10	1	
----------------------------------------
-1	-1	8	2	
----------------------------------------
-1	-1	10	3	
----------------------------------------
-1	-1	10	4	
----------------------------------------
10	5	-1	-1	
----------------------------------------
12	6	10	6	
----------------------------------------
8	7	-1	-1	
----------------------------------------
-1	-1	8	8	
----------------------------------------
-1	-1	8	9	
----------------------------------------
-1	-1	10	10	
----------------------------------------
8	11	-1	-1	
----------------------------------------
10	12	-1	-1	
----------------------------------------
8	13	10	13	
----------------------------------------
10	14	-1	-1	
----------------------------------------
-1	-1	12	15	
----------------------------------------
8	16	-1	-1	
----------------------------------------
-1	-1	10	17	
----------------------------------------

****************************************
Node 10 Forwarding Table:
9	0	-1	-1	
----------------------------------------
7	1	-1	-1	
----------------------------------------
7	2	-1	-1	
----------------------------------------
13	3	-1	-1	
----------------------------------------
9	4	-1	-1	
----------------------------------------
9	5	7	5	
----------------------------------------
7	6	-1	-1	
----------------------------------------
13	7	9	7	
----------------------------------------
-1	-1	11	8	
----------------------------------------
-1	-1	11	9	
----------------------------------------
9	10	7	10	
----------------------------------------
-1	-1	7	11	
----------------------------------------
7	12	11	12	
----------------------------------------
-1	-1	11	13	
----------------------------------------
11	14	7	14	
----------------------------------------
-1	-1	7	15	
----------------------------------------
9	16	-1	-1	
----------------------------------------
-1	-1	13	17	
----------------------------------------
-1	-1	7	18	
----------------------------------------
11	19	7	19	
----------------------------------------
11	20	7	20	
----------------------------------------
13	21	9	21	
----------------------------------------
9	22	-1	-1	
----------------------------------------
7	23	9	23	
----------------------------------------
7	24	11	24	
----------------------------------------
9	25	7	25	
----------------------------------------

****************************************
Node 11 Forwarding Table:
8	0	-1	-1	
----------------------------------------
10	1	-1	-1	
----------------------------------------
10	2	-1	-1	
----------------------------------------
10	3	-1	-1	
----------------------------------------
10	4	-1	-1	
----------------------------------------
-1	-1	10	5	
----------------------------------------
-1	-1	12	6	
----------------------------------------
-1	-1	10	7	
----------------------------------------
-1	-1	10	8	
----------------------------------------
12	9	-1	-1	
----------------------------------------
-1	-1	12	10	
----------------------------------------
10	11	-1	-1	
----------------------------------------
12	12	-1	-1	
----------------------------------------

****************************************
Node 12 Forwarding Table:
5	0	-1	-1	
----------------------------------------
5	1	-1	-1	
----------------------------------------
5	2	9	2	
----------------------------------------
-1	-1	5	3	
----------------------------------------
-1	-1	9	4	
----------------------------------------
-1	-1	5	5	
----------------------------------------
5	6	-1	-1	
----------------------------------------
5	7	-1	-1	
----------------------------------------
-1	-1	5	8	
----------------------------------------
-1	-1	5	9	
----------------------------------------
5	10	-1	-1	
----------------------------------------
5	11	-1	-1	
----------------------------------------
11	12	5	12	
----------------------------------------
-1	-1	5	13	
----------------------------------------
-1	-1	11	14	
----------------------------------------
5	15	-1	-1	
----------------------------------------
11	16	-1	-1	
----------------------------------------
9	17	5	17	
----------------------------------------
5	18	11	18	
----------------------------------------
5	19	-1	-1	
----------------------------------------
5	20	-1	-1	
----------------------------------------

****************************************
Node 13 Forwarding Table:
5	0	-1	-1	
----------------------------------------
5	1	10	1	
----------------------------------------
-1	-1	5	2	
----------------------------------------
-1	-1	10	3	
----------------------------------------
5	4	-1	-1	
----------------------------------------
10	5	5	5	
----------------------------------------
5	6	-1	-1	
----------------------------------------
-1	-1	5	7	
----------------------------------------
-1	-1	5	8	
----------------------------------------
-1	-1	5	9	
----------------------------------------
-1	-1	10	10	
----------------------------------------
-1	-1	5	11	
----------------------------------------
-1	-1	5	12	
----------------------------------------
5	13	-1	-1	
----------------------------------------

****************************************
