Node 0 Forwarding Table:
3	0	2	0	
----------------------------------------
3	1	1	1	
----------------------------------------
3	2	1	2	
----------------------------------------
3	3	1	3	
----------------------------------------
-1	-1	1	4	
----------------------------------------
2	5	3	5	
----------------------------------------
-1	-1	3	6	
----------------------------------------
-1	-1	1	7	
----------------------------------------
2	8	3	8	
----------------------------------------
-1	-1	3	9	
----------------------------------------
3	10	-1	-1	
----------------------------------------
3	11	2	11	
----------------------------------------
1	12	-1	-1	
----------------------------------------
2	13	-1	-1	
----------------------------------------
3	14	1	14	
----------------------------------------
-1	-1	1	15	
----------------------------------------
3	16	1	16	
----------------------------------------
2	17	-1	-1	
----------------------------------------
-1	-1	1	18	
----------------------------------------
2	19	3	19	
----------------------------------------
1	20	-1	-1	
----------------------------------------
1	21	3	21	
----------------------------------------
3	22	1	22	
----------------------------------------
3	23	1	23	
----------------------------------------

****************************************
Node 1 Forwarding Table:
0	0	-1	-1	
----------------------------------------
0	1	-1	-1	
----------------------------------------
0	2	7	2	
----------------------------------------
-1	-1	7	3	
----------------------------------------
7	4	-1	-1	
----------------------------------------
-1	-1	7	5	
----------------------------------------
0	6	7	6	
----------------------------------------
-1	-1	7	7	
----------------------------------------
7	8	2	8	
----------------------------------------
-1	-1	7	9	
----------------------------------------
0	10	7	10	
----------------------------------------
7	11	-1	-1	
----------------------------------------
7	12	2	12	
----------------------------------------
7	13	-1	-1	
----------------------------------------
7	14	0	14	
----------------------------------------
2	15	-1	-1	
----------------------------------------
0	16	-1	-1	
----------------------------------------
0	17	-1	-1	
----------------------------------------
0	18	7	18	
----------------------------------------
2	19	-1	-1	
----------------------------------------
0	20	-1	-1	
----------------------------------------
2	21	-1	-1	
----------------------------------------
7	22	-1	-1	
----------------------------------------
-1	-1	2	23	
----------------------------------------
7	24	0	24	
----------------------------------------
7	25	0	25	
----------------------------------------
0	26	7	26	
----------------------------------------
2	27	-1	-1	
----------------------------------------
0	28	7	28	
----------------------------------------
2	29	7	29	
----------------------------------------

****************************************
Node 2 Forwarding Table:
0	0	-1	-1	
----------------------------------------
-1	-1	5	1	
----------------------------------------
5	2	-1	-1	
----------------------------------------
5	3	-1	-1	
----------------------------------------
-1	-1	0	4	
----------------------------------------
1	5	-1	-1	
----------------------------------------
1	6	-1	-1	
----------------------------------------
-1	-1	0	7	
----------------------------------------
0	8	-1	-1	
----------------------------------------
5	9	-1	-1	
----------------------------------------
5	10	1	10	
----------------------------------------
-1	-1	0	11	
----------------------------------------
5	12	0	12	
----------------------------------------
5	13	1	13	
----------------------------------------
-1	-1	1	14	
----------------------------------------
5	15	0	15	
----------------------------------------
1	16	5	16	
----------------------------------------
-1	-1	5	17	
----------------------------------------
5	18	-1	-1	
----------------------------------------
5	19	1	19	
----------------------------------------
-1	-1	1	20	
----------------------------------------

****************************************
Node 3 Forwarding Table:
8	0	0	0	
----------------------------------------
4	1	8	1	
----------------------------------------
-1	-1	0	2	
----------------------------------------
-1	-1	4	3	
----------------------------------------
-1	-1	0	4	
----------------------------------------
-1	-1	0	5	
----------------------------------------
4	6	-1	-1	
----------------------------------------
-1	-1	4	7	
----------------------------------------
0	8	8	8	
----------------------------------------
-1	-1	4	9	
----------------------------------------
0	10	4	10	
----------------------------------------
8	11	-1	-1	
----------------------------------------
4	12	-1	-1	
----------------------------------------
4	13	8	13	
----------------------------------------
0	14	8	14	
----------------------------------------
0	15	4	15	
----------------------------------------
8	16	4	16	
----------------------------------------
4	17	0	17	
----------------------------------------
4	18	0	18	
----------------------------------------
8	19	0	19	
----------------------------------------
-1	-1	8	20	
----------------------------------------
8	21	0	21	
----------------------------------------
-1	-1	8	22	
----------------------------------------
0	23	-1	-1	
----------------------------------------
0	24	8	24	
----------------------------------------
-1	-1	0	25	
----------------------------------------
8	26	0	26	
----------------------------------------

****************************************
Node 4 Forwarding Table:
-1	-1	3	0	
----------------------------------------
3	1	5	1	
----------------------------------------
5	2	3	2	
----------------------------------------
-1	-1	5	3	
----------------------------------------
6	4	-1	-1	
----------------------------------------
6	5	5	5	
----------------------------------------
5	6	6	6	
----------------------------------------
6	7	-1	-1	
----------------------------------------
-1	-1	5	8	
----------------------------------------
3	9	6	9	
----------------------------------------
5	10	6	10	
----------------------------------------
3	11	5	11	
----------------------------------------
3	12	6	12	
----------------------------------------
6	13	5	13	
----------------------------------------
5	14	3	14	
----------------------------------------
-1	-1	5	15	
----------------------------------------
-1	-1	3	16	
----------------------------------------
3	17	5	17	
----------------------------------------
3	18	6	18	
----------------------------------------
5	19	3	19	
----------------------------------------
5	20	6	20	
----------------------------------------
-1	-1	3	21	
----------------------------------------
-1	-1	6	22	
----------------------------------------
5	23	6	23	
----------------------------------------
5	24	6	24	
----------------------------------------
5	25	-1	-1	
----------------------------------------
-1	-1	6	26	
----------------------------------------
5	27	6	27	
----------------------------------------

****************************************
Node 5 Forwarding Table:
-1	-1	12	0	
----------------------------------------
4	1	12	1	
----------------------------------------
2	2	12	2	
----------------------------------------
-1	-1	2	3	
----------------------------------------
12	4	4	4	
----------------------------------------
4	5	13	5	
----------------------------------------
4	6	13	6	
----------------------------------------
-1	-1	13	7	
----------------------------------------
12	8	4	8	
----------------------------------------
4	9	-1	-1	
----------------------------------------
13	10	2	10	
----------------------------------------
12	11	4	11	
----------------------------------------
4	12	-1	-1	
----------------------------------------
4	13	12	13	
----------------------------------------
12	14	4	14	
----------------------------------------
4	15	12	15	
----------------------------------------
13	16	-1	-1	
----------------------------------------
4	17	-1	-1	
----------------------------------------
12	18	4	18	
----------------------------------------
-1	-1	4	19	
----------------------------------------
13	20	4	20	
----------------------------------------
13	21	4	21	
----------------------------------------
-1	-1	12	22	
----------------------------------------
13	23	4	23	
----------------------------------------
13	24	2	24	
----------------------------------------
12	25	2	25	
----------------------------------------
-1	-1	2	26	
----------------------------------------
13	27	2	27	
----------------------------------------
-1	-1	2	28	
----------------------------------------
2	29	12	29	
----------------------------------------
12	30	-1	-1	
----------------------------------------
2	31	4	31	
----------------------------------------
13	32	2	32	
----------------------------------------
12	33	2	33	
----------------------------------------

****************************************
Node 6 Forwarding Table:
-1	-1	7	0	
----------------------------------------
-1	-1	4	1	
----------------------------------------
-1	-1	4	2	
----------------------------------------
-1	-1	7	3	
----------------------------------------
4	4	-1	-1	
----------------------------------------
7	5	4	5	
----------------------------------------
7	6	-1	-1	
----------------------------------------
4	7	-1	-1	
----------------------------------------
4	8	-1	-1	
----------------------------------------
4	9	-1	-1	
----------------------------------------
-1	-1	4	10	
----------------------------------------
7	11	-1	-1	
----------------------------------------
-1	-1	7	12	
----------------------------------------
4	13	-1	-1	
----------------------------------------
4	14	-1	-1	
----------------------------------------
4	15	7	15	
----------------------------------------
4	16	-1	-1	
----------------------------------------
4	17	-1	-1	
----------------------------------------
7	18	-1	-1	
----------------------------------------
4	19	7	19	
----------------------------------------
-1	-1	7	20	
----------------------------------------
4	21	-1	-1	
----------------------------------------
7	22	-1	-1	
----------------------------------------

****************************************
Node 7 Forwarding Table:
6	0	-1	-1	
----------------------------------------
1	1	-1	-1	
----------------------------------------
1	2	10	2	
----------------------------------------
-1	-1	10	3	
----------------------------------------
6	4	1	4	
----------------------------------------
-1	-1	6	5	
----------------------------------------
1	6	6	6	
----------------------------------------
1	7	10	7	
----------------------------------------
1	8	-1	-1	
----------------------------------------
10	9	-1	-1	
----------------------------------------
10	10	1	10	
----------------------------------------
1	11	10	11	
----------------------------------------
1	12	10	12	
----------------------------------------
10	13	6	13	
----------------------------------------
6	14	1	14	
----------------------------------------
10	15	1	15	
----------------------------------------
10	16	1	16	
----------------------------------------
10	17	1	17	
----------------------------------------
6	18	10	18	
----------------------------------------
1	19	-1	-1	
----------------------------------------
-1	-1	6	20	
----------------------------------------
6	21	10	21	
----------------------------------------
6	22	1	22	
----------------------------------------
-1	-1	1	23	
----------------------------------------
-1	-1	1	24	
----------------------------------------
1	25	6	25	
----------------------------------------
1	26	-1	-1	
----------------------------------------
1	27	10	27	
----------------------------------------

****************************************
Node 8 Forwarding Table:
-1	-1	3	0	
----------------------------------------
3	1	-1	-1	
----------------------------------------
-1	-1	11	2	
----------------------------------------
3	3	-1	-1	
----------------------------------------
-1	-1	3	4	
----------------------------------------
9	5	-1	-1	
----------------------------------------
3	6	-1	-1	
----------------------------------------
3	7	-1	-1	
----------------------------------------
-1	-1	3	8	
----------------------------------------
-1	-1	11	9	
----------------------------------------
11	10	3	10	
----------------------------------------
3	11	9	11	
----------------------------------------
11	12	3	12	
----------------------------------------
3	13	11	13	
----------------------------------------
3	14	11	14	
----------------------------------------
-1	-1	3	15	
----------------------------------------

****************************************
Node 9 Forwarding Table:
12	0	-1	-1	
----------------------------------------
-1	-1	12	1	
----------------------------------------
-1	-1	10	2	
----------------------------------------
-1	-1	12	3	
----------------------------------------
10	4	-1	-1	
----------------------------------------
12	5	10	5	
----------------------------------------
12	6	10	6	
----------------------------------------
10	7	-1	-1	
----------------------------------------
-1	-1	12	8	
----------------------------------------
-1	-1	8	9	
----------------------------------------
-1	-1	10	10	
----------------------------------------
12	11	10	11	
----------------------------------------
10	12	12	12	
----------------------------------------
8	13	-1	-1	
----------------------------------------
10	14	-1	-1	
----------------------------------------
12	15	10	15	
----------------------------------------
10	16	12	16	
----------------------------------------
12	17	-1	-1	
----------------------------------------
10	18	12	18	
----------------------------------------
-1	-1	12	19	
----------------------------------------
-1	-1	12	20	
----------------------------------------

****************************************
Node 10 Forwarding Table:
11	0	-1	-1	
----------------------------------------
7	1	-1	-1	
----------------------------------------
7	2	-1	-1	
----------------------------------------
13	3	11	3	
----------------------------------------
13	4	-1	-1	
----------------------------------------
9	5	-1	-1	
----------------------------------------
7	6	-1	-1	
----------------------------------------
13	7	9	7	
----------------------------------------
-1	-1	11	8	
----------------------------------------
-1	-1	11	9	
----------------------------------------
9	10	7	10	
----------------------------------------
-1	-1	7	11	
----------------------------------------
9	12	13	12	
----------------------------------------
7	13	11	13	
----------------------------------------
-1	-1	11	14	
----------------------------------------
7	15	9	15	
----------------------------------------
11	16	7	16	
----------------------------------------
-1	-1	7	17	
----------------------------------------
9	18	-1	-1	
----------------------------------------
-1	-1	13	19	
----------------------------------------
9	20	13	20	
----------------------------------------
11	21	7	21	
----------------------------------------
13	22	7	22	
----------------------------------------
7	23	9	23	
----------------------------------------
-1	-1	13	24	
----------------------------------------
11	25	13	25	
----------------------------------------
13	26	9	26	
----------------------------------------
9	27	11	27	
----------------------------------------
11	28	-1	-1	
----------------------------------------
7	29	9	29	
----------------------------------------
11	30	9	30	
----------------------------------------
7	31	11	31	
----------------------------------------

****************************************
Node 11 Forwarding Table:
8	0	10	0	
----------------------------------------
10	1	-1	-1	
----------------------------------------
10	2	-1	-1	
----------------------------------------
10	3	-1	-1	
----------------------------------------
10	4	-1	-1	
----------------------------------------
10	5	-1	-1	
----------------------------------------
-1	-1	10	6	
----------------------------------------
8	7	10	7	
----------------------------------------
-1	-1	10	8	
----------------------------------------
-1	-1	8	9	
----------------------------------------
-1	-1	8	10	
----------------------------------------
10	11	-1	-1	
----------------------------------------
8	12	10	12	
----------------------------------------
-1	-1	10	13	
----------------------------------------
8	14	-1	-1	
----------------------------------------
10	15	-1	-1	
----------------------------------------

****************************************
Node 12 Forwarding Table:
5	0	-1	-1	
----------------------------------------
5	1	-1	-1	
----------------------------------------
5	2	9	2	
----------------------------------------
9	3	5	3	
----------------------------------------
9	4	5	4	
----------------------------------------
-1	-1	5	5	
----------------------------------------
-1	-1	9	6	
----------------------------------------
-1	-1	9	7	
----------------------------------------
5	8	-1	-1	
----------------------------------------
9	9	5	9	
----------------------------------------
5	10	-1	-1	
----------------------------------------
-1	-1	9	11	
----------------------------------------
-1	-1	5	12	
----------------------------------------
9	13	-1	-1	
----------------------------------------
5	14	-1	-1	
----------------------------------------
-1	-1	5	15	
----------------------------------------
-1	-1	9	16	
----------------------------------------
9	17	-1	-1	
----------------------------------------
5	18	9	18	
----------------------------------------
9	19	-1	-1	
----------------------------------------
9	20	5	20	
----------------------------------------
9	21	5	21	
----------------------------------------

****************************************
Node 13 Forwarding Table:
5	0	10	0	
----------------------------------------
5	1	-1	-1	
----------------------------------------
5	2	10	2	
----------------------------------------
-1	-1	5	3	
----------------------------------------
-1	-1	10	4	
----------------------------------------
10	5	-1	-1	
----------------------------------------
10	6	5	6	
----------------------------------------
10	7	-1	-1	
----------------------------------------
-1	-1	10	8	
----------------------------------------
-1	-1	5	9	
----------------------------------------
10	10	5	10	
----------------------------------------
-1	-1	5	11	
----------------------------------------
10	12	5	12	
----------------------------------------
-1	-1	10	13	
----------------------------------------
-1	-1	5	14	
----------------------------------------
-1	-1	5	15	
----------------------------------------

****************************************
