0	5	12
5->12
0,-1
0.9
----------------------------------------
1	8	2
8->3->0->2
0,0,0,-1
1.6
----------------------------------------
2	4	8
4->3->8
0,1,-1
1.2000000000000002
----------------------------------------
3	3	1
3->0->1
2,1,-1
0.7000000000000001
----------------------------------------
4	3	12
3->4->5->12
3,1,1,-1
1.4
----------------------------------------
5	2	9
2->5->12->9
1,2,2,-1
1.5999999999999999
----------------------------------------
6	6	7
6->7
0,-1
0.9
----------------------------------------
7	3	1
3->0->1
4,2,-1
0.7000000000000001
----------------------------------------
8	5	2
5->2
3,-1
0.5
----------------------------------------
9	3	7
3->0->1->7
5,3,2,-1
1.2000000000000002
----------------------------------------
10	8	10
8->11->10
2,0,-1
0.6
----------------------------------------
11	9	3
9->12->5->4->3
1,3,4,2,-1
1.6
----------------------------------------
12	1	10
1->7->10
3,2,-1
0.9
----------------------------------------
13	7	10
7->10
3,-1
0.4
----------------------------------------
14	4	11
4->5->13->10->11
3,5,0,3,-1
1.3
----------------------------------------
15	6	4
6->4
1,-1
0.30000000000000004
----------------------------------------
16	6	13
6->4->5->13
2,5,6,-1
1.2000000000000002
----------------------------------------
17	5	10
5->13->10
7,2,-1
1.0
----------------------------------------
18	9	10
9->10
2,-1
0.30000000000000004
----------------------------------------
19	6	1
6->7->1
3,4,-1
1.4
----------------------------------------
20	9	6
9->12->5->4->6
3,4,8,6,-1
1.5000000000000002
----------------------------------------
21	7	4
7->6->4
5,5,-1
1.2000000000000002
----------------------------------------
22	1	6
1->7->6
5,6,-1
1.4
----------------------------------------
23	4	5
4->5
8,-1
0.09999999999999998
----------------------------------------
24	0	10
0->1->7->10
4,6,7,-1
1.3
----------------------------------------
25	3	6
3->4->6
7,9,-1
0.7000000000000001
----------------------------------------
26	13	2
13->5->2
3,10,-1
1.3
----------------------------------------
27	13	9
13->10->9
4,7,-1
0.5
----------------------------------------
28	2	8
2->0->3->8
4,5,8,-1
1.6
----------------------------------------
29	12	6
12->5->4->6
5,11,10,-1
1.3
----------------------------------------
30	3	5
3->4->5
9,11,-1
0.5
----------------------------------------
31	10	11
10->11
8,-1
0.19999999999999996
----------------------------------------
32	1	7
1->7
7,-1
0.5
----------------------------------------
33	0	6
0->3->4->6
6,10,12,-1
1.0
----------------------------------------
34	10	11
10->11
9,-1
0.19999999999999996
----------------------------------------
35	12	7
12->9->10->7
6,5,10,-1
0.9
----------------------------------------
36	10	2
10->7->1->2
11,10,8,-1
1.5
----------------------------------------
37	12	13
12->9->10->13
7,6,12,-1
0.7
----------------------------------------
38	6	12
6->4->5->12
10,13,13,-1
1.3
----------------------------------------
39	8	3
8->3
4,-1
0.8
----------------------------------------
40	1	11
1->7->10->11
9,11,13,-1
1.1
----------------------------------------
41	10	11
10->11
14,-1
0.19999999999999996
----------------------------------------
42	0	9
0->1->7->10->9
7,10,12,15,-1
1.6
----------------------------------------
43	11	6
11->10->7->6
6,16,13,-1
1.5
----------------------------------------
44	9	3
9->12->5->4->3
8,9,14,14,-1
1.6
----------------------------------------
45	4	12
4->5->12
15,15,-1
1.0
----------------------------------------
46	6	1
6->7->1
12,14,-1
1.4
----------------------------------------
47	9	8
9->8
9,-1
0.9
----------------------------------------
48	4	8
4->3->8
16,13,-1
1.2000000000000002
----------------------------------------
49	10	2
10->7->1->2
17,15,12,-1
1.5
----------------------------------------
50	2	8
2->0->3->8
7,8,14,-1
1.6
----------------------------------------
51	9	10
9->10
10,-1
0.30000000000000004
----------------------------------------
52	10	5
10->13->5
19,6,-1
1.0
----------------------------------------
53	0	5
0->3->4->5
9,15,17,-1
0.8
----------------------------------------
54	12	13
12->9->10->13
11,11,20,-1
0.7
----------------------------------------
55	8	6
8->3->4->6
8,16,18,-1
1.5000000000000002
----------------------------------------
56	12	0
12->5->4->3->0
12,18,19,17,-1
1.7
----------------------------------------
57	5	6
5->4->6
19,20,-1
0.4
----------------------------------------
58	8	1
8->11->10->7->1
9,7,21,16,-1
1.5
----------------------------------------
59	4	2
4->5->2
21,20,-1
0.6
----------------------------------------
60	13	0
13->10->7->1->0
8,22,17,14,-1
1.5
----------------------------------------
61	4	12
4->5->12
22,21,-1
1.0
----------------------------------------
62	13	6
13->5->4->6
9,22,23,-1
1.2000000000000002
----------------------------------------
63	10	6
10->7->6
23,18,-1
1.3
----------------------------------------
64	5	12
5->12
23,-1
0.9
----------------------------------------
65	13	4
13->5->4
10,24,-1
0.9
----------------------------------------
66	11	2
11->10->13->5->2
8,24,11,25,-1
1.7
----------------------------------------
67	12	1
12->9->10->7->1
15,12,25,19,-1
1.4
----------------------------------------
68	2	0
2->0
10,-1
0.5
----------------------------------------
69	11	1
11->8->3->0->1
9,10,18,13,-1
1.9000000000000004
----------------------------------------
70	0	1
0->1
14,-1
0.4
----------------------------------------
71	3	9
3->4->5->12->9
19,25,26,16,-1
1.5999999999999999
----------------------------------------
72	11	7
11->8->3->0->1->7
10,11,20,15,18,-1
2.4000000000000004
----------------------------------------
73	13	9
13->10->9
12,26,-1
0.5
----------------------------------------
74	5	0
5->4->3->0
27,26,21,-1
0.8
----------------------------------------
75	12	11
12->9->10->11
17,15,27,-1
0.7
----------------------------------------
76	13	1
13->5->2->1
13,28,11,-1
1.9
----------------------------------------
77	7	6
7->6
21,-1
0.9
----------------------------------------
78	3	10
3->8->11->10
22,12,12,-1
1.4000000000000001
----------------------------------------
79	0	1
0->1
17,-1
0.4
----------------------------------------
80	2	1
2->1
12,-1
0.6
----------------------------------------
81	4	12
4->6->7->10->9->12
27,18,22,29,16,-1
2.1
----------------------------------------
82	6	1
6->7->1
19,23,-1
1.4
----------------------------------------
83	5	3
5->4->3
29,28,-1
0.5
----------------------------------------
84	1	9
1->7->10->9
23,24,30,-1
1.2000000000000002
----------------------------------------
85	7	0
7->1->0
25,24,-1
0.9
----------------------------------------
86	11	12
11->10->9->12
13,31,18,-1
0.7
----------------------------------------
87	9	5
9->12->5
19,20,-1
1.1
----------------------------------------
88	7	11
7->10->11
26,32,-1
0.6
----------------------------------------
89	2	6
2->5->4->6
13,31,29,-1
0.9
----------------------------------------
90	13	2
13->5->2
14,32,-1
1.3
----------------------------------------
91	0	9
0->1->7->10->9
19,25,27,33,-1
1.6
----------------------------------------
92	3	6
3->0->1->7->6
24,20,26,28,-1
2.1
----------------------------------------
93	9	1
9->12->5->2->1
21,21,33,15,-1
2.2
----------------------------------------
94	8	7
8->3->0->1->7
13,25,21,28,-1
2.0
----------------------------------------
95	2	11
2->1->7->10->11
16,29,30,34,-1
1.7
----------------------------------------
96	3	12
3->8->9->12
26,14,22,-1
1.9000000000000001
----------------------------------------
97	2	6
2->5->4->6
17,34,30,-1
0.9
----------------------------------------
