0	10	6
10->7->6
0,0,-1
5
----------------------------------------
1	1	10
1->7->10
0,1,-1
7
----------------------------------------
2	11	12
11->12
0,-1
3
----------------------------------------
3	4	6
4->6
0,-1
2
----------------------------------------
4	7	12
7->10->9->12
2,2,0,-1
10
----------------------------------------
5	13	11
13->10->11
0,3,-1
7
----------------------------------------
6	10	1
10->7->1
4,3,-1
6
----------------------------------------
7	7	10
7->10
4,-1
4
----------------------------------------
8	3	12
3->8->9->12
0,0,1,-1
9
----------------------------------------
9	1	4
1->7->6->4
2,5,2,-1
8
----------------------------------------
10	10	1
10->7->1
6,6,-1
6
----------------------------------------
11	8	4
8->3->4
1,1,-1
6
----------------------------------------
12	9	0
9->8->3->0
2,2,2,-1
9
----------------------------------------
13	13	12
13->5->12
1,0,-1
7
----------------------------------------
14	7	3
7->6->4->3
7,3,3,-1
8
----------------------------------------
15	6	4
6->4
4,-1
3
----------------------------------------
16	8	11
8->11
3,-1
3
----------------------------------------
17	2	10
2->1->7->10
0,4,8,-1
10
----------------------------------------
18	2	13
2->5->13
1,1,-1
6
----------------------------------------
19	2	8
2->0->3->8
2,1,4,-1
9
----------------------------------------
20	6	10
6->7->10
5,9,-1
7
----------------------------------------
21	8	0
8->3->0
5,5,-1
6
----------------------------------------
22	11	1
11->10->7->1
3,9,10,-1
10
----------------------------------------
23	7	5
7->6->4->5
11,6,5,-1
9
----------------------------------------
24	4	8
4->3->8
6,6,-1
6
----------------------------------------
25	6	1
6->7->1
7,12,-1
6
----------------------------------------
26	4	10
4->6->7->10
7,8,13,-1
9
----------------------------------------
27	1	11
1->0->3->8->11
7,3,7,7,-1
12
----------------------------------------
28	9	5
9->12->5
3,4,-1
7
----------------------------------------
29	13	2
13->5->2
3,4,-1
7
----------------------------------------
30	6	9
6->4->3->8->9
9,8,8,8,-1
12
----------------------------------------
31	2	12
2->5->12
4,5,-1
7
----------------------------------------
32	4	3
4->3
9,-1
3
----------------------------------------
33	2	10
2->1->7->10
5,8,14,-1
10
----------------------------------------
34	2	6
2->1->7->6
6,9,15,-1
8
----------------------------------------
35	2	3
2->0->3
7,4,-1
6
----------------------------------------
36	0	1
0->1
5,-1
3
----------------------------------------
37	4	1
4->6->7->1
10,11,16,-1
8
----------------------------------------
38	13	9
13->10->9
4,12,-1
7
----------------------------------------
39	5	11
5->12->11
6,6,-1
6
----------------------------------------
40	13	4
13->5->4
5,7,-1
7
----------------------------------------
41	5	3
5->4->3
8,12,-1
6
----------------------------------------
42	8	10
8->9->10
9,6,-1
7
----------------------------------------
43	11	12
11->12
6,-1
3
----------------------------------------
44	1	0
1->0
12,-1
3
----------------------------------------
45	13	0
13->5->2->0
6,9,8,-1
10
----------------------------------------
46	10	0
10->7->1->0
14,17,13,-1
9
----------------------------------------
47	8	9
8->9
10,-1
3
----------------------------------------
48	2	7
2->1->7
9,14,-1
6
----------------------------------------
49	10	8
10->9->8
15,8,-1
6
----------------------------------------
50	11	0
11->8->3->0
7,12,12,-1
9
----------------------------------------
51	11	9
11->8->9
8,13,-1
6
----------------------------------------
52	8	3
8->3
14,-1
3
----------------------------------------
53	9	12
9->12
10,-1
3
----------------------------------------
54	4	2
4->5->2
13,10,-1
7
----------------------------------------
55	13	12
13->5->12
7,11,-1
7
----------------------------------------
56	1	13
1->2->5->13
15,11,12,-1
9
----------------------------------------
57	1	6
1->7->6
16,19,-1
5
----------------------------------------
58	3	4
3->4
14,-1
3
----------------------------------------
59	10	6
10->7->6
16,20,-1
5
----------------------------------------
60	6	5
6->4->5
14,15,-1
7
----------------------------------------
61	5	1
5->2->1
14,12,-1
6
----------------------------------------
62	4	9
4->3->8->9
16,15,15,-1
9
----------------------------------------
63	13	3
13->5->4->3
9,15,17,-1
10
----------------------------------------
64	1	13
1->2->5->13
18,13,16,-1
9
----------------------------------------
65	2	11
2->5->12->11
14,17,10,-1
10
----------------------------------------
66	5	6
5->4->6
18,18,-1
5
----------------------------------------
67	7	9
7->6->4->3->8->9
21,16,19,17,16,-1
14
----------------------------------------
68	7	13
7->6->4->5->13
22,17,20,19,-1
11
----------------------------------------
69	9	4
9->8->3->4
13,17,18,-1
9
----------------------------------------
70	12	9
12->9
11,-1
3
----------------------------------------
71	2	4
2->5->4
15,20,-1
7
----------------------------------------
72	6	9
6->4->3->8->9
18,23,19,18,-1
12
----------------------------------------
73	0	8
0->3->8
10,20,-1
6
----------------------------------------
74	3	13
3->4->5->13
21,24,21,-1
9
----------------------------------------
75	11	5
11->12->5
10,12,-1
7
----------------------------------------
76	5	4
5->4
23,-1
3
----------------------------------------
77	9	8
9->8
16,-1
3
----------------------------------------
78	2	4
2->5->4
16,24,-1
7
----------------------------------------
79	8	4
8->3->4
21,22,-1
6
----------------------------------------
80	8	9
8->9
22,-1
3
----------------------------------------
81	9	0
9->8->3->0
18,23,23,-1
9
----------------------------------------
82	2	4
2->5->4
17,25,-1
7
----------------------------------------
83	9	11
9->8->11
19,24,-1
6
----------------------------------------
84	10	1
10->7->1
17,23,-1
6
----------------------------------------
85	13	0
13->5->2->0
13,26,18,-1
10
----------------------------------------
86	10	7
10->7
18,-1
3
----------------------------------------
87	7	12
7->6->4->5->12
25,19,29,27,-1
12
----------------------------------------
88	4	2
4->5->2
30,28,-1
7
----------------------------------------
89	8	10
8->11->10
25,12,-1
7
----------------------------------------
90	11	3
11->8->3
13,26,-1
6
----------------------------------------
91	5	3
5->2->0->3
29,20,13,-1
9
----------------------------------------
92	0	13
0->2->5->13
14,21,30,-1
9
----------------------------------------
93	0	12
0->2->5->12
15,22,31,-1
10
----------------------------------------
94	10	9
10->9
20,-1
3
----------------------------------------
95	13	11
13->10->11
15,21,-1
7
----------------------------------------
96	11	9
11->12->9
15,15,-1
6
----------------------------------------
97	4	0
4->5->2->0
31,32,23,-1
10
----------------------------------------
98	5	12
5->12
33,-1
3
----------------------------------------
99	8	12
8->11->12
27,16,-1
6
----------------------------------------
100	3	7
3->4->6->7
26,32,20,-1
8
----------------------------------------
101	9	13
9->10->13
22,22,-1
6
----------------------------------------
102	11	4
11->8->3->4
17,28,27,-1
9
----------------------------------------
103	11	2
11->12->5->2
18,18,34,-1
10
----------------------------------------
104	1	10
1->2->5->13->10
20,25,35,17,-1
13
----------------------------------------
105	13	0
13->5->2->0
18,36,26,-1
10
----------------------------------------
106	10	13
10->13
24,-1
2
----------------------------------------
107	12	8
12->9->8
19,23,-1
6
----------------------------------------
108	5	7
5->4->6->7
37,34,21,-1
8
----------------------------------------
109	9	1
9->10->7->1
24,25,28,-1
10
----------------------------------------
110	1	10
1->2->5->13->10
22,27,38,20,-1
13
----------------------------------------
111	7	10
7->6->4->5->13->10
29,22,35,39,21,-1
15
----------------------------------------
112	12	8
12->9->8
20,25,-1
6
----------------------------------------
113	10	11
10->11
28,-1
3
----------------------------------------
114	11	12
11->12
20,-1
3
----------------------------------------
115	1	5
1->2->5
23,28,-1
7
----------------------------------------
116	2	13
2->5->13
29,41,-1
6
----------------------------------------
117	10	7
10->13->5->4->6->7
29,23,42,36,23,-1
14
----------------------------------------
118	8	11
8->11
31,-1
3
----------------------------------------
119	1	6
1->7->6
24,31,-1
5
----------------------------------------
120	0	1
0->1
18,-1
3
----------------------------------------
121	2	8
2->0->3->8
30,19,28,-1
9
----------------------------------------
122	11	10
11->10
22,-1
4
----------------------------------------
123	2	7
2->1->7
31,26,-1
6
----------------------------------------
124	12	13
12->5->13
22,43,-1
6
----------------------------------------
125	2	11
2->5->12->11
32,44,23,-1
10
----------------------------------------
126	4	11
4->5->12->11
37,45,24,-1
10
----------------------------------------
127	1	6
1->7->6
27,33,-1
5
----------------------------------------
128	9	12
9->12
26,-1
3
----------------------------------------
129	10	2
10->13->5->2
31,25,46,-1
9
----------------------------------------
130	8	10
8->11->10
33,25,-1
7
----------------------------------------
131	7	0
7->1->0
34,28,-1
6
----------------------------------------
132	9	3
9->12->5->4->3
27,26,47,38,-1
13
----------------------------------------
133	13	10
13->10
26,-1
4
----------------------------------------
134	5	7
5->4->6->7
48,39,26,-1
8
----------------------------------------
135	7	0
7->1->0
36,29,-1
6
----------------------------------------
136	12	5
12->5
27,-1
4
----------------------------------------
137	5	13
5->13
50,-1
2
----------------------------------------
138	11	8
11->8
26,-1
3
----------------------------------------
139	3	1
3->0->1
30,22,-1
6
----------------------------------------
140	10	8
10->11->8
34,27,-1
6
----------------------------------------
141	12	1
12->5->2->1
28,51,34,-1
10
----------------------------------------
142	0	7
0->1->7
23,32,-1
6
----------------------------------------
143	10	9
10->9
35,-1
3
----------------------------------------
144	0	11
0->1->7->10->11
24,33,38,36,-1
13
----------------------------------------
145	0	4
0->3->4
25,31,-1
6
----------------------------------------
146	11	10
11->10
29,-1
4
----------------------------------------
147	8	10
8->11->10
36,30,-1
7
----------------------------------------
148	5	12
5->12
52,-1
3
----------------------------------------
149	6	12
6->4->5->12
27,41,53,-1
10
----------------------------------------
150	7	1
7->1
39,-1
3
----------------------------------------
151	8	9
8->11->12->9
37,31,31,-1
9
----------------------------------------
152	11	13
11->10->13
32,39,-1
6
----------------------------------------
153	3	2
3->0->2
32,26,-1
6
----------------------------------------
154	3	8
3->8
33,-1
3
----------------------------------------
155	2	0
2->0
36,-1
3
----------------------------------------
156	6	0
6->7->1->0
28,40,35,-1
9
----------------------------------------
157	11	8
11->8
33,-1
3
----------------------------------------
158	0	2
0->2
29,-1
3
----------------------------------------
159	13	10
13->10
29,-1
4
----------------------------------------
160	3	0
3->0
34,-1
3
----------------------------------------
161	13	9
13->10->9
30,41,-1
7
----------------------------------------
162	2	1
2->1
38,-1
3
----------------------------------------
163	7	1
7->1
41,-1
3
----------------------------------------
164	4	6
4->6
42,-1
2
----------------------------------------
165	3	0
3->0
35,-1
3
----------------------------------------
166	11	9
11->12->9
34,32,-1
6
----------------------------------------
167	13	10
13->10
31,-1
4
----------------------------------------
168	10	11
10->11
43,-1
3
----------------------------------------
169	5	13
5->13
54,-1
2
----------------------------------------
170	1	2
1->2
38,-1
3
----------------------------------------
171	2	0
2->0
40,-1
3
----------------------------------------
172	5	11
5->12->11
55,33,-1
6
----------------------------------------
173	4	9
4->5->12->9
43,56,34,-1
10
----------------------------------------
174	9	11
9->12->11
33,35,-1
6
----------------------------------------
175	4	7
4->6->7
44,30,-1
5
----------------------------------------
176	12	2
12->5->2
36,57,-1
7
----------------------------------------
177	8	10
8->11->10
40,38,-1
7
----------------------------------------
178	11	13
11->10->13
39,45,-1
6
----------------------------------------
179	7	0
7->1->0
43,39,-1
6
----------------------------------------
180	10	13
10->13
46,-1
2
----------------------------------------
181	9	11
9->12->11
34,37,-1
6
----------------------------------------
182	2	0
2->0
42,-1
3
----------------------------------------
183	6	3
6->7->1->0->3
31,44,40,35,-1
12
----------------------------------------
184	3	12
3->4->5->12
37,45,58,-1
10
----------------------------------------
185	3	2
3->0->2
38,36,-1
6
----------------------------------------
186	0	3
0->3
37,-1
3
----------------------------------------
187	12	10
12->9->10
39,35,-1
7
----------------------------------------
188	3	2
3->0->2
40,38,-1
6
----------------------------------------
