0	10	6
10->7->6
0,0,-1
5
----------------------------------------
1	1	10
1->7->10
0,1,-1
7
----------------------------------------
2	11	12
11->12
0,-1
3
----------------------------------------
3	4	6
4->6
0,-1
2
----------------------------------------
4	7	12
7->10->9->12
2,2,0,-1
10
----------------------------------------
5	13	11
13->10->11
0,3,-1
7
----------------------------------------
6	10	1
10->7->1
4,3,-1
6
----------------------------------------
7	7	10
7->10
4,-1
4
----------------------------------------
8	3	12
3->8->9->12
0,0,1,-1
9
----------------------------------------
9	1	4
1->7->6->4
2,5,2,-1
8
----------------------------------------
10	10	1
10->7->1
6,6,-1
6
----------------------------------------
11	8	4
8->3->4
1,1,-1
6
----------------------------------------
12	9	0
9->8->3->0
2,2,2,-1
9
----------------------------------------
13	13	12
13->5->12
1,0,-1
7
----------------------------------------
14	7	3
7->6->4->3
7,3,3,-1
8
----------------------------------------
15	6	4
6->4
4,-1
3
----------------------------------------
16	8	11
8->11
3,-1
3
----------------------------------------
17	2	10
2->1->7->10
0,4,8,-1
10
----------------------------------------
18	2	13
2->5->13
1,1,-1
6
----------------------------------------
19	2	8
2->0->3->8
2,1,4,-1
9
----------------------------------------
20	6	10
6->7->10
5,9,-1
7
----------------------------------------
21	8	0
8->3->0
5,5,-1
6
----------------------------------------
22	11	1
11->10->7->1
3,9,10,-1
10
----------------------------------------
23	7	5
7->6->4->5
11,6,5,-1
9
----------------------------------------
24	4	8
4->3->8
6,6,-1
6
----------------------------------------
25	6	1
6->7->1
7,12,-1
6
----------------------------------------
26	4	10
4->6->7->10
7,8,13,-1
9
----------------------------------------
27	1	11
1->0->3->8->11
7,3,7,7,-1
12
----------------------------------------
28	9	5
9->12->5
3,4,-1
7
----------------------------------------
29	13	2
13->5->2
3,4,-1
7
----------------------------------------
30	6	9
6->4->3->8->9
9,8,8,8,-1
12
----------------------------------------
31	2	12
2->5->12
4,5,-1
7
----------------------------------------
32	4	3
4->3
9,-1
3
----------------------------------------
33	2	10
2->5->13->10
5,6,4,-1
10
----------------------------------------
34	2	6
2->1->7->6
6,8,14,-1
8
----------------------------------------
35	2	3
2->0->3
7,4,-1
6
----------------------------------------
36	0	1
0->1
5,-1
3
----------------------------------------
37	4	1
4->6->7->1
10,11,15,-1
8
----------------------------------------
38	13	9
13->10->9
5,12,-1
7
----------------------------------------
39	5	11
5->12->11
7,6,-1
6
----------------------------------------
40	13	4
13->5->4
6,8,-1
7
----------------------------------------
41	5	3
5->4->3
9,12,-1
6
----------------------------------------
42	8	10
8->9->10
9,6,-1
7
----------------------------------------
43	11	12
11->12
6,-1
3
----------------------------------------
44	1	0
1->0
11,-1
3
----------------------------------------
45	13	0
13->5->2->0
7,10,8,-1
10
----------------------------------------
46	10	0
10->7->1->0
14,16,12,-1
9
----------------------------------------
47	8	9
8->9
10,-1
3
----------------------------------------
48	2	7
2->1->7
9,13,-1
6
----------------------------------------
49	10	8
10->9->8
15,8,-1
6
----------------------------------------
50	11	0
11->8->3->0
7,12,12,-1
9
----------------------------------------
51	11	9
11->8->9
8,13,-1
6
----------------------------------------
52	8	3
8->3
14,-1
3
----------------------------------------
53	9	12
9->12
10,-1
3
----------------------------------------
54	4	2
4->5->2
13,11,-1
7
----------------------------------------
55	13	12
13->5->12
8,12,-1
7
----------------------------------------
56	1	13
1->2->5->13
14,11,13,-1
9
----------------------------------------
57	1	6
1->7->6
15,18,-1
5
----------------------------------------
58	3	4
3->4
14,-1
3
----------------------------------------
59	10	6
10->7->6
16,19,-1
5
----------------------------------------
60	6	5
6->4->5
14,15,-1
7
----------------------------------------
61	5	1
5->2->1
15,12,-1
6
----------------------------------------
62	4	9
4->3->8->9
16,15,15,-1
9
----------------------------------------
63	13	3
13->5->4->3
10,16,17,-1
10
----------------------------------------
64	1	13
1->2->5->13
17,13,17,-1
9
----------------------------------------
65	2	11
2->5->12->11
14,18,10,-1
10
----------------------------------------
66	5	6
5->4->6
19,18,-1
5
----------------------------------------
67	7	13
7->6->4->5->13
20,16,19,20,-1
11
----------------------------------------
68	9	4
9->8->3->4
12,16,17,-1
9
----------------------------------------
69	12	9
12->9
11,-1
3
----------------------------------------
70	2	4
2->5->4
15,21,-1
7
----------------------------------------
71	0	8
0->3->8
10,18,-1
6
----------------------------------------
72	3	13
3->4->5->13
19,22,22,-1
9
----------------------------------------
73	11	5
11->12->5
10,12,-1
7
----------------------------------------
74	5	4
5->4
24,-1
3
----------------------------------------
75	9	8
9->8
14,-1
3
----------------------------------------
76	2	4
2->5->4
16,25,-1
7
----------------------------------------
77	8	4
8->3->4
19,20,-1
6
----------------------------------------
78	8	9
8->11->12->9
20,11,13,-1
9
----------------------------------------
79	9	0
9->10->7->1->0
16,17,21,18,-1
13
----------------------------------------
80	2	4
2->5->4
17,26,-1
7
----------------------------------------
81	9	11
9->8->11
17,21,-1
6
----------------------------------------
82	10	1
10->13->5->2->1
18,14,27,18,-1
12
----------------------------------------
83	13	0
13->5->2->0
15,28,19,-1
10
----------------------------------------
84	10	7
10->13->5->4->6->7
19,16,29,27,17,-1
14
----------------------------------------
85	7	12
7->6->4->5->12
23,18,28,30,-1
12
----------------------------------------
86	4	2
4->5->2
29,31,-1
7
----------------------------------------
87	8	10
8->11->10
22,13,-1
7
----------------------------------------
88	11	3
11->8->3
14,23,-1
6
----------------------------------------
89	5	3
5->2->0->3
32,21,13,-1
9
----------------------------------------
90	0	13
0->2->5->13
14,22,33,-1
9
----------------------------------------
91	0	12
0->2->5->12
15,23,34,-1
10
----------------------------------------
92	10	9
10->9
21,-1
3
----------------------------------------
93	13	11
13->10->11
18,22,-1
7
----------------------------------------
94	11	9
11->12->9
16,16,-1
6
----------------------------------------
95	4	0
4->5->2->0
30,35,24,-1
10
----------------------------------------
96	5	12
5->12
36,-1
3
----------------------------------------
97	8	12
8->11->12
24,17,-1
6
----------------------------------------
98	3	7
3->4->6->7
23,31,19,-1
8
----------------------------------------
99	9	13
9->10->13
20,23,-1
6
----------------------------------------
100	11	2
11->12->5->2
18,19,37,-1
10
----------------------------------------
101	10	13
10->13
24,-1
2
----------------------------------------
102	12	8
12->9->8
20,21,-1
6
----------------------------------------
103	7	10
7->6->4->5->13->10
25,20,32,38,21,-1
15
----------------------------------------
104	12	8
12->9->8
21,22,-1
6
----------------------------------------
105	10	11
10->11
26,-1
3
----------------------------------------
106	8	11
8->11
27,-1
3
----------------------------------------
107	1	6
1->7->6
20,26,-1
5
----------------------------------------
108	0	1
0->1
17,-1
3
----------------------------------------
109	2	8
2->0->3->8
26,18,24,-1
9
----------------------------------------
110	11	10
11->10
21,-1
4
----------------------------------------
111	2	7
2->1->7
27,22,-1
6
----------------------------------------
112	12	13
12->5->13
22,39,-1
6
----------------------------------------
113	4	11
4->5->12->11
33,40,23,-1
10
----------------------------------------
114	1	6
1->0->3->4->6
23,19,25,34,-1
11
----------------------------------------
115	9	12
9->12
23,-1
3
----------------------------------------
116	8	10
8->9->10
29,24,-1
7
----------------------------------------
117	7	0
7->1->0
28,24,-1
6
----------------------------------------
118	13	10
13->10
23,-1
4
----------------------------------------
119	7	0
7->1->0
29,25,-1
6
----------------------------------------
120	12	5
12->5
25,-1
4
----------------------------------------
121	5	13
5->13
42,-1
2
----------------------------------------
122	11	8
11->8
23,-1
3
----------------------------------------
123	3	1
3->0->1
26,22,-1
6
----------------------------------------
124	10	8
10->11->8
30,24,-1
6
----------------------------------------
125	0	7
0->1->7
23,27,-1
6
----------------------------------------
126	10	9
10->9
31,-1
3
----------------------------------------
127	0	11
0->3->8->11
24,27,32,-1
9
----------------------------------------
128	11	10
11->10
26,-1
4
----------------------------------------
129	8	10
8->11->10
33,27,-1
7
----------------------------------------
130	5	12
5->12
43,-1
3
----------------------------------------
131	7	1
7->1
31,-1
3
----------------------------------------
132	11	13
11->10->13
28,34,-1
6
----------------------------------------
133	3	2
3->0->2
28,25,-1
6
----------------------------------------
134	2	0
2->0
29,-1
3
----------------------------------------
135	6	0
6->7->1->0
23,32,29,-1
9
----------------------------------------
136	11	8
11->8
29,-1
3
----------------------------------------
137	0	2
0->2
28,-1
3
----------------------------------------
138	13	10
13->10
26,-1
4
----------------------------------------
139	3	0
3->0
29,-1
3
----------------------------------------
140	13	9
13->10->9
27,36,-1
7
----------------------------------------
141	2	7
2->1->7
31,30,-1
6
----------------------------------------
142	2	1
2->0->1
32,30,-1
6
----------------------------------------
143	4	6
4->6
35,-1
2
----------------------------------------
144	0	4
0->3->4
31,30,-1
6
----------------------------------------
145	3	0
3->0
31,-1
3
----------------------------------------
146	13	10
13->10
28,-1
4
----------------------------------------
147	10	11
10->11
38,-1
3
----------------------------------------
148	5	13
5->13
44,-1
2
----------------------------------------
149	1	2
1->2
32,-1
3
----------------------------------------
150	2	0
2->0
34,-1
3
----------------------------------------
151	5	11
5->12->11
45,27,-1
6
----------------------------------------
152	0	5
0->2->5
34,35,-1
7
----------------------------------------
153	9	11
9->12->11
27,28,-1
6
----------------------------------------
154	4	7
4->6->7
37,25,-1
5
----------------------------------------
155	8	10
8->11->10
35,33,-1
7
----------------------------------------
156	11	13
11->10->13
34,40,-1
6
----------------------------------------
157	7	0
7->1->0
35,33,-1
6
----------------------------------------
158	10	13
10->13
41,-1
2
----------------------------------------
159	9	11
9->12->11
28,29,-1
6
----------------------------------------
160	11	3
11->8->3
36,36,-1
6
----------------------------------------
161	3	2
3->0->2
33,36,-1
6
----------------------------------------
162	0	3
0->3
37,-1
3
----------------------------------------
163	12	10
12->9->10
30,29,-1
7
----------------------------------------
164	3	2
3->0->2
35,38,-1
6
----------------------------------------
