Node 0 Forwarding Table:
3	0	-1	-1	
----------------------------------------
2	1	3	1	
----------------------------------------
3	2	-1	-1	
----------------------------------------
1	3	3	3	
----------------------------------------
2	4	3	4	
----------------------------------------
-1	-1	1	5	
----------------------------------------
1	6	-1	-1	
----------------------------------------
2	7	-1	-1	
----------------------------------------
1	8	-1	-1	
----------------------------------------
3	9	-1	-1	
----------------------------------------
-1	-1	3	10	
----------------------------------------
1	11	-1	-1	
----------------------------------------
2	12	-1	-1	
----------------------------------------
2	13	3	13	
----------------------------------------
-1	-1	2	14	
----------------------------------------
-1	-1	2	15	
----------------------------------------
2	16	-1	-1	
----------------------------------------
-1	-1	1	17	
----------------------------------------
2	18	3	18	
----------------------------------------
1	19	3	19	
----------------------------------------
1	20	-1	-1	
----------------------------------------
1	21	-1	-1	
----------------------------------------
3	22	1	22	
----------------------------------------
-1	-1	1	23	
----------------------------------------
-1	-1	3	24	
----------------------------------------
3	25	2	25	
----------------------------------------
2	26	-1	-1	
----------------------------------------
1	27	-1	-1	
----------------------------------------
-1	-1	2	28	
----------------------------------------
3	29	-1	-1	
----------------------------------------
2	30	1	30	
----------------------------------------
-1	-1	3	31	
----------------------------------------
3	32	-1	-1	
----------------------------------------
2	33	-1	-1	
----------------------------------------
-1	-1	2	34	
----------------------------------------
1	35	-1	-1	
----------------------------------------
3	36	2	36	
----------------------------------------
-1	-1	3	37	
----------------------------------------
3	38	2	38	
----------------------------------------

****************************************
Node 1 Forwarding Table:
-1	-1	7	0	
----------------------------------------
7	1	-1	-1	
----------------------------------------
-1	-1	7	2	
----------------------------------------
7	3	-1	-1	
----------------------------------------
2	4	7	4	
----------------------------------------
7	5	-1	-1	
----------------------------------------
7	6	-1	-1	
----------------------------------------
-1	-1	0	7	
----------------------------------------
2	8	7	8	
----------------------------------------
0	9	-1	-1	
----------------------------------------
7	10	-1	-1	
----------------------------------------
-1	-1	0	11	
----------------------------------------
7	12	0	12	
----------------------------------------
2	13	7	13	
----------------------------------------
-1	-1	2	14	
----------------------------------------
-1	-1	7	15	
----------------------------------------
2	16	-1	-1	
----------------------------------------
-1	-1	2	17	
----------------------------------------
7	18	0	18	
----------------------------------------
2	19	-1	-1	
----------------------------------------
-1	-1	7	20	
----------------------------------------
0	21	-1	-1	
----------------------------------------
2	22	7	22	
----------------------------------------
-1	-1	0	23	
----------------------------------------
7	24	0	24	
----------------------------------------
7	25	0	25	
----------------------------------------
0	26	-1	-1	
----------------------------------------
0	27	7	27	
----------------------------------------
7	28	-1	-1	
----------------------------------------
7	29	0	29	
----------------------------------------
2	30	7	30	
----------------------------------------
0	31	-1	-1	
----------------------------------------
-1	-1	2	32	
----------------------------------------
7	33	0	33	
----------------------------------------

****************************************
Node 2 Forwarding Table:
-1	-1	1	0	
----------------------------------------
-1	-1	5	1	
----------------------------------------
-1	-1	0	2	
----------------------------------------
5	3	-1	-1	
----------------------------------------
-1	-1	5	4	
----------------------------------------
-1	-1	5	5	
----------------------------------------
-1	-1	1	6	
----------------------------------------
-1	-1	0	7	
----------------------------------------
5	8	0	8	
----------------------------------------
-1	-1	1	9	
----------------------------------------
5	10	-1	-1	
----------------------------------------
1	11	5	11	
----------------------------------------
5	12	1	12	
----------------------------------------
1	13	5	13	
----------------------------------------
-1	-1	5	14	
----------------------------------------
-1	-1	5	15	
----------------------------------------
-1	-1	5	16	
----------------------------------------
-1	-1	5	17	
----------------------------------------
5	18	1	18	
----------------------------------------
5	19	0	19	
----------------------------------------
5	20	-1	-1	
----------------------------------------
5	21	0	21	
----------------------------------------
0	22	5	22	
----------------------------------------
0	23	5	23	
----------------------------------------
5	24	0	24	
----------------------------------------
5	25	-1	-1	
----------------------------------------
-1	-1	0	26	
----------------------------------------
-1	-1	1	27	
----------------------------------------
0	28	-1	-1	
----------------------------------------
-1	-1	0	29	
----------------------------------------
0	30	-1	-1	
----------------------------------------
-1	-1	1	31	
----------------------------------------
-1	-1	0	32	
----------------------------------------
1	33	-1	-1	
----------------------------------------
-1	-1	0	34	
----------------------------------------
0	35	5	35	
----------------------------------------
0	36	-1	-1	
----------------------------------------
0	37	-1	-1	
----------------------------------------

****************************************
Node 3 Forwarding Table:
-1	-1	8	0	
----------------------------------------
8	1	4	1	
----------------------------------------
8	2	0	2	
----------------------------------------
4	3	-1	-1	
----------------------------------------
0	4	8	4	
----------------------------------------
8	5	0	5	
----------------------------------------
4	6	8	6	
----------------------------------------
0	7	8	7	
----------------------------------------
4	8	8	8	
----------------------------------------
4	9	-1	-1	
----------------------------------------
0	10	-1	-1	
----------------------------------------
4	11	-1	-1	
----------------------------------------
8	12	0	12	
----------------------------------------
8	13	-1	-1	
----------------------------------------
-1	-1	4	14	
----------------------------------------
4	15	8	15	
----------------------------------------
4	16	-1	-1	
----------------------------------------
8	17	4	17	
----------------------------------------
0	18	8	18	
----------------------------------------
-1	-1	4	19	
----------------------------------------
8	20	4	20	
----------------------------------------
8	21	-1	-1	
----------------------------------------
0	22	-1	-1	
----------------------------------------
-1	-1	4	23	
----------------------------------------
0	24	8	24	
----------------------------------------
0	25	4	25	
----------------------------------------
-1	-1	0	26	
----------------------------------------
0	27	8	27	
----------------------------------------
-1	-1	0	28	
----------------------------------------
-1	-1	0	29	
----------------------------------------
0	30	4	30	
----------------------------------------
-1	-1	0	31	
----------------------------------------
8	32	-1	-1	
----------------------------------------
-1	-1	0	33	
----------------------------------------
0	34	-1	-1	
----------------------------------------
-1	-1	0	35	
----------------------------------------

****************************************
Node 4 Forwarding Table:
-1	-1	6	0	
----------------------------------------
6	1	-1	-1	
----------------------------------------
3	2	-1	-1	
----------------------------------------
6	3	3	3	
----------------------------------------
6	4	-1	-1	
----------------------------------------
6	5	5	5	
----------------------------------------
-1	-1	3	6	
----------------------------------------
-1	-1	6	7	
----------------------------------------
6	8	3	8	
----------------------------------------
-1	-1	3	9	
----------------------------------------
-1	-1	6	10	
----------------------------------------
5	11	-1	-1	
----------------------------------------
5	12	3	12	
----------------------------------------
-1	-1	5	13	
----------------------------------------
3	14	-1	-1	
----------------------------------------
6	15	5	15	
----------------------------------------
-1	-1	3	16	
----------------------------------------
5	17	3	17	
----------------------------------------
5	18	6	18	
----------------------------------------
6	19	5	19	
----------------------------------------
3	20	-1	-1	
----------------------------------------
5	21	-1	-1	
----------------------------------------
3	22	5	22	
----------------------------------------
5	23	-1	-1	
----------------------------------------
5	24	-1	-1	
----------------------------------------
3	25	-1	-1	
----------------------------------------
5	26	-1	-1	
----------------------------------------
5	27	6	27	
----------------------------------------
6	28	5	28	
----------------------------------------
-1	-1	5	29	
----------------------------------------
-1	-1	5	30	
----------------------------------------
3	31	6	31	
----------------------------------------
6	32	5	32	
----------------------------------------
-1	-1	5	33	
----------------------------------------
3	34	6	34	
----------------------------------------
-1	-1	6	35	
----------------------------------------
3	36	-1	-1	
----------------------------------------
-1	-1	6	37	
----------------------------------------

****************************************
Node 5 Forwarding Table:
13	0	12	0	
----------------------------------------
2	1	13	1	
----------------------------------------
4	2	-1	-1	
----------------------------------------
12	3	-1	-1	
----------------------------------------
13	4	2	4	
----------------------------------------
2	5	12	5	
----------------------------------------
2	6	13	6	
----------------------------------------
-1	-1	12	7	
----------------------------------------
13	8	4	8	
----------------------------------------
-1	-1	4	9	
----------------------------------------
13	10	2	10	
----------------------------------------
4	11	2	11	
----------------------------------------
13	12	12	12	
----------------------------------------
2	13	13	13	
----------------------------------------
4	14	-1	-1	
----------------------------------------
-1	-1	2	15	
----------------------------------------
13	16	4	16	
----------------------------------------
2	17	13	17	
----------------------------------------
2	18	12	18	
----------------------------------------
-1	-1	4	19	
----------------------------------------
4	20	13	20	
----------------------------------------
2	21	4	21	
----------------------------------------
4	22	13	22	
----------------------------------------
12	23	-1	-1	
----------------------------------------
-1	-1	4	24	
----------------------------------------
2	25	4	25	
----------------------------------------
2	26	4	26	
----------------------------------------
13	27	2	27	
----------------------------------------
13	28	2	28	
----------------------------------------
13	29	4	29	
----------------------------------------
4	30	12	30	
----------------------------------------
4	31	2	31	
----------------------------------------
-1	-1	2	32	
----------------------------------------
2	33	13	33	
----------------------------------------
2	34	12	34	
----------------------------------------
4	35	2	35	
----------------------------------------
-1	-1	12	36	
----------------------------------------
12	37	2	37	
----------------------------------------
4	38	13	38	
----------------------------------------
12	39	13	39	
----------------------------------------
4	40	12	40	
----------------------------------------
12	41	-1	-1	
----------------------------------------
-1	-1	13	42	
----------------------------------------
-1	-1	12	43	
----------------------------------------
-1	-1	13	44	
----------------------------------------
-1	-1	12	45	
----------------------------------------
2	46	-1	-1	
----------------------------------------

****************************************
Node 6 Forwarding Table:
7	0	-1	-1	
----------------------------------------
4	1	-1	-1	
----------------------------------------
7	2	4	2	
----------------------------------------
7	3	4	3	
----------------------------------------
-1	-1	4	4	
----------------------------------------
-1	-1	7	5	
----------------------------------------
7	6	4	6	
----------------------------------------
-1	-1	7	7	
----------------------------------------
4	8	7	8	
----------------------------------------
-1	-1	4	9	
----------------------------------------
7	10	-1	-1	
----------------------------------------
4	11	7	11	
----------------------------------------
7	12	-1	-1	
----------------------------------------
7	13	-1	-1	
----------------------------------------
-1	-1	4	14	
----------------------------------------
4	15	-1	-1	
----------------------------------------
7	16	4	16	
----------------------------------------
4	17	7	17	
----------------------------------------
7	18	4	18	
----------------------------------------
4	19	7	19	
----------------------------------------
7	20	4	20	
----------------------------------------
7	21	-1	-1	
----------------------------------------
4	22	-1	-1	
----------------------------------------
-1	-1	7	23	
----------------------------------------
4	24	-1	-1	
----------------------------------------
4	25	7	25	
----------------------------------------

****************************************
Node 7 Forwarding Table:
10	0	6	0	
----------------------------------------
1	1	10	1	
----------------------------------------
-1	-1	10	2	
----------------------------------------
10	3	1	3	
----------------------------------------
-1	-1	10	4	
----------------------------------------
1	5	6	5	
----------------------------------------
10	6	1	6	
----------------------------------------
-1	-1	6	7	
----------------------------------------
1	8	10	8	
----------------------------------------
6	9	10	9	
----------------------------------------
10	10	1	10	
----------------------------------------
-1	-1	6	11	
----------------------------------------
6	12	1	12	
----------------------------------------
6	13	10	13	
----------------------------------------
1	14	6	14	
----------------------------------------
6	15	1	15	
----------------------------------------
10	16	1	16	
----------------------------------------
1	17	-1	-1	
----------------------------------------
1	18	6	18	
----------------------------------------
10	19	6	19	
----------------------------------------
-1	-1	6	20	
----------------------------------------
10	21	1	21	
----------------------------------------
6	22	-1	-1	
----------------------------------------
-1	-1	6	23	
----------------------------------------
6	24	-1	-1	
----------------------------------------
-1	-1	6	25	
----------------------------------------
1	26	6	26	
----------------------------------------
1	27	-1	-1	
----------------------------------------
-1	-1	1	28	
----------------------------------------
-1	-1	1	29	
----------------------------------------
1	30	-1	-1	
----------------------------------------
-1	-1	1	31	
----------------------------------------
6	32	1	32	
----------------------------------------
1	33	-1	-1	
----------------------------------------
6	34	-1	-1	
----------------------------------------
-1	-1	1	35	
----------------------------------------

****************************************
Node 8 Forwarding Table:
3	0	9	0	
----------------------------------------
-1	-1	3	1	
----------------------------------------
9	2	3	2	
----------------------------------------
-1	-1	11	3	
----------------------------------------
3	4	-1	-1	
----------------------------------------
-1	-1	3	5	
----------------------------------------
3	6	-1	-1	
----------------------------------------
3	7	11	7	
----------------------------------------
3	8	9	8	
----------------------------------------
-1	-1	9	9	
----------------------------------------
-1	-1	9	10	
----------------------------------------
9	11	-1	-1	
----------------------------------------
11	12	3	12	
----------------------------------------
11	13	9	13	
----------------------------------------
-1	-1	3	14	
----------------------------------------
3	15	9	15	
----------------------------------------
9	16	3	16	
----------------------------------------
3	17	-1	-1	
----------------------------------------
9	18	-1	-1	
----------------------------------------
-1	-1	3	19	
----------------------------------------
-1	-1	11	20	
----------------------------------------
9	21	11	21	
----------------------------------------
-1	-1	11	22	
----------------------------------------
11	23	3	23	
----------------------------------------
-1	-1	11	24	
----------------------------------------
9	25	-1	-1	
----------------------------------------
9	26	-1	-1	
----------------------------------------
-1	-1	11	27	
----------------------------------------
3	28	-1	-1	
----------------------------------------
-1	-1	9	29	
----------------------------------------
11	30	-1	-1	
----------------------------------------
11	31	-1	-1	
----------------------------------------
3	32	11	32	
----------------------------------------
-1	-1	11	33	
----------------------------------------
11	34	-1	-1	
----------------------------------------
-1	-1	11	35	
----------------------------------------
11	36	3	36	
----------------------------------------

****************************************
Node 9 Forwarding Table:
10	0	12	0	
----------------------------------------
8	1	12	1	
----------------------------------------
-1	-1	8	2	
----------------------------------------
-1	-1	12	3	
----------------------------------------
8	4	-1	-1	
----------------------------------------
10	5	-1	-1	
----------------------------------------
8	6	10	6	
----------------------------------------
8	7	-1	-1	
----------------------------------------
10	8	8	8	
----------------------------------------
8	9	-1	-1	
----------------------------------------
-1	-1	12	10	
----------------------------------------
8	11	-1	-1	
----------------------------------------
-1	-1	8	12	
----------------------------------------
12	13	-1	-1	
----------------------------------------
-1	-1	8	14	
----------------------------------------
12	15	-1	-1	
----------------------------------------
-1	-1	10	16	
----------------------------------------
-1	-1	8	17	
----------------------------------------
10	18	-1	-1	
----------------------------------------
12	19	-1	-1	
----------------------------------------
-1	-1	10	20	
----------------------------------------
12	21	8	21	
----------------------------------------
12	22	8	22	
----------------------------------------
-1	-1	12	23	
----------------------------------------
8	24	10	24	
----------------------------------------
10	25	-1	-1	
----------------------------------------
10	26	-1	-1	
----------------------------------------
-1	-1	12	27	
----------------------------------------
-1	-1	12	28	
----------------------------------------
12	29	10	29	
----------------------------------------

****************************************
Node 10 Forwarding Table:
-1	-1	7	0	
----------------------------------------
7	1	-1	-1	
----------------------------------------
7	2	9	2	
----------------------------------------
13	3	11	3	
----------------------------------------
-1	-1	7	4	
----------------------------------------
7	5	-1	-1	
----------------------------------------
-1	-1	7	6	
----------------------------------------
7	7	-1	-1	
----------------------------------------
7	8	-1	-1	
----------------------------------------
11	9	7	9	
----------------------------------------
7	10	-1	-1	
----------------------------------------
13	11	-1	-1	
----------------------------------------
13	12	9	12	
----------------------------------------
9	13	-1	-1	
----------------------------------------
-1	-1	7	14	
----------------------------------------
-1	-1	9	15	
----------------------------------------
-1	-1	7	16	
----------------------------------------
9	17	7	17	
----------------------------------------
-1	-1	13	18	
----------------------------------------
-1	-1	13	19	
----------------------------------------
11	20	-1	-1	
----------------------------------------
-1	-1	9	21	
----------------------------------------
13	22	11	22	
----------------------------------------
9	23	13	23	
----------------------------------------
-1	-1	13	24	
----------------------------------------
13	25	-1	-1	
----------------------------------------
-1	-1	11	26	
----------------------------------------
11	27	-1	-1	
----------------------------------------
9	28	-1	-1	
----------------------------------------
13	29	-1	-1	
----------------------------------------
-1	-1	11	30	
----------------------------------------
-1	-1	9	31	
----------------------------------------
11	32	-1	-1	
----------------------------------------
11	33	-1	-1	
----------------------------------------
11	34	13	34	
----------------------------------------
13	35	-1	-1	
----------------------------------------
13	36	9	36	
----------------------------------------
13	37	-1	-1	
----------------------------------------
-1	-1	11	38	
----------------------------------------
11	39	-1	-1	
----------------------------------------
11	40	13	40	
----------------------------------------
-1	-1	13	41	
----------------------------------------
9	42	-1	-1	
----------------------------------------

****************************************
Node 11 Forwarding Table:
-1	-1	12	0	
----------------------------------------
10	1	-1	-1	
----------------------------------------
8	2	-1	-1	
----------------------------------------
-1	-1	10	3	
----------------------------------------
8	4	-1	-1	
----------------------------------------
12	5	-1	-1	
----------------------------------------
-1	-1	12	6	
----------------------------------------
-1	-1	8	7	
----------------------------------------
-1	-1	8	8	
----------------------------------------
12	9	-1	-1	
----------------------------------------
-1	-1	12	10	
----------------------------------------
8	11	12	11	
----------------------------------------
8	12	-1	-1	
----------------------------------------
8	13	10	13	
----------------------------------------
-1	-1	8	14	
----------------------------------------
10	15	-1	-1	
----------------------------------------
-1	-1	12	16	
----------------------------------------
8	17	12	17	
----------------------------------------
-1	-1	12	18	
----------------------------------------
10	19	-1	-1	
----------------------------------------
8	20	-1	-1	
----------------------------------------
-1	-1	10	21	
----------------------------------------
12	22	-1	-1	
----------------------------------------
-1	-1	8	23	
----------------------------------------
10	24	8	24	
----------------------------------------
8	25	-1	-1	
----------------------------------------
-1	-1	10	26	
----------------------------------------
8	27	10	27	
----------------------------------------
-1	-1	10	28	
----------------------------------------
-1	-1	8	29	
----------------------------------------
10	30	-1	-1	
----------------------------------------
12	31	-1	-1	
----------------------------------------
12	32	-1	-1	
----------------------------------------
8	33	10	33	
----------------------------------------
-1	-1	10	34	
----------------------------------------
12	35	-1	-1	
----------------------------------------
-1	-1	8	36	
----------------------------------------

****************************************
Node 12 Forwarding Table:
11	0	-1	-1	
----------------------------------------
9	1	-1	-1	
----------------------------------------
9	2	-1	-1	
----------------------------------------
5	3	-1	-1	
----------------------------------------
9	4	5	4	
----------------------------------------
5	5	-1	-1	
----------------------------------------
5	6	11	6	
----------------------------------------
11	7	-1	-1	
----------------------------------------
9	8	-1	-1	
----------------------------------------
5	9	-1	-1	
----------------------------------------
5	10	11	10	
----------------------------------------
-1	-1	9	11	
----------------------------------------
11	12	5	12	
----------------------------------------
11	13	9	13	
----------------------------------------
5	14	-1	-1	
----------------------------------------
5	15	-1	-1	
----------------------------------------
11	16	9	16	
----------------------------------------
5	17	-1	-1	
----------------------------------------
11	18	-1	-1	
----------------------------------------
11	19	5	19	
----------------------------------------
-1	-1	9	20	
----------------------------------------
-1	-1	9	21	
----------------------------------------
-1	-1	5	22	
----------------------------------------
5	23	11	23	
----------------------------------------
9	24	-1	-1	
----------------------------------------
-1	-1	5	25	
----------------------------------------
5	26	-1	-1	
----------------------------------------
5	27	11	27	
----------------------------------------
9	28	11	28	
----------------------------------------
9	29	11	29	
----------------------------------------
-1	-1	9	30	
----------------------------------------

****************************************
Node 13 Forwarding Table:
-1	-1	10	0	
----------------------------------------
-1	-1	5	1	
----------------------------------------
5	2	-1	-1	
----------------------------------------
-1	-1	5	3	
----------------------------------------
5	4	10	4	
----------------------------------------
-1	-1	10	5	
----------------------------------------
-1	-1	5	6	
----------------------------------------
-1	-1	5	7	
----------------------------------------
-1	-1	5	8	
----------------------------------------
5	9	-1	-1	
----------------------------------------
-1	-1	5	10	
----------------------------------------
5	11	-1	-1	
----------------------------------------
5	12	-1	-1	
----------------------------------------
5	13	-1	-1	
----------------------------------------
10	14	5	14	
----------------------------------------
-1	-1	5	15	
----------------------------------------
10	16	5	16	
----------------------------------------
5	17	-1	-1	
----------------------------------------
-1	-1	10	18	
----------------------------------------
10	19	-1	-1	
----------------------------------------
10	20	-1	-1	
----------------------------------------
5	21	10	21	
----------------------------------------
5	22	-1	-1	
----------------------------------------
-1	-1	10	23	
----------------------------------------
5	24	-1	-1	
----------------------------------------
10	25	-1	-1	
----------------------------------------
-1	-1	10	26	
----------------------------------------
-1	-1	10	27	
----------------------------------------
-1	-1	10	28	
----------------------------------------
5	29	-1	-1	
----------------------------------------
10	30	-1	-1	
----------------------------------------
10	31	-1	-1	
----------------------------------------

****************************************
