Node 0 Forwarding Table:
3	0	-1	-1	
----------------------------------------
2	1	3	1	
----------------------------------------
3	2	-1	-1	
----------------------------------------
1	3	3	3	
----------------------------------------
2	4	3	4	
----------------------------------------
-1	-1	1	5	
----------------------------------------
1	6	-1	-1	
----------------------------------------
2	7	-1	-1	
----------------------------------------
1	8	-1	-1	
----------------------------------------
3	9	-1	-1	
----------------------------------------
-1	-1	3	10	
----------------------------------------
3	11	-1	-1	
----------------------------------------
2	12	-1	-1	
----------------------------------------
2	13	3	13	
----------------------------------------
-1	-1	2	14	
----------------------------------------
-1	-1	2	15	
----------------------------------------
2	16	-1	-1	
----------------------------------------
2	17	-1	-1	
----------------------------------------
-1	-1	1	18	
----------------------------------------
2	19	3	19	
----------------------------------------
1	20	-1	-1	
----------------------------------------
1	21	-1	-1	
----------------------------------------
3	22	1	22	
----------------------------------------
-1	-1	1	23	
----------------------------------------
-1	-1	1	24	
----------------------------------------
-1	-1	3	25	
----------------------------------------
3	26	2	26	
----------------------------------------
2	27	-1	-1	
----------------------------------------
1	28	-1	-1	
----------------------------------------
-1	-1	2	29	
----------------------------------------
3	30	-1	-1	
----------------------------------------
3	31	-1	-1	
----------------------------------------
2	32	-1	-1	
----------------------------------------
1	33	-1	-1	
----------------------------------------
2	34	-1	-1	
----------------------------------------
1	35	3	35	
----------------------------------------
3	36	2	36	
----------------------------------------
-1	-1	3	37	
----------------------------------------
3	38	2	38	
----------------------------------------

****************************************
Node 1 Forwarding Table:
-1	-1	7	0	
----------------------------------------
7	1	-1	-1	
----------------------------------------
-1	-1	7	2	
----------------------------------------
7	3	-1	-1	
----------------------------------------
2	4	7	4	
----------------------------------------
7	5	-1	-1	
----------------------------------------
7	6	-1	-1	
----------------------------------------
-1	-1	0	7	
----------------------------------------
2	8	7	8	
----------------------------------------
2	9	7	9	
----------------------------------------
0	10	-1	-1	
----------------------------------------
7	11	-1	-1	
----------------------------------------
-1	-1	0	12	
----------------------------------------
7	13	0	13	
----------------------------------------
2	14	7	14	
----------------------------------------
-1	-1	2	15	
----------------------------------------
-1	-1	7	16	
----------------------------------------
2	17	-1	-1	
----------------------------------------
-1	-1	2	18	
----------------------------------------
7	19	-1	-1	
----------------------------------------
-1	-1	2	20	
----------------------------------------
7	21	-1	-1	
----------------------------------------
-1	-1	2	22	
----------------------------------------
-1	-1	2	23	
----------------------------------------
-1	-1	7	24	
----------------------------------------
0	25	-1	-1	
----------------------------------------
2	26	7	26	
----------------------------------------
-1	-1	7	27	
----------------------------------------
7	28	0	28	
----------------------------------------
7	29	0	29	
----------------------------------------
0	30	-1	-1	
----------------------------------------
2	31	-1	-1	
----------------------------------------
0	32	7	32	
----------------------------------------
0	33	7	33	
----------------------------------------
7	34	-1	-1	
----------------------------------------
7	35	0	35	
----------------------------------------
2	36	-1	-1	
----------------------------------------
7	37	-1	-1	
----------------------------------------
-1	-1	2	38	
----------------------------------------
7	39	0	39	
----------------------------------------
7	40	0	40	
----------------------------------------

****************************************
Node 2 Forwarding Table:
-1	-1	1	0	
----------------------------------------
-1	-1	5	1	
----------------------------------------
-1	-1	0	2	
----------------------------------------
5	3	-1	-1	
----------------------------------------
-1	-1	5	4	
----------------------------------------
-1	-1	1	5	
----------------------------------------
-1	-1	1	6	
----------------------------------------
-1	-1	0	7	
----------------------------------------
5	8	0	8	
----------------------------------------
-1	-1	1	9	
----------------------------------------
5	10	-1	-1	
----------------------------------------
1	11	5	11	
----------------------------------------
5	12	1	12	
----------------------------------------
1	13	5	13	
----------------------------------------
-1	-1	5	14	
----------------------------------------
-1	-1	5	15	
----------------------------------------
-1	-1	5	16	
----------------------------------------
-1	-1	5	17	
----------------------------------------
5	18	0	18	
----------------------------------------
5	19	-1	-1	
----------------------------------------
5	20	0	20	
----------------------------------------
0	21	5	21	
----------------------------------------
0	22	5	22	
----------------------------------------
5	23	0	23	
----------------------------------------
5	24	-1	-1	
----------------------------------------
1	25	5	25	
----------------------------------------
5	26	0	26	
----------------------------------------
1	27	5	27	
----------------------------------------
1	28	5	28	
----------------------------------------
-1	-1	5	29	
----------------------------------------
-1	-1	0	30	
----------------------------------------
-1	-1	1	31	
----------------------------------------
-1	-1	5	32	
----------------------------------------
5	33	-1	-1	
----------------------------------------
5	34	1	34	
----------------------------------------
0	35	-1	-1	
----------------------------------------
-1	-1	0	36	
----------------------------------------
0	37	-1	-1	
----------------------------------------
-1	-1	1	38	
----------------------------------------
1	39	-1	-1	
----------------------------------------
-1	-1	0	40	
----------------------------------------
5	41	-1	-1	
----------------------------------------
-1	-1	0	42	
----------------------------------------
0	43	-1	-1	
----------------------------------------
0	44	-1	-1	
----------------------------------------

****************************************
Node 3 Forwarding Table:
-1	-1	8	0	
----------------------------------------
8	1	4	1	
----------------------------------------
8	2	0	2	
----------------------------------------
4	3	-1	-1	
----------------------------------------
0	4	8	4	
----------------------------------------
8	5	0	5	
----------------------------------------
4	6	8	6	
----------------------------------------
0	7	8	7	
----------------------------------------
4	8	8	8	
----------------------------------------
4	9	-1	-1	
----------------------------------------
0	10	-1	-1	
----------------------------------------
4	11	-1	-1	
----------------------------------------
8	12	0	12	
----------------------------------------
8	13	-1	-1	
----------------------------------------
-1	-1	4	14	
----------------------------------------
4	15	8	15	
----------------------------------------
4	16	-1	-1	
----------------------------------------
4	17	8	17	
----------------------------------------
8	18	4	18	
----------------------------------------
4	19	8	19	
----------------------------------------
0	20	8	20	
----------------------------------------
-1	-1	4	21	
----------------------------------------
8	22	4	22	
----------------------------------------
8	23	0	23	
----------------------------------------
8	24	-1	-1	
----------------------------------------
0	25	-1	-1	
----------------------------------------
-1	-1	4	26	
----------------------------------------
8	27	4	27	
----------------------------------------
0	28	8	28	
----------------------------------------
4	29	-1	-1	
----------------------------------------
-1	-1	0	30	
----------------------------------------
0	31	4	31	
----------------------------------------
-1	-1	0	32	
----------------------------------------
-1	-1	8	33	
----------------------------------------
-1	-1	0	34	
----------------------------------------
-1	-1	0	35	
----------------------------------------
0	36	-1	-1	
----------------------------------------
-1	-1	4	37	
----------------------------------------
-1	-1	0	38	
----------------------------------------
0	39	-1	-1	
----------------------------------------
-1	-1	0	40	
----------------------------------------

****************************************
Node 4 Forwarding Table:
-1	-1	6	0	
----------------------------------------
6	1	-1	-1	
----------------------------------------
3	2	-1	-1	
----------------------------------------
6	3	3	3	
----------------------------------------
6	4	-1	-1	
----------------------------------------
6	5	5	5	
----------------------------------------
-1	-1	3	6	
----------------------------------------
-1	-1	6	7	
----------------------------------------
6	8	3	8	
----------------------------------------
-1	-1	3	9	
----------------------------------------
-1	-1	6	10	
----------------------------------------
5	11	-1	-1	
----------------------------------------
5	12	3	12	
----------------------------------------
-1	-1	5	13	
----------------------------------------
3	14	-1	-1	
----------------------------------------
6	15	5	15	
----------------------------------------
-1	-1	3	16	
----------------------------------------
5	17	3	17	
----------------------------------------
5	18	6	18	
----------------------------------------
6	19	3	19	
----------------------------------------
6	20	5	20	
----------------------------------------
3	21	-1	-1	
----------------------------------------
5	22	-1	-1	
----------------------------------------
6	23	3	23	
----------------------------------------
3	24	5	24	
----------------------------------------
5	25	-1	-1	
----------------------------------------
5	26	-1	-1	
----------------------------------------
3	27	-1	-1	
----------------------------------------
5	28	-1	-1	
----------------------------------------
6	29	5	29	
----------------------------------------
-1	-1	5	30	
----------------------------------------
-1	-1	5	31	
----------------------------------------
3	32	6	32	
----------------------------------------
3	33	-1	-1	
----------------------------------------
5	34	6	34	
----------------------------------------
6	35	5	35	
----------------------------------------
5	36	6	36	
----------------------------------------
-1	-1	5	37	
----------------------------------------
5	38	3	38	
----------------------------------------
5	39	6	39	
----------------------------------------
3	40	-1	-1	
----------------------------------------
6	41	5	41	
----------------------------------------
-1	-1	6	42	
----------------------------------------
-1	-1	5	43	
----------------------------------------
-1	-1	6	44	
----------------------------------------
3	45	5	45	
----------------------------------------

****************************************
Node 5 Forwarding Table:
13	0	12	0	
----------------------------------------
2	1	13	1	
----------------------------------------
4	2	-1	-1	
----------------------------------------
12	3	-1	-1	
----------------------------------------
13	4	2	4	
----------------------------------------
2	5	12	5	
----------------------------------------
-1	-1	12	6	
----------------------------------------
13	7	4	7	
----------------------------------------
-1	-1	4	8	
----------------------------------------
13	9	2	9	
----------------------------------------
4	10	2	10	
----------------------------------------
13	11	12	11	
----------------------------------------
2	12	13	12	
----------------------------------------
4	13	-1	-1	
----------------------------------------
-1	-1	2	14	
----------------------------------------
13	15	4	15	
----------------------------------------
2	16	13	16	
----------------------------------------
2	17	12	17	
----------------------------------------
-1	-1	4	18	
----------------------------------------
4	19	13	19	
----------------------------------------
2	20	4	20	
----------------------------------------
4	21	13	21	
----------------------------------------
12	22	-1	-1	
----------------------------------------
-1	-1	4	23	
----------------------------------------
2	24	4	24	
----------------------------------------
2	25	4	25	
----------------------------------------
13	26	2	26	
----------------------------------------
4	27	12	27	
----------------------------------------
4	28	2	28	
----------------------------------------
-1	-1	2	29	
----------------------------------------
2	30	13	30	
----------------------------------------
2	31	12	31	
----------------------------------------
4	32	2	32	
----------------------------------------
-1	-1	12	33	
----------------------------------------
12	34	2	34	
----------------------------------------
2	35	13	35	
----------------------------------------
13	36	2	36	
----------------------------------------
-1	-1	4	37	
----------------------------------------
2	38	13	38	
----------------------------------------
4	39	13	39	
----------------------------------------
2	40	-1	-1	
----------------------------------------
2	41	13	41	
----------------------------------------
13	42	4	42	
----------------------------------------
12	43	13	43	
----------------------------------------
2	44	12	44	
----------------------------------------
4	45	12	45	
----------------------------------------
13	46	2	46	
----------------------------------------
12	47	4	47	
----------------------------------------
-1	-1	4	48	
----------------------------------------
12	49	-1	-1	
----------------------------------------
-1	-1	13	50	
----------------------------------------
12	51	2	51	
----------------------------------------
-1	-1	12	52	
----------------------------------------
4	53	12	53	
----------------------------------------
-1	-1	13	54	
----------------------------------------
-1	-1	12	55	
----------------------------------------
4	56	12	56	
----------------------------------------
12	57	2	57	
----------------------------------------
4	58	12	58	
----------------------------------------

****************************************
Node 6 Forwarding Table:
7	0	-1	-1	
----------------------------------------
4	1	-1	-1	
----------------------------------------
7	2	4	2	
----------------------------------------
7	3	4	3	
----------------------------------------
-1	-1	4	4	
----------------------------------------
-1	-1	7	5	
----------------------------------------
7	6	4	6	
----------------------------------------
-1	-1	7	7	
----------------------------------------
4	8	7	8	
----------------------------------------
-1	-1	4	9	
----------------------------------------
7	10	-1	-1	
----------------------------------------
4	11	7	11	
----------------------------------------
7	12	-1	-1	
----------------------------------------
7	13	-1	-1	
----------------------------------------
-1	-1	4	14	
----------------------------------------
4	15	-1	-1	
----------------------------------------
7	16	4	16	
----------------------------------------
7	17	4	17	
----------------------------------------
-1	-1	4	18	
----------------------------------------
7	19	4	19	
----------------------------------------
4	20	7	20	
----------------------------------------
4	21	7	21	
----------------------------------------
7	22	4	22	
----------------------------------------
4	23	7	23	
----------------------------------------
7	24	-1	-1	
----------------------------------------
7	25	-1	-1	
----------------------------------------
4	26	7	26	
----------------------------------------
-1	-1	4	27	
----------------------------------------
-1	-1	7	28	
----------------------------------------
4	29	-1	-1	
----------------------------------------
4	30	7	30	
----------------------------------------
-1	-1	7	31	
----------------------------------------

****************************************
Node 7 Forwarding Table:
10	0	6	0	
----------------------------------------
1	1	10	1	
----------------------------------------
-1	-1	10	2	
----------------------------------------
10	3	1	3	
----------------------------------------
-1	-1	10	4	
----------------------------------------
1	5	6	5	
----------------------------------------
10	6	1	6	
----------------------------------------
-1	-1	6	7	
----------------------------------------
1	8	10	8	
----------------------------------------
6	9	10	9	
----------------------------------------
10	10	1	10	
----------------------------------------
-1	-1	6	11	
----------------------------------------
6	12	1	12	
----------------------------------------
6	13	10	13	
----------------------------------------
1	14	10	14	
----------------------------------------
1	15	6	15	
----------------------------------------
6	16	1	16	
----------------------------------------
10	17	1	17	
----------------------------------------
1	18	-1	-1	
----------------------------------------
1	19	6	19	
----------------------------------------
10	20	6	20	
----------------------------------------
-1	-1	6	21	
----------------------------------------
-1	-1	6	22	
----------------------------------------
10	23	1	23	
----------------------------------------
10	24	-1	-1	
----------------------------------------
-1	-1	6	25	
----------------------------------------
6	26	-1	-1	
----------------------------------------
6	27	-1	-1	
----------------------------------------
10	28	1	28	
----------------------------------------
-1	-1	6	29	
----------------------------------------
6	30	-1	-1	
----------------------------------------
1	31	6	31	
----------------------------------------
1	32	-1	-1	
----------------------------------------
1	33	6	33	
----------------------------------------
-1	-1	1	34	
----------------------------------------
6	35	-1	-1	
----------------------------------------
-1	-1	1	36	
----------------------------------------
1	37	-1	-1	
----------------------------------------
1	38	10	38	
----------------------------------------
-1	-1	1	39	
----------------------------------------
6	40	1	40	
----------------------------------------
-1	-1	1	41	
----------------------------------------
6	42	-1	-1	
----------------------------------------
-1	-1	1	43	
----------------------------------------
6	44	1	44	
----------------------------------------

****************************************
Node 8 Forwarding Table:
3	0	9	0	
----------------------------------------
-1	-1	3	1	
----------------------------------------
9	2	3	2	
----------------------------------------
-1	-1	11	3	
----------------------------------------
3	4	-1	-1	
----------------------------------------
-1	-1	3	5	
----------------------------------------
3	6	-1	-1	
----------------------------------------
3	7	11	7	
----------------------------------------
3	8	9	8	
----------------------------------------
-1	-1	9	9	
----------------------------------------
-1	-1	9	10	
----------------------------------------
9	11	-1	-1	
----------------------------------------
11	12	3	12	
----------------------------------------
11	13	9	13	
----------------------------------------
-1	-1	3	14	
----------------------------------------
3	15	9	15	
----------------------------------------
3	16	9	16	
----------------------------------------
9	17	3	17	
----------------------------------------
3	18	9	18	
----------------------------------------
3	19	-1	-1	
----------------------------------------
9	20	-1	-1	
----------------------------------------
-1	-1	3	21	
----------------------------------------
-1	-1	9	22	
----------------------------------------
9	23	3	23	
----------------------------------------
9	24	11	24	
----------------------------------------
-1	-1	11	25	
----------------------------------------
11	26	3	26	
----------------------------------------
-1	-1	11	27	
----------------------------------------
11	28	3	28	
----------------------------------------
9	29	-1	-1	
----------------------------------------
9	30	-1	-1	
----------------------------------------
-1	-1	11	31	
----------------------------------------
3	32	-1	-1	
----------------------------------------
-1	-1	11	33	
----------------------------------------
11	34	-1	-1	
----------------------------------------
11	35	-1	-1	
----------------------------------------
-1	-1	11	36	
----------------------------------------
-1	-1	11	37	
----------------------------------------
3	38	-1	-1	
----------------------------------------
11	39	-1	-1	
----------------------------------------
-1	-1	11	40	
----------------------------------------

****************************************
Node 9 Forwarding Table:
10	0	12	0	
----------------------------------------
8	1	12	1	
----------------------------------------
-1	-1	8	2	
----------------------------------------
-1	-1	12	3	
----------------------------------------
8	4	-1	-1	
----------------------------------------
10	5	-1	-1	
----------------------------------------
8	6	10	6	
----------------------------------------
8	7	-1	-1	
----------------------------------------
10	8	8	8	
----------------------------------------
8	9	-1	-1	
----------------------------------------
-1	-1	12	10	
----------------------------------------
8	11	-1	-1	
----------------------------------------
8	12	-1	-1	
----------------------------------------
-1	-1	8	13	
----------------------------------------
12	14	-1	-1	
----------------------------------------
8	15	-1	-1	
----------------------------------------
-1	-1	8	16	
----------------------------------------
8	17	-1	-1	
----------------------------------------
-1	-1	8	18	
----------------------------------------
-1	-1	8	19	
----------------------------------------
10	20	-1	-1	
----------------------------------------
12	21	-1	-1	
----------------------------------------
-1	-1	10	22	
----------------------------------------
12	23	8	23	
----------------------------------------
-1	-1	10	24	
----------------------------------------
12	25	8	25	
----------------------------------------
-1	-1	12	26	
----------------------------------------
-1	-1	12	27	
----------------------------------------
10	28	-1	-1	
----------------------------------------
12	29	-1	-1	
----------------------------------------
10	30	-1	-1	
----------------------------------------
12	31	-1	-1	
----------------------------------------
12	32	-1	-1	
----------------------------------------
-1	-1	12	33	
----------------------------------------
-1	-1	12	34	
----------------------------------------
12	35	10	35	
----------------------------------------

****************************************
Node 10 Forwarding Table:
-1	-1	7	0	
----------------------------------------
7	1	-1	-1	
----------------------------------------
7	2	9	2	
----------------------------------------
13	3	11	3	
----------------------------------------
-1	-1	7	4	
----------------------------------------
7	5	-1	-1	
----------------------------------------
-1	-1	7	6	
----------------------------------------
7	7	-1	-1	
----------------------------------------
7	8	-1	-1	
----------------------------------------
11	9	7	9	
----------------------------------------
7	10	-1	-1	
----------------------------------------
7	11	-1	-1	
----------------------------------------
13	12	9	12	
----------------------------------------
9	13	-1	-1	
----------------------------------------
-1	-1	7	14	
----------------------------------------
-1	-1	9	15	
----------------------------------------
-1	-1	7	16	
----------------------------------------
-1	-1	7	17	
----------------------------------------
-1	-1	7	18	
----------------------------------------
11	19	-1	-1	
----------------------------------------
-1	-1	9	20	
----------------------------------------
13	21	11	21	
----------------------------------------
9	22	13	22	
----------------------------------------
13	23	-1	-1	
----------------------------------------
-1	-1	13	24	
----------------------------------------
9	25	7	25	
----------------------------------------
13	26	-1	-1	
----------------------------------------
13	27	-1	-1	
----------------------------------------
-1	-1	11	28	
----------------------------------------
-1	-1	13	29	
----------------------------------------
11	30	-1	-1	
----------------------------------------
-1	-1	13	31	
----------------------------------------
11	32	-1	-1	
----------------------------------------
13	33	-1	-1	
----------------------------------------
-1	-1	11	34	
----------------------------------------
-1	-1	9	35	
----------------------------------------
7	36	11	36	
----------------------------------------
11	37	-1	-1	
----------------------------------------
11	38	-1	-1	
----------------------------------------
11	39	13	39	
----------------------------------------
13	40	-1	-1	
----------------------------------------
13	41	9	41	
----------------------------------------
13	42	-1	-1	
----------------------------------------
-1	-1	11	43	
----------------------------------------
11	44	-1	-1	
----------------------------------------
11	45	13	45	
----------------------------------------
-1	-1	13	46	
----------------------------------------
9	47	-1	-1	
----------------------------------------

****************************************
Node 11 Forwarding Table:
-1	-1	12	0	
----------------------------------------
10	1	-1	-1	
----------------------------------------
8	2	-1	-1	
----------------------------------------
-1	-1	10	3	
----------------------------------------
8	4	-1	-1	
----------------------------------------
12	5	-1	-1	
----------------------------------------
-1	-1	12	6	
----------------------------------------
-1	-1	8	7	
----------------------------------------
-1	-1	8	8	
----------------------------------------
12	9	-1	-1	
----------------------------------------
-1	-1	12	10	
----------------------------------------
8	11	-1	-1	
----------------------------------------
8	12	10	12	
----------------------------------------
-1	-1	8	13	
----------------------------------------
10	14	-1	-1	
----------------------------------------
-1	-1	12	15	
----------------------------------------
8	16	12	16	
----------------------------------------
-1	-1	8	17	
----------------------------------------
-1	-1	12	18	
----------------------------------------
10	19	-1	-1	
----------------------------------------
-1	-1	12	20	
----------------------------------------
8	21	-1	-1	
----------------------------------------
-1	-1	10	22	
----------------------------------------
12	23	-1	-1	
----------------------------------------
12	24	-1	-1	
----------------------------------------
8	25	10	25	
----------------------------------------
-1	-1	8	26	
----------------------------------------
10	27	8	27	
----------------------------------------
10	28	-1	-1	
----------------------------------------
-1	-1	10	29	
----------------------------------------
8	30	10	30	
----------------------------------------
8	31	12	31	
----------------------------------------
-1	-1	10	32	
----------------------------------------
-1	-1	8	33	
----------------------------------------
-1	-1	12	34	
----------------------------------------
10	35	-1	-1	
----------------------------------------
12	36	-1	-1	
----------------------------------------
12	37	-1	-1	
----------------------------------------
8	38	10	38	
----------------------------------------
-1	-1	10	39	
----------------------------------------
12	40	-1	-1	
----------------------------------------

****************************************
Node 12 Forwarding Table:
11	0	-1	-1	
----------------------------------------
9	1	-1	-1	
----------------------------------------
9	2	-1	-1	
----------------------------------------
5	3	-1	-1	
----------------------------------------
9	4	5	4	
----------------------------------------
5	5	-1	-1	
----------------------------------------
5	6	11	6	
----------------------------------------
11	7	-1	-1	
----------------------------------------
9	8	-1	-1	
----------------------------------------
5	9	-1	-1	
----------------------------------------
5	10	11	10	
----------------------------------------
-1	-1	9	11	
----------------------------------------
11	12	5	12	
----------------------------------------
5	13	-1	-1	
----------------------------------------
5	14	-1	-1	
----------------------------------------
11	15	9	15	
----------------------------------------
5	16	-1	-1	
----------------------------------------
11	17	-1	-1	
----------------------------------------
11	18	5	18	
----------------------------------------
-1	-1	9	19	
----------------------------------------
-1	-1	9	20	
----------------------------------------
11	21	-1	-1	
----------------------------------------
-1	-1	5	22	
----------------------------------------
5	23	11	23	
----------------------------------------
5	24	11	24	
----------------------------------------
9	25	-1	-1	
----------------------------------------
9	26	5	26	
----------------------------------------
-1	-1	5	27	
----------------------------------------
-1	-1	5	28	
----------------------------------------
5	29	-1	-1	
----------------------------------------
5	30	-1	-1	
----------------------------------------
11	31	9	31	
----------------------------------------
11	32	9	32	
----------------------------------------
5	33	11	33	
----------------------------------------
5	34	9	34	
----------------------------------------
9	35	11	35	
----------------------------------------
-1	-1	5	36	
----------------------------------------
9	37	11	37	
----------------------------------------
5	38	-1	-1	
----------------------------------------
-1	-1	9	39	
----------------------------------------

****************************************
Node 13 Forwarding Table:
-1	-1	10	0	
----------------------------------------
-1	-1	5	1	
----------------------------------------
5	2	-1	-1	
----------------------------------------
-1	-1	5	3	
----------------------------------------
-1	-1	10	4	
----------------------------------------
-1	-1	5	5	
----------------------------------------
-1	-1	5	6	
----------------------------------------
-1	-1	5	7	
----------------------------------------
5	8	-1	-1	
----------------------------------------
-1	-1	5	9	
----------------------------------------
5	10	-1	-1	
----------------------------------------
5	11	-1	-1	
----------------------------------------
5	12	-1	-1	
----------------------------------------
-1	-1	5	13	
----------------------------------------
5	14	-1	-1	
----------------------------------------
-1	-1	10	15	
----------------------------------------
10	16	-1	-1	
----------------------------------------
5	17	10	17	
----------------------------------------
-1	-1	5	18	
----------------------------------------
10	19	-1	-1	
----------------------------------------
5	20	10	20	
----------------------------------------
5	21	10	21	
----------------------------------------
5	22	-1	-1	
----------------------------------------
10	23	5	23	
----------------------------------------
5	24	-1	-1	
----------------------------------------
10	25	5	25	
----------------------------------------
-1	-1	10	26	
----------------------------------------
5	27	-1	-1	
----------------------------------------
10	28	-1	-1	
----------------------------------------
-1	-1	10	29	
----------------------------------------
-1	-1	10	30	
----------------------------------------
-1	-1	10	31	
----------------------------------------
5	32	-1	-1	
----------------------------------------
10	33	-1	-1	
----------------------------------------
10	34	-1	-1	
----------------------------------------

****************************************
