Node 0 Forwarding Table:
1	0	2	0	
----------------------------------------
2	1	-1	-1	
----------------------------------------
3	2	-1	-1	
----------------------------------------
2	3	3	3	
----------------------------------------
-1	-1	1	4	
----------------------------------------
2	5	1	5	
----------------------------------------
1	6	-1	-1	
----------------------------------------
2	7	-1	-1	
----------------------------------------
2	8	-1	-1	
----------------------------------------
2	9	1	9	
----------------------------------------
2	10	-1	-1	
----------------------------------------
1	11	2	11	
----------------------------------------
2	12	1	12	
----------------------------------------
1	13	2	13	
----------------------------------------
-1	-1	3	14	
----------------------------------------
2	15	3	15	
----------------------------------------
2	16	-1	-1	
----------------------------------------
1	17	-1	-1	
----------------------------------------
3	18	2	18	
----------------------------------------
-1	-1	3	19	
----------------------------------------
3	20	-1	-1	
----------------------------------------
-1	-1	1	21	
----------------------------------------
1	22	3	22	
----------------------------------------
1	23	-1	-1	
----------------------------------------
1	24	-1	-1	
----------------------------------------
3	25	1	25	
----------------------------------------
-1	-1	1	26	
----------------------------------------
-1	-1	2	27	
----------------------------------------
1	28	3	28	
----------------------------------------
3	29	2	29	
----------------------------------------
1	30	-1	-1	
----------------------------------------
1	31	-1	-1	
----------------------------------------
-1	-1	2	32	
----------------------------------------
3	33	-1	-1	
----------------------------------------
-1	-1	1	34	
----------------------------------------
3	35	-1	-1	
----------------------------------------
1	36	2	36	
----------------------------------------
3	37	2	37	
----------------------------------------
-1	-1	3	38	
----------------------------------------
3	39	2	39	
----------------------------------------

****************************************
Node 1 Forwarding Table:
-1	-1	7	0	
----------------------------------------
7	1	-1	-1	
----------------------------------------
-1	-1	0	2	
----------------------------------------
7	3	-1	-1	
----------------------------------------
7	4	-1	-1	
----------------------------------------
7	5	-1	-1	
----------------------------------------
-1	-1	7	6	
----------------------------------------
0	7	-1	-1	
----------------------------------------
0	8	-1	-1	
----------------------------------------
-1	-1	0	9	
----------------------------------------
0	10	7	10	
----------------------------------------
-1	-1	0	11	
----------------------------------------
-1	-1	7	12	
----------------------------------------
0	13	-1	-1	
----------------------------------------
-1	-1	0	14	
----------------------------------------
7	15	-1	-1	
----------------------------------------
7	16	0	16	
----------------------------------------
-1	-1	7	17	
----------------------------------------
0	18	-1	-1	
----------------------------------------
-1	-1	0	19	
----------------------------------------
-1	-1	7	20	
----------------------------------------
7	21	0	21	
----------------------------------------
7	22	0	22	
----------------------------------------
0	23	-1	-1	
----------------------------------------
0	24	7	24	
----------------------------------------
-1	-1	0	25	
----------------------------------------
7	26	-1	-1	
----------------------------------------
2	27	0	27	
----------------------------------------
7	28	0	28	
----------------------------------------
-1	-1	7	29	
----------------------------------------
2	30	-1	-1	
----------------------------------------
7	31	-1	-1	
----------------------------------------
-1	-1	7	32	
----------------------------------------
0	33	7	33	
----------------------------------------
-1	-1	7	34	
----------------------------------------
-1	-1	0	35	
----------------------------------------

****************************************
Node 2 Forwarding Table:
0	0	5	0	
----------------------------------------
5	1	0	1	
----------------------------------------
-1	-1	5	2	
----------------------------------------
-1	-1	5	3	
----------------------------------------
-1	-1	5	4	
----------------------------------------
5	5	-1	-1	
----------------------------------------
-1	-1	5	6	
----------------------------------------
-1	-1	5	7	
----------------------------------------
-1	-1	5	8	
----------------------------------------
-1	-1	0	9	
----------------------------------------
5	10	0	10	
----------------------------------------
5	11	0	11	
----------------------------------------
5	12	0	12	
----------------------------------------
-1	-1	0	13	
----------------------------------------
5	14	0	14	
----------------------------------------
5	15	-1	-1	
----------------------------------------
0	16	5	16	
----------------------------------------
5	17	0	17	
----------------------------------------
0	18	5	18	
----------------------------------------
-1	-1	5	19	
----------------------------------------
-1	-1	5	20	
----------------------------------------
-1	-1	0	21	
----------------------------------------
5	22	0	22	
----------------------------------------
0	23	-1	-1	
----------------------------------------
5	24	-1	-1	
----------------------------------------
0	25	5	25	
----------------------------------------
0	26	-1	-1	
----------------------------------------
-1	-1	1	27	
----------------------------------------
0	28	-1	-1	
----------------------------------------
-1	-1	1	29	
----------------------------------------
0	30	-1	-1	
----------------------------------------
0	31	-1	-1	
----------------------------------------
0	32	-1	-1	
----------------------------------------

****************************************
Node 3 Forwarding Table:
-1	-1	4	0	
----------------------------------------
8	1	4	1	
----------------------------------------
4	2	-1	-1	
----------------------------------------
8	3	0	3	
----------------------------------------
4	4	8	4	
----------------------------------------
4	5	-1	-1	
----------------------------------------
0	6	-1	-1	
----------------------------------------
4	7	-1	-1	
----------------------------------------
8	8	-1	-1	
----------------------------------------
-1	-1	4	9	
----------------------------------------
4	10	-1	-1	
----------------------------------------
0	11	8	11	
----------------------------------------
-1	-1	4	12	
----------------------------------------
0	13	4	13	
----------------------------------------
8	14	4	14	
----------------------------------------
4	15	0	15	
----------------------------------------
8	16	-1	-1	
----------------------------------------
8	17	-1	-1	
----------------------------------------
0	18	8	18	
----------------------------------------
-1	-1	8	19	
----------------------------------------
4	20	0	20	
----------------------------------------
8	21	4	21	
----------------------------------------
0	22	8	22	
----------------------------------------
8	23	-1	-1	
----------------------------------------
8	24	-1	-1	
----------------------------------------
-1	-1	0	25	
----------------------------------------
0	26	8	26	
----------------------------------------
-1	-1	0	27	
----------------------------------------
-1	-1	8	28	
----------------------------------------
-1	-1	0	29	
----------------------------------------
-1	-1	8	30	
----------------------------------------
-1	-1	0	31	
----------------------------------------
-1	-1	8	32	
----------------------------------------
-1	-1	8	33	
----------------------------------------
-1	-1	0	34	
----------------------------------------
0	35	-1	-1	
----------------------------------------
-1	-1	0	36	
----------------------------------------

****************************************
Node 4 Forwarding Table:
-1	-1	6	0	
----------------------------------------
3	1	5	1	
----------------------------------------
5	2	-1	-1	
----------------------------------------
3	3	-1	-1	
----------------------------------------
6	4	3	4	
----------------------------------------
6	5	-1	-1	
----------------------------------------
6	6	5	6	
----------------------------------------
-1	-1	3	7	
----------------------------------------
-1	-1	5	8	
----------------------------------------
6	9	5	9	
----------------------------------------
-1	-1	3	10	
----------------------------------------
5	11	6	11	
----------------------------------------
-1	-1	5	12	
----------------------------------------
5	13	-1	-1	
----------------------------------------
5	14	3	14	
----------------------------------------
-1	-1	5	15	
----------------------------------------
3	16	-1	-1	
----------------------------------------
6	17	5	17	
----------------------------------------
-1	-1	5	18	
----------------------------------------
5	19	3	19	
----------------------------------------
5	20	6	20	
----------------------------------------
5	21	-1	-1	
----------------------------------------
5	22	-1	-1	
----------------------------------------
6	23	5	23	
----------------------------------------
3	24	5	24	
----------------------------------------
5	25	-1	-1	
----------------------------------------
3	26	-1	-1	
----------------------------------------
3	27	-1	-1	
----------------------------------------
-1	-1	3	28	
----------------------------------------
-1	-1	3	29	
----------------------------------------
5	30	6	30	
----------------------------------------
3	31	-1	-1	
----------------------------------------
6	32	-1	-1	
----------------------------------------
6	33	-1	-1	
----------------------------------------
-1	-1	6	34	
----------------------------------------
-1	-1	6	35	
----------------------------------------

****************************************
Node 5 Forwarding Table:
4	0	12	0	
----------------------------------------
2	1	4	1	
----------------------------------------
12	2	2	2	
----------------------------------------
13	3	12	3	
----------------------------------------
2	4	13	4	
----------------------------------------
2	5	13	5	
----------------------------------------
2	6	12	6	
----------------------------------------
4	7	-1	-1	
----------------------------------------
4	8	13	8	
----------------------------------------
12	9	-1	-1	
----------------------------------------
13	10	2	10	
----------------------------------------
4	11	12	11	
----------------------------------------
2	12	12	12	
----------------------------------------
2	13	13	13	
----------------------------------------
2	14	4	14	
----------------------------------------
4	15	2	15	
----------------------------------------
-1	-1	12	16	
----------------------------------------
13	17	4	17	
----------------------------------------
-1	-1	4	18	
----------------------------------------
13	19	2	19	
----------------------------------------
12	20	2	20	
----------------------------------------
12	21	2	21	
----------------------------------------
4	22	2	22	
----------------------------------------
13	23	12	23	
----------------------------------------
2	24	13	24	
----------------------------------------
4	25	-1	-1	
----------------------------------------
-1	-1	2	26	
----------------------------------------
4	27	12	27	
----------------------------------------
13	28	4	28	
----------------------------------------
2	29	13	29	
----------------------------------------
2	30	12	30	
----------------------------------------
-1	-1	4	31	
----------------------------------------
12	32	4	32	
----------------------------------------
2	33	4	33	
----------------------------------------
4	34	12	34	
----------------------------------------
4	35	13	35	
----------------------------------------
12	36	-1	-1	
----------------------------------------
-1	-1	4	37	
----------------------------------------
12	38	2	38	
----------------------------------------
-1	-1	12	39	
----------------------------------------
12	40	2	40	
----------------------------------------
-1	-1	4	41	
----------------------------------------
12	42	13	42	
----------------------------------------
12	43	-1	-1	
----------------------------------------
-1	-1	13	44	
----------------------------------------
2	45	12	45	
----------------------------------------
-1	-1	12	46	
----------------------------------------
-1	-1	13	47	
----------------------------------------

****************************************
Node 6 Forwarding Table:
7	0	-1	-1	
----------------------------------------
4	1	-1	-1	
----------------------------------------
7	2	4	2	
----------------------------------------
-1	-1	4	3	
----------------------------------------
-1	-1	7	4	
----------------------------------------
7	5	4	5	
----------------------------------------
-1	-1	7	6	
----------------------------------------
-1	-1	4	7	
----------------------------------------
4	8	-1	-1	
----------------------------------------
7	9	-1	-1	
----------------------------------------
7	10	-1	-1	
----------------------------------------
-1	-1	4	11	
----------------------------------------
4	12	-1	-1	
----------------------------------------
-1	-1	4	13	
----------------------------------------
4	14	7	14	
----------------------------------------
7	15	-1	-1	
----------------------------------------
7	16	-1	-1	
----------------------------------------
7	17	4	17	
----------------------------------------
-1	-1	7	18	
----------------------------------------
7	19	4	19	
----------------------------------------
4	20	-1	-1	
----------------------------------------
7	21	-1	-1	
----------------------------------------
4	22	7	22	
----------------------------------------

****************************************
Node 7 Forwarding Table:
10	0	6	0	
----------------------------------------
1	1	10	1	
----------------------------------------
-1	-1	10	2	
----------------------------------------
10	3	1	3	
----------------------------------------
-1	-1	10	4	
----------------------------------------
10	5	1	5	
----------------------------------------
-1	-1	6	6	
----------------------------------------
6	7	10	7	
----------------------------------------
10	8	1	8	
----------------------------------------
-1	-1	6	9	
----------------------------------------
6	10	1	10	
----------------------------------------
1	11	10	11	
----------------------------------------
1	12	-1	-1	
----------------------------------------
1	13	6	13	
----------------------------------------
10	14	6	14	
----------------------------------------
-1	-1	10	15	
----------------------------------------
10	16	1	16	
----------------------------------------
10	17	1	17	
----------------------------------------
6	18	-1	-1	
----------------------------------------
1	19	6	19	
----------------------------------------
1	20	6	20	
----------------------------------------
-1	-1	1	21	
----------------------------------------
-1	-1	1	22	
----------------------------------------
1	23	-1	-1	
----------------------------------------
-1	-1	1	24	
----------------------------------------
-1	-1	6	25	
----------------------------------------
6	26	1	26	
----------------------------------------
1	27	6	27	
----------------------------------------
-1	-1	1	28	
----------------------------------------
1	29	-1	-1	
----------------------------------------
1	30	-1	-1	
----------------------------------------
1	31	-1	-1	
----------------------------------------
-1	-1	6	32	
----------------------------------------
6	33	-1	-1	
----------------------------------------

****************************************
Node 8 Forwarding Table:
-1	-1	3	0	
----------------------------------------
-1	-1	11	1	
----------------------------------------
9	2	-1	-1	
----------------------------------------
-1	-1	3	3	
----------------------------------------
3	4	-1	-1	
----------------------------------------
-1	-1	9	5	
----------------------------------------
-1	-1	9	6	
----------------------------------------
9	7	-1	-1	
----------------------------------------
-1	-1	3	8	
----------------------------------------
3	9	-1	-1	
----------------------------------------
9	10	-1	-1	
----------------------------------------
-1	-1	3	11	
----------------------------------------
-1	-1	9	12	
----------------------------------------
-1	-1	9	13	
----------------------------------------
11	14	3	14	
----------------------------------------
-1	-1	3	15	
----------------------------------------
3	16	9	16	
----------------------------------------
3	17	9	17	
----------------------------------------
-1	-1	11	18	
----------------------------------------
9	19	-1	-1	
----------------------------------------
9	20	-1	-1	
----------------------------------------
-1	-1	11	21	
----------------------------------------
-1	-1	3	22	
----------------------------------------
3	23	-1	-1	
----------------------------------------
-1	-1	9	24	
----------------------------------------
9	25	3	25	
----------------------------------------
9	26	3	26	
----------------------------------------
11	27	-1	-1	
----------------------------------------
11	28	-1	-1	
----------------------------------------
3	29	-1	-1	
----------------------------------------
-1	-1	11	30	
----------------------------------------
-1	-1	11	31	
----------------------------------------
3	32	-1	-1	
----------------------------------------
11	33	-1	-1	
----------------------------------------
3	34	-1	-1	
----------------------------------------
3	35	11	35	
----------------------------------------
-1	-1	11	36	
----------------------------------------
3	37	9	37	
----------------------------------------

****************************************
Node 9 Forwarding Table:
10	0	12	0	
----------------------------------------
-1	-1	12	1	
----------------------------------------
12	2	8	2	
----------------------------------------
-1	-1	12	3	
----------------------------------------
12	4	-1	-1	
----------------------------------------
10	5	-1	-1	
----------------------------------------
8	6	10	6	
----------------------------------------
10	7	12	7	
----------------------------------------
8	8	-1	-1	
----------------------------------------
10	9	8	9	
----------------------------------------
10	10	-1	-1	
----------------------------------------
-1	-1	12	11	
----------------------------------------
12	12	-1	-1	
----------------------------------------
10	13	-1	-1	
----------------------------------------
-1	-1	12	14	
----------------------------------------
12	15	-1	-1	
----------------------------------------
12	16	-1	-1	
----------------------------------------
-1	-1	8	17	
----------------------------------------
8	18	-1	-1	
----------------------------------------
-1	-1	12	19	
----------------------------------------
-1	-1	10	20	
----------------------------------------
8	21	10	21	
----------------------------------------
8	22	12	22	
----------------------------------------
8	23	10	23	
----------------------------------------
10	24	-1	-1	
----------------------------------------
10	25	-1	-1	
----------------------------------------
-1	-1	10	26	
----------------------------------------
12	27	8	27	
----------------------------------------
12	28	8	28	
----------------------------------------
-1	-1	12	29	
----------------------------------------
8	30	10	30	
----------------------------------------
-1	-1	8	31	
----------------------------------------
10	32	8	32	
----------------------------------------
10	33	-1	-1	
----------------------------------------
10	34	-1	-1	
----------------------------------------
10	35	-1	-1	
----------------------------------------
-1	-1	10	36	
----------------------------------------
-1	-1	10	37	
----------------------------------------
8	38	12	38	
----------------------------------------
12	39	10	39	
----------------------------------------

****************************************
Node 10 Forwarding Table:
-1	-1	7	0	
----------------------------------------
7	1	-1	-1	
----------------------------------------
7	2	9	2	
----------------------------------------
13	3	11	3	
----------------------------------------
-1	-1	7	4	
----------------------------------------
7	5	-1	-1	
----------------------------------------
-1	-1	7	6	
----------------------------------------
13	7	-1	-1	
----------------------------------------
7	8	-1	-1	
----------------------------------------
11	9	7	9	
----------------------------------------
13	10	-1	-1	
----------------------------------------
7	11	11	11	
----------------------------------------
13	12	-1	-1	
----------------------------------------
13	13	9	13	
----------------------------------------
9	14	-1	-1	
----------------------------------------
-1	-1	9	15	
----------------------------------------
-1	-1	9	16	
----------------------------------------
11	17	9	17	
----------------------------------------
-1	-1	7	18	
----------------------------------------
7	19	9	19	
----------------------------------------
9	20	11	20	
----------------------------------------
-1	-1	7	21	
----------------------------------------
13	22	7	22	
----------------------------------------
9	23	-1	-1	
----------------------------------------
9	24	-1	-1	
----------------------------------------
-1	-1	9	25	
----------------------------------------
13	26	11	26	
----------------------------------------
11	27	9	27	
----------------------------------------
9	28	13	28	
----------------------------------------
-1	-1	13	29	
----------------------------------------
-1	-1	11	30	
----------------------------------------
11	31	-1	-1	
----------------------------------------
9	32	-1	-1	
----------------------------------------
13	33	-1	-1	
----------------------------------------
13	34	9	34	
----------------------------------------
-1	-1	11	35	
----------------------------------------
-1	-1	9	36	
----------------------------------------
11	37	-1	-1	
----------------------------------------
11	38	-1	-1	
----------------------------------------
11	39	9	39	
----------------------------------------
11	40	13	40	
----------------------------------------
13	41	-1	-1	
----------------------------------------
11	42	9	42	
----------------------------------------
-1	-1	11	43	
----------------------------------------
9	44	11	44	
----------------------------------------
11	45	-1	-1	
----------------------------------------
11	46	13	46	
----------------------------------------
-1	-1	13	47	
----------------------------------------
9	48	11	48	
----------------------------------------
9	49	-1	-1	
----------------------------------------

****************************************
Node 11 Forwarding Table:
-1	-1	12	0	
----------------------------------------
10	1	-1	-1	
----------------------------------------
8	2	-1	-1	
----------------------------------------
-1	-1	10	3	
----------------------------------------
10	4	-1	-1	
----------------------------------------
12	5	-1	-1	
----------------------------------------
-1	-1	12	6	
----------------------------------------
-1	-1	12	7	
----------------------------------------
-1	-1	10	8	
----------------------------------------
12	9	-1	-1	
----------------------------------------
-1	-1	12	10	
----------------------------------------
10	11	-1	-1	
----------------------------------------
-1	-1	8	12	
----------------------------------------
10	13	-1	-1	
----------------------------------------
-1	-1	10	14	
----------------------------------------
8	15	12	15	
----------------------------------------
-1	-1	12	16	
----------------------------------------
10	17	-1	-1	
----------------------------------------
-1	-1	12	18	
----------------------------------------
8	19	-1	-1	
----------------------------------------
-1	-1	10	20	
----------------------------------------
-1	-1	8	21	
----------------------------------------
10	22	8	22	
----------------------------------------
12	23	-1	-1	
----------------------------------------
-1	-1	10	24	
----------------------------------------
8	25	10	25	
----------------------------------------
8	26	10	26	
----------------------------------------
-1	-1	10	27	
----------------------------------------
-1	-1	8	28	
----------------------------------------
-1	-1	10	29	
----------------------------------------
10	30	-1	-1	
----------------------------------------
10	31	-1	-1	
----------------------------------------
8	32	-1	-1	
----------------------------------------
8	33	10	33	
----------------------------------------
-1	-1	10	34	
----------------------------------------
10	35	-1	-1	
----------------------------------------

****************************************
Node 12 Forwarding Table:
11	0	-1	-1	
----------------------------------------
9	1	-1	-1	
----------------------------------------
5	2	-1	-1	
----------------------------------------
9	3	5	3	
----------------------------------------
5	4	-1	-1	
----------------------------------------
5	5	9	5	
----------------------------------------
9	6	5	6	
----------------------------------------
5	7	9	7	
----------------------------------------
5	8	-1	-1	
----------------------------------------
5	9	11	9	
----------------------------------------
11	10	-1	-1	
----------------------------------------
9	11	5	11	
----------------------------------------
11	12	5	12	
----------------------------------------
9	13	-1	-1	
----------------------------------------
5	14	-1	-1	
----------------------------------------
5	15	9	15	
----------------------------------------
5	16	11	16	
----------------------------------------
9	17	5	17	
----------------------------------------
-1	-1	9	18	
----------------------------------------
5	19	9	19	
----------------------------------------
11	20	5	20	
----------------------------------------
9	21	5	21	
----------------------------------------
9	22	-1	-1	
----------------------------------------
5	23	-1	-1	
----------------------------------------
11	24	-1	-1	
----------------------------------------
11	25	5	25	
----------------------------------------
-1	-1	9	26	
----------------------------------------
-1	-1	9	27	
----------------------------------------
11	28	-1	-1	
----------------------------------------
-1	-1	5	29	
----------------------------------------
9	30	-1	-1	
----------------------------------------
-1	-1	5	31	
----------------------------------------
5	32	11	32	
----------------------------------------
5	33	-1	-1	
----------------------------------------
9	34	-1	-1	
----------------------------------------
-1	-1	9	35	
----------------------------------------

****************************************
Node 13 Forwarding Table:
-1	-1	10	0	
----------------------------------------
-1	-1	5	1	
----------------------------------------
5	2	10	2	
----------------------------------------
5	3	-1	-1	
----------------------------------------
5	4	10	4	
----------------------------------------
-1	-1	5	5	
----------------------------------------
5	6	10	6	
----------------------------------------
-1	-1	10	7	
----------------------------------------
-1	-1	5	8	
----------------------------------------
-1	-1	5	9	
----------------------------------------
-1	-1	5	10	
----------------------------------------
5	11	-1	-1	
----------------------------------------
-1	-1	5	12	
----------------------------------------
5	13	-1	-1	
----------------------------------------
5	14	-1	-1	
----------------------------------------
-1	-1	10	15	
----------------------------------------
-1	-1	10	16	
----------------------------------------
10	17	-1	-1	
----------------------------------------
10	18	-1	-1	
----------------------------------------
5	19	-1	-1	
----------------------------------------
-1	-1	10	20	
----------------------------------------
-1	-1	10	21	
----------------------------------------
5	22	-1	-1	
----------------------------------------
10	23	-1	-1	
----------------------------------------
-1	-1	10	24	
----------------------------------------
5	25	-1	-1	
----------------------------------------
10	26	-1	-1	
----------------------------------------
10	27	-1	-1	
----------------------------------------

****************************************
