0	10	6
10->7->6
0,0,-1
7
----------------------------------------
1	1	10
1->7->10
0,1,-1
8
----------------------------------------
2	11	12
11->12
0,-1
4
----------------------------------------
3	4	6
4->6
0,-1
2
----------------------------------------
4	7	12
7->10->9->12
2,2,0,-1
8
----------------------------------------
5	13	11
13->10->11
0,3,-1
6
----------------------------------------
6	10	1
10->7->1
4,3,-1
8
----------------------------------------
7	7	10
7->10
4,-1
4
----------------------------------------
8	3	12
3->4->5->12
0,1,0,-1
7
----------------------------------------
9	1	4
1->0->2->5->4
2,0,0,1,-1
7
----------------------------------------
10	10	1
10->7->1
6,5,-1
8
----------------------------------------
11	8	4
8->3->4
0,1,-1
7
----------------------------------------
12	9	0
9->12->5->2->0
1,3,2,1,-1
7
----------------------------------------
13	13	12
13->5->12
1,3,-1
4
----------------------------------------
14	7	3
7->6->4->3
6,2,4,-1
8
----------------------------------------
15	6	4
6->4
3,-1
2
----------------------------------------
16	8	11
8->11
1,-1
5
----------------------------------------
17	2	10
2->5->13->10
2,4,2,-1
7
----------------------------------------
18	2	13
2->5->13
3,5,-1
3
----------------------------------------
19	2	8
2->5->12->9->8
4,6,5,2,-1
8
----------------------------------------
20	6	10
6->7->10
4,7,-1
7
----------------------------------------
21	8	0
8->3->0
3,3,-1
9
----------------------------------------
22	11	1
11->10->7->1
3,9,8,-1
10
----------------------------------------
23	7	5
7->6->4->5
9,5,6,-1
7
----------------------------------------
24	4	8
4->3->8
7,4,-1
7
----------------------------------------
25	6	1
6->7->1
6,10,-1
7
----------------------------------------
26	4	10
4->5->13->10
8,8,4,-1
8
----------------------------------------
27	1	11
1->7->10->11
6,11,11,-1
10
----------------------------------------
28	9	5
9->12->5
3,6,-1
5
----------------------------------------
29	13	2
13->5->2
5,10,-1
3
----------------------------------------
30	6	9
6->4->5->12->9
7,9,11,7,-1
9
----------------------------------------
31	2	12
2->5->12
6,12,-1
3
----------------------------------------
32	4	3
4->3
10,-1
3
----------------------------------------
33	2	10
2->5->13->10
7,13,6,-1
7
----------------------------------------
34	2	6
2->5->4->6
8,14,11,-1
5
----------------------------------------
35	2	3
2->0->3
9,3,-1
6
----------------------------------------
36	0	1
0->1
4,-1
3
----------------------------------------
37	4	1
4->5->2->0->1
12,15,10,5,-1
7
----------------------------------------
38	13	9
13->10->9
7,13,-1
5
----------------------------------------
39	5	11
5->12->11
16,9,-1
6
----------------------------------------
40	13	4
13->5->4
8,17,-1
4
----------------------------------------
41	5	3
5->4->3
18,14,-1
5
----------------------------------------
42	8	10
8->9->10
5,6,-1
3
----------------------------------------
43	11	12
11->12
6,-1
4
----------------------------------------
44	1	0
1->0
9,-1
3
----------------------------------------
45	13	0
13->5->2->0
9,19,11,-1
4
----------------------------------------
46	10	0
10->9->12->5->2->0
15,7,11,20,12,-1
8
----------------------------------------
47	8	9
8->9
6,-1
2
----------------------------------------
48	2	7
2->0->1->7
13,9,10,-1
8
----------------------------------------
49	10	8
10->9->8
16,9,-1
3
----------------------------------------
50	11	0
11->12->5->2->0
7,12,21,14,-1
8
----------------------------------------
51	11	9
11->10->9
8,17,-1
3
----------------------------------------
52	8	3
8->3
8,-1
4
----------------------------------------
53	9	12
9->12
11,-1
3
----------------------------------------
54	4	2
4->5->2
15,22,-1
3
----------------------------------------
55	13	12
13->5->12
10,23,-1
4
----------------------------------------
56	1	13
1->0->2->5->13
11,11,16,24,-1
7
----------------------------------------
57	1	6
1->7->6
12,13,-1
7
----------------------------------------
58	3	4
3->4
9,-1
3
----------------------------------------
59	10	6
10->7->6
18,14,-1
7
----------------------------------------
60	6	5
6->4->5
11,17,-1
4
----------------------------------------
61	5	1
5->2->0->1
26,17,12,-1
5
----------------------------------------
62	4	9
4->5->12->9
18,27,15,-1
7
----------------------------------------
63	13	3
13->5->4->3
12,28,19,-1
7
----------------------------------------
64	1	13
1->0->2->5->13
14,13,18,29,-1
7
----------------------------------------
65	2	11
2->5->12->11
19,30,16,-1
7
----------------------------------------
66	5	6
5->4->6
31,20,-1
4
----------------------------------------
67	7	9
7->10->9
15,19,-1
5
----------------------------------------
68	9	4
9->12->5->4
14,17,32,-1
7
----------------------------------------
69	12	9
12->9
18,-1
3
----------------------------------------
70	2	4
2->5->4
20,33,-1
3
----------------------------------------
71	6	9
6->4->5->12->9
13,23,34,19,-1
9
----------------------------------------
72	0	8
0->3->8
14,11,-1
9
----------------------------------------
73	3	13
3->4->5->13
12,24,35,-1
7
----------------------------------------
74	11	5
11->12->5
10,20,-1
6
----------------------------------------
75	5	4
5->4
37,-1
2
----------------------------------------
76	9	8
9->8
17,-1
2
----------------------------------------
77	2	4
2->0->3->4
21,15,13,-1
9
----------------------------------------
78	8	4
8->3->4
11,14,-1
7
----------------------------------------
79	8	9
8->9
12,-1
2
----------------------------------------
80	9	0
9->12->5->2->0
19,21,38,22,-1
7
----------------------------------------
81	9	11
9->10->11
20,20,-1
3
----------------------------------------
82	10	1
10->7->1
21,16,-1
8
----------------------------------------
83	13	0
13->10->7->1->0
15,22,17,16,-1
15
----------------------------------------
84	4	2
4->3->0->2
28,15,18,-1
9
----------------------------------------
85	8	10
8->9->10
13,21,-1
3
----------------------------------------
86	11	3
11->8->3
12,14,-1
9
----------------------------------------
87	8	3
8->3
15,-1
4
----------------------------------------
88	0	12
0->3->8->9->12
19,18,16,22,-1
14
----------------------------------------
89	3	10
3->8->9->10
19,17,23,-1
7
----------------------------------------
90	10	9
10->9
25,-1
1
----------------------------------------
91	13	11
13->10->11
16,26,-1
6
----------------------------------------
92	11	9
11->10->9
14,27,-1
3
----------------------------------------
93	4	0
4->3->0
29,20,-1
8
----------------------------------------
94	5	12
5->12
39,-1
2
----------------------------------------
95	8	12
8->11->12
18,15,-1
9
----------------------------------------
96	9	13
9->10->13
26,28,-1
5
----------------------------------------
97	11	2
11->12->5->2
16,25,40,-1
7
----------------------------------------
98	10	13
10->13
29,-1
4
----------------------------------------
99	12	8
12->9->8
26,27,-1
5
----------------------------------------
100	5	7
5->4->6->7
41,30,14,-1
7
----------------------------------------
101	12	8
12->9->8
27,28,-1
5
----------------------------------------
102	10	11
10->11
30,-1
2
----------------------------------------
103	11	12
11->12
18,-1
4
----------------------------------------
104	8	11
8->11
21,-1
5
----------------------------------------
105	1	6
1->7->6
17,19,-1
7
----------------------------------------
106	8	4
8->3->4
22,21,-1
7
----------------------------------------
107	0	1
0->1
21,-1
3
----------------------------------------
108	1	8
1->0->3->8
19,22,22,-1
12
----------------------------------------
109	11	10
11->10
20,-1
2
----------------------------------------
110	12	13
12->5->13
29,42,-1
4
----------------------------------------
111	1	6
1->7->6
20,20,-1
7
----------------------------------------
112	9	12
9->12
29,-1
3
----------------------------------------
113	8	10
8->9->10
24,30,-1
3
----------------------------------------
114	7	0
7->1->0
21,21,-1
7
----------------------------------------
115	9	3
9->8->3
31,25,-1
6
----------------------------------------
116	13	10
13->10
20,-1
4
----------------------------------------
117	13	3
13->10->9->8->3
21,34,32,26,-1
11
----------------------------------------
118	7	0
7->1->0
22,22,-1
7
----------------------------------------
119	12	5
12->5
31,-1
2
----------------------------------------
120	5	13
5->13
44,-1
2
----------------------------------------
121	11	8
11->8
21,-1
5
----------------------------------------
122	3	1
3->0->1
25,25,-1
8
----------------------------------------
123	10	8
10->11->8
35,22,-1
7
----------------------------------------
124	0	7
0->1->7
26,24,-1
7
----------------------------------------
125	10	9
10->9
36,-1
1
----------------------------------------
126	0	11
0->2->5->12->11
27,25,45,32,-1
8
----------------------------------------
127	1	8
1->0->3->8
25,28,26,-1
12
----------------------------------------
128	11	10
11->10
24,-1
2
----------------------------------------
129	8	10
8->11->10
30,25,-1
7
----------------------------------------
130	5	12
5->12
46,-1
2
----------------------------------------
131	7	1
7->1
24,-1
4
----------------------------------------
132	7	4
7->6->4
25,17,-1
5
----------------------------------------
133	8	9
8->11->10->9
31,26,39,-1
8
----------------------------------------
134	11	13
11->10->13
27,40,-1
6
----------------------------------------
135	3	2
3->0->2
27,29,-1
6
----------------------------------------
136	3	8
3->8
28,-1
4
----------------------------------------
137	2	0
2->1->0
27,27,-1
8
----------------------------------------
138	6	0
6->7->1->0
18,26,28,-1
10
----------------------------------------
139	11	8
11->8
28,-1
5
----------------------------------------
140	0	2
0->2
32,-1
1
----------------------------------------
141	13	10
13->10
24,-1
4
----------------------------------------
142	3	0
3->0
29,-1
5
----------------------------------------
143	3	8
3->8
30,-1
4
----------------------------------------
144	1	4
1->7->6->4
29,27,19,-1
9
----------------------------------------
145	2	1
2->1
29,-1
5
----------------------------------------
146	7	1
7->1
28,-1
4
----------------------------------------
147	4	6
4->6
34,-1
2
----------------------------------------
148	1	7
1->7
32,-1
4
----------------------------------------
149	0	7
0->1->7
34,33,-1
7
----------------------------------------
150	3	0
3->0
31,-1
5
----------------------------------------
151	11	9
11->10->9
29,42,-1
3
----------------------------------------
152	1	7
1->7
34,-1
4
----------------------------------------
153	7	6
7->6
32,-1
3
----------------------------------------
154	10	11
10->11
43,-1
2
----------------------------------------
155	5	13
5->13
47,-1
2
----------------------------------------
156	1	2
1->0->2
35,36,-1
4
----------------------------------------
157	9	11
9->10->11
36,44,-1
3
----------------------------------------
158	3	11
3->8->11
32,35,-1
9
----------------------------------------
159	4	7
4->6->7
35,22,-1
5
----------------------------------------
160	8	10
8->11->10
36,33,-1
7
----------------------------------------
161	11	13
11->10->13
34,46,-1
6
----------------------------------------
162	10	13
10->13
47,-1
4
----------------------------------------
163	9	11
9->10->11
37,48,-1
3
----------------------------------------
164	3	12
3->8->9->12
33,37,38,-1
9
----------------------------------------
165	3	2
3->0->2
34,37,-1
6
----------------------------------------
166	0	3
0->3
38,-1
5
----------------------------------------
167	12	10
12->9->10
35,39,-1
4
----------------------------------------
168	3	2
3->0->2
36,39,-1
6
----------------------------------------
