Node 0 Forwarding Table:
1	0	2	0	
----------------------------------------
2	1	-1	-1	
----------------------------------------
3	2	-1	-1	
----------------------------------------
2	3	3	3	
----------------------------------------
-1	-1	1	4	
----------------------------------------
2	5	1	5	
----------------------------------------
1	6	-1	-1	
----------------------------------------
2	7	-1	-1	
----------------------------------------
2	8	-1	-1	
----------------------------------------
2	9	1	9	
----------------------------------------
2	10	-1	-1	
----------------------------------------
1	11	2	11	
----------------------------------------
2	12	1	12	
----------------------------------------
1	13	2	13	
----------------------------------------
-1	-1	3	14	
----------------------------------------
2	15	-1	-1	
----------------------------------------
2	16	3	16	
----------------------------------------
2	17	-1	-1	
----------------------------------------
3	18	2	18	
----------------------------------------
-1	-1	3	19	
----------------------------------------
3	20	-1	-1	
----------------------------------------
2	21	-1	-1	
----------------------------------------
1	22	2	22	
----------------------------------------
-1	-1	1	23	
----------------------------------------
1	24	3	24	
----------------------------------------
1	25	-1	-1	
----------------------------------------
3	26	-1	-1	
----------------------------------------
1	27	-1	-1	
----------------------------------------
3	28	1	28	
----------------------------------------
-1	-1	1	29	
----------------------------------------
-1	-1	2	30	
----------------------------------------
1	31	3	31	
----------------------------------------
3	32	2	32	
----------------------------------------
1	33	-1	-1	
----------------------------------------
1	34	-1	-1	
----------------------------------------
-1	-1	2	35	
----------------------------------------
3	36	-1	-1	
----------------------------------------
3	37	1	37	
----------------------------------------
-1	-1	1	38	
----------------------------------------
3	39	-1	-1	
----------------------------------------
1	40	2	40	
----------------------------------------
1	41	-1	-1	
----------------------------------------
3	42	2	42	
----------------------------------------
1	43	-1	-1	
----------------------------------------
1	44	-1	-1	
----------------------------------------
3	45	2	45	
----------------------------------------
-1	-1	3	46	
----------------------------------------
3	47	2	47	
----------------------------------------

****************************************
Node 1 Forwarding Table:
-1	-1	7	0	
----------------------------------------
7	1	-1	-1	
----------------------------------------
-1	-1	0	2	
----------------------------------------
7	3	-1	-1	
----------------------------------------
7	4	-1	-1	
----------------------------------------
7	5	-1	-1	
----------------------------------------
-1	-1	7	6	
----------------------------------------
0	7	-1	-1	
----------------------------------------
0	8	-1	-1	
----------------------------------------
-1	-1	0	9	
----------------------------------------
0	10	7	10	
----------------------------------------
-1	-1	0	11	
----------------------------------------
-1	-1	7	12	
----------------------------------------
0	13	-1	-1	
----------------------------------------
-1	-1	0	14	
----------------------------------------
7	15	-1	-1	
----------------------------------------
-1	-1	0	16	
----------------------------------------
-1	-1	7	17	
----------------------------------------
0	18	-1	-1	
----------------------------------------
-1	-1	0	19	
----------------------------------------
-1	-1	7	20	
----------------------------------------
7	21	0	21	
----------------------------------------
7	22	0	22	
----------------------------------------
0	23	-1	-1	
----------------------------------------
0	24	7	24	
----------------------------------------
-1	-1	0	25	
----------------------------------------
7	26	-1	-1	
----------------------------------------
2	27	0	27	
----------------------------------------
7	28	0	28	
----------------------------------------
-1	-1	7	29	
----------------------------------------
2	30	-1	-1	
----------------------------------------
7	31	-1	-1	
----------------------------------------
0	32	-1	-1	
----------------------------------------
-1	-1	7	33	
----------------------------------------
0	34	7	34	
----------------------------------------
-1	-1	7	35	
----------------------------------------
-1	-1	0	36	
----------------------------------------
2	37	0	37	
----------------------------------------
7	38	0	38	
----------------------------------------
2	39	0	39	
----------------------------------------

****************************************
Node 2 Forwarding Table:
0	0	5	0	
----------------------------------------
5	1	0	1	
----------------------------------------
-1	-1	5	2	
----------------------------------------
-1	-1	5	3	
----------------------------------------
-1	-1	5	4	
----------------------------------------
5	5	-1	-1	
----------------------------------------
-1	-1	5	6	
----------------------------------------
-1	-1	5	7	
----------------------------------------
-1	-1	5	8	
----------------------------------------
-1	-1	0	9	
----------------------------------------
5	10	0	10	
----------------------------------------
5	11	0	11	
----------------------------------------
5	12	0	12	
----------------------------------------
-1	-1	0	13	
----------------------------------------
5	14	0	14	
----------------------------------------
5	15	-1	-1	
----------------------------------------
0	16	5	16	
----------------------------------------
5	17	0	17	
----------------------------------------
0	18	5	18	
----------------------------------------
-1	-1	5	19	
----------------------------------------
-1	-1	5	20	
----------------------------------------
-1	-1	5	21	
----------------------------------------
5	22	0	22	
----------------------------------------
-1	-1	0	23	
----------------------------------------
5	24	0	24	
----------------------------------------
0	25	-1	-1	
----------------------------------------
5	26	-1	-1	
----------------------------------------
5	27	0	27	
----------------------------------------
0	28	5	28	
----------------------------------------
5	29	-1	-1	
----------------------------------------
0	30	5	30	
----------------------------------------
0	31	-1	-1	
----------------------------------------
-1	-1	1	32	
----------------------------------------
0	33	-1	-1	
----------------------------------------
-1	-1	1	34	
----------------------------------------
0	35	-1	-1	
----------------------------------------
-1	-1	1	36	
----------------------------------------
0	37	-1	-1	
----------------------------------------
-1	-1	1	38	
----------------------------------------
0	39	-1	-1	
----------------------------------------
0	40	-1	-1	
----------------------------------------

****************************************
Node 3 Forwarding Table:
-1	-1	4	0	
----------------------------------------
8	1	4	1	
----------------------------------------
4	2	-1	-1	
----------------------------------------
8	3	0	3	
----------------------------------------
4	4	8	4	
----------------------------------------
4	5	-1	-1	
----------------------------------------
0	6	-1	-1	
----------------------------------------
4	7	-1	-1	
----------------------------------------
8	8	-1	-1	
----------------------------------------
-1	-1	4	9	
----------------------------------------
4	10	-1	-1	
----------------------------------------
0	11	8	11	
----------------------------------------
-1	-1	8	12	
----------------------------------------
8	13	4	13	
----------------------------------------
0	14	4	14	
----------------------------------------
4	15	0	15	
----------------------------------------
8	16	-1	-1	
----------------------------------------
8	17	-1	-1	
----------------------------------------
0	18	8	18	
----------------------------------------
-1	-1	8	19	
----------------------------------------
4	20	0	20	
----------------------------------------
-1	-1	4	21	
----------------------------------------
4	22	8	22	
----------------------------------------
0	23	8	23	
----------------------------------------
8	24	-1	-1	
----------------------------------------
8	25	0	25	
----------------------------------------
8	26	-1	-1	
----------------------------------------
-1	-1	0	27	
----------------------------------------
8	28	-1	-1	
----------------------------------------
0	29	8	29	
----------------------------------------
8	30	4	30	
----------------------------------------
-1	-1	0	31	
----------------------------------------
-1	-1	8	32	
----------------------------------------
-1	-1	0	33	
----------------------------------------
-1	-1	8	34	
----------------------------------------
8	35	0	35	
----------------------------------------
-1	-1	0	36	
----------------------------------------
-1	-1	8	37	
----------------------------------------
8	38	0	38	
----------------------------------------
8	39	-1	-1	
----------------------------------------
-1	-1	4	40	
----------------------------------------
-1	-1	0	41	
----------------------------------------
0	42	-1	-1	
----------------------------------------
-1	-1	0	43	
----------------------------------------

****************************************
Node 4 Forwarding Table:
-1	-1	6	0	
----------------------------------------
3	1	5	1	
----------------------------------------
5	2	-1	-1	
----------------------------------------
3	3	-1	-1	
----------------------------------------
6	4	3	4	
----------------------------------------
6	5	-1	-1	
----------------------------------------
6	6	5	6	
----------------------------------------
-1	-1	3	7	
----------------------------------------
-1	-1	5	8	
----------------------------------------
-1	-1	3	9	
----------------------------------------
5	10	6	10	
----------------------------------------
-1	-1	5	11	
----------------------------------------
5	12	-1	-1	
----------------------------------------
5	13	3	13	
----------------------------------------
-1	-1	5	14	
----------------------------------------
3	15	-1	-1	
----------------------------------------
6	16	5	16	
----------------------------------------
-1	-1	5	17	
----------------------------------------
5	18	3	18	
----------------------------------------
5	19	6	19	
----------------------------------------
6	20	5	20	
----------------------------------------
6	21	5	21	
----------------------------------------
5	22	-1	-1	
----------------------------------------
5	23	-1	-1	
----------------------------------------
6	24	5	24	
----------------------------------------
5	25	-1	-1	
----------------------------------------
5	26	-1	-1	
----------------------------------------
3	27	-1	-1	
----------------------------------------
3	28	-1	-1	
----------------------------------------
-1	-1	3	29	
----------------------------------------
-1	-1	3	30	
----------------------------------------
3	31	6	31	
----------------------------------------
6	32	-1	-1	
----------------------------------------
6	33	3	33	
----------------------------------------
3	34	-1	-1	
----------------------------------------
6	35	-1	-1	
----------------------------------------
6	36	-1	-1	
----------------------------------------
-1	-1	6	37	
----------------------------------------
-1	-1	6	38	
----------------------------------------
3	39	5	39	
----------------------------------------

****************************************
Node 5 Forwarding Table:
4	0	12	0	
----------------------------------------
2	1	4	1	
----------------------------------------
12	2	2	2	
----------------------------------------
13	3	12	3	
----------------------------------------
2	4	13	4	
----------------------------------------
2	5	13	5	
----------------------------------------
2	6	12	6	
----------------------------------------
4	7	-1	-1	
----------------------------------------
4	8	13	8	
----------------------------------------
12	9	-1	-1	
----------------------------------------
13	10	2	10	
----------------------------------------
2	11	12	11	
----------------------------------------
2	12	13	12	
----------------------------------------
2	13	4	13	
----------------------------------------
4	14	2	14	
----------------------------------------
-1	-1	12	15	
----------------------------------------
13	16	4	16	
----------------------------------------
-1	-1	4	17	
----------------------------------------
13	18	2	18	
----------------------------------------
12	19	2	19	
----------------------------------------
12	20	2	20	
----------------------------------------
4	21	2	21	
----------------------------------------
13	22	12	22	
----------------------------------------
2	23	13	23	
----------------------------------------
4	24	-1	-1	
----------------------------------------
-1	-1	2	25	
----------------------------------------
4	26	12	26	
----------------------------------------
13	27	4	27	
----------------------------------------
2	28	13	28	
----------------------------------------
2	29	12	29	
----------------------------------------
-1	-1	4	30	
----------------------------------------
4	31	12	31	
----------------------------------------
4	32	13	32	
----------------------------------------
12	33	4	33	
----------------------------------------
2	34	4	34	
----------------------------------------
4	35	12	35	
----------------------------------------
12	36	-1	-1	
----------------------------------------
-1	-1	4	37	
----------------------------------------
2	38	4	38	
----------------------------------------
12	39	2	39	
----------------------------------------
13	40	2	40	
----------------------------------------
-1	-1	12	41	
----------------------------------------
12	42	2	42	
----------------------------------------
13	43	2	43	
----------------------------------------
2	44	13	44	
----------------------------------------
12	45	13	45	
----------------------------------------
12	46	2	46	
----------------------------------------
12	47	-1	-1	
----------------------------------------
-1	-1	13	48	
----------------------------------------
2	49	12	49	
----------------------------------------
-1	-1	12	50	
----------------------------------------
-1	-1	13	51	
----------------------------------------
-1	-1	12	52	
----------------------------------------
4	53	12	53	
----------------------------------------

****************************************
Node 6 Forwarding Table:
7	0	-1	-1	
----------------------------------------
4	1	-1	-1	
----------------------------------------
7	2	4	2	
----------------------------------------
-1	-1	4	3	
----------------------------------------
-1	-1	7	4	
----------------------------------------
7	5	4	5	
----------------------------------------
-1	-1	7	6	
----------------------------------------
-1	-1	7	7	
----------------------------------------
4	8	-1	-1	
----------------------------------------
7	9	-1	-1	
----------------------------------------
7	10	-1	-1	
----------------------------------------
-1	-1	4	11	
----------------------------------------
4	12	-1	-1	
----------------------------------------
7	13	4	13	
----------------------------------------
7	14	4	14	
----------------------------------------
7	15	4	15	
----------------------------------------
-1	-1	7	16	
----------------------------------------
-1	-1	7	17	
----------------------------------------
4	18	7	18	
----------------------------------------
7	19	4	19	
----------------------------------------
-1	-1	4	20	
----------------------------------------
7	21	-1	-1	
----------------------------------------
7	22	-1	-1	
----------------------------------------
7	23	4	23	
----------------------------------------
-1	-1	7	24	
----------------------------------------
7	25	4	25	
----------------------------------------
4	26	-1	-1	
----------------------------------------
7	27	-1	-1	
----------------------------------------
4	28	7	28	
----------------------------------------

****************************************
Node 7 Forwarding Table:
10	0	6	0	
----------------------------------------
1	1	10	1	
----------------------------------------
-1	-1	10	2	
----------------------------------------
10	3	1	3	
----------------------------------------
-1	-1	10	4	
----------------------------------------
10	5	1	5	
----------------------------------------
-1	-1	6	6	
----------------------------------------
6	7	10	7	
----------------------------------------
10	8	1	8	
----------------------------------------
-1	-1	6	9	
----------------------------------------
6	10	1	10	
----------------------------------------
1	11	10	11	
----------------------------------------
6	12	10	12	
----------------------------------------
1	13	-1	-1	
----------------------------------------
1	14	6	14	
----------------------------------------
10	15	6	15	
----------------------------------------
-1	-1	6	16	
----------------------------------------
-1	-1	6	17	
----------------------------------------
-1	-1	6	18	
----------------------------------------
6	19	10	19	
----------------------------------------
6	20	10	20	
----------------------------------------
10	21	1	21	
----------------------------------------
10	22	-1	-1	
----------------------------------------
6	23	-1	-1	
----------------------------------------
10	24	6	24	
----------------------------------------
10	25	-1	-1	
----------------------------------------
1	26	6	26	
----------------------------------------
1	27	6	27	
----------------------------------------
-1	-1	1	28	
----------------------------------------
-1	-1	1	29	
----------------------------------------
1	30	-1	-1	
----------------------------------------
-1	-1	1	31	
----------------------------------------
-1	-1	6	32	
----------------------------------------
6	33	1	33	
----------------------------------------
1	34	6	34	
----------------------------------------
-1	-1	1	35	
----------------------------------------
1	36	-1	-1	
----------------------------------------
1	37	-1	-1	
----------------------------------------
1	38	-1	-1	
----------------------------------------
-1	-1	6	39	
----------------------------------------
6	40	-1	-1	
----------------------------------------
-1	-1	1	41	
----------------------------------------

****************************************
Node 8 Forwarding Table:
-1	-1	3	0	
----------------------------------------
-1	-1	11	1	
----------------------------------------
9	2	-1	-1	
----------------------------------------
-1	-1	3	3	
----------------------------------------
3	4	-1	-1	
----------------------------------------
-1	-1	9	5	
----------------------------------------
-1	-1	9	6	
----------------------------------------
9	7	-1	-1	
----------------------------------------
-1	-1	3	8	
----------------------------------------
3	9	-1	-1	
----------------------------------------
3	10	9	10	
----------------------------------------
9	11	-1	-1	
----------------------------------------
-1	-1	3	12	
----------------------------------------
-1	-1	9	13	
----------------------------------------
-1	-1	9	14	
----------------------------------------
11	15	3	15	
----------------------------------------
-1	-1	3	16	
----------------------------------------
3	17	9	17	
----------------------------------------
3	18	9	18	
----------------------------------------
-1	-1	9	19	
----------------------------------------
-1	-1	9	20	
----------------------------------------
3	21	-1	-1	
----------------------------------------
9	22	-1	-1	
----------------------------------------
9	23	-1	-1	
----------------------------------------
-1	-1	11	24	
----------------------------------------
3	25	-1	-1	
----------------------------------------
-1	-1	11	26	
----------------------------------------
9	27	3	27	
----------------------------------------
-1	-1	3	28	
----------------------------------------
9	29	3	29	
----------------------------------------
11	30	-1	-1	
----------------------------------------
9	31	3	31	
----------------------------------------
9	32	-1	-1	
----------------------------------------
3	33	-1	-1	
----------------------------------------
-1	-1	11	34	
----------------------------------------
-1	-1	3	35	
----------------------------------------
-1	-1	11	36	
----------------------------------------
3	37	-1	-1	
----------------------------------------
11	38	-1	-1	
----------------------------------------
3	39	-1	-1	
----------------------------------------
-1	-1	3	40	
----------------------------------------
3	41	11	41	
----------------------------------------
9	42	3	42	
----------------------------------------
-1	-1	11	43	
----------------------------------------
11	44	3	44	
----------------------------------------

****************************************
Node 9 Forwarding Table:
10	0	12	0	
----------------------------------------
-1	-1	12	1	
----------------------------------------
12	2	8	2	
----------------------------------------
-1	-1	12	3	
----------------------------------------
10	4	-1	-1	
----------------------------------------
10	5	-1	-1	
----------------------------------------
8	6	10	6	
----------------------------------------
10	7	12	7	
----------------------------------------
8	8	-1	-1	
----------------------------------------
10	9	8	9	
----------------------------------------
10	10	-1	-1	
----------------------------------------
-1	-1	12	11	
----------------------------------------
12	12	-1	-1	
----------------------------------------
12	13	-1	-1	
----------------------------------------
-1	-1	12	14	
----------------------------------------
12	15	-1	-1	
----------------------------------------
10	16	-1	-1	
----------------------------------------
8	17	10	17	
----------------------------------------
-1	-1	8	18	
----------------------------------------
8	19	-1	-1	
----------------------------------------
-1	-1	12	20	
----------------------------------------
-1	-1	10	21	
----------------------------------------
8	22	10	22	
----------------------------------------
8	23	12	23	
----------------------------------------
8	24	10	24	
----------------------------------------
10	25	-1	-1	
----------------------------------------
10	26	-1	-1	
----------------------------------------
8	27	12	27	
----------------------------------------
8	28	10	28	
----------------------------------------
-1	-1	10	29	
----------------------------------------
12	30	8	30	
----------------------------------------
12	31	8	31	
----------------------------------------
-1	-1	12	32	
----------------------------------------
10	33	12	33	
----------------------------------------
-1	-1	8	34	
----------------------------------------
10	35	8	35	
----------------------------------------
-1	-1	8	36	
----------------------------------------
10	37	8	37	
----------------------------------------
10	38	-1	-1	
----------------------------------------
10	39	-1	-1	
----------------------------------------
10	40	-1	-1	
----------------------------------------
10	41	-1	-1	
----------------------------------------
-1	-1	10	42	
----------------------------------------
12	43	8	43	
----------------------------------------
-1	-1	10	44	
----------------------------------------
12	45	10	45	
----------------------------------------

****************************************
Node 10 Forwarding Table:
-1	-1	7	0	
----------------------------------------
7	1	-1	-1	
----------------------------------------
7	2	9	2	
----------------------------------------
13	3	11	3	
----------------------------------------
-1	-1	7	4	
----------------------------------------
7	5	-1	-1	
----------------------------------------
-1	-1	7	6	
----------------------------------------
13	7	-1	-1	
----------------------------------------
7	8	-1	-1	
----------------------------------------
11	9	7	9	
----------------------------------------
13	10	-1	-1	
----------------------------------------
7	11	11	11	
----------------------------------------
7	12	9	12	
----------------------------------------
13	13	-1	-1	
----------------------------------------
13	14	9	14	
----------------------------------------
9	15	-1	-1	
----------------------------------------
-1	-1	9	16	
----------------------------------------
-1	-1	9	17	
----------------------------------------
11	18	9	18	
----------------------------------------
-1	-1	7	19	
----------------------------------------
7	20	9	20	
----------------------------------------
9	21	13	21	
----------------------------------------
7	22	11	22	
----------------------------------------
9	23	11	23	
----------------------------------------
-1	-1	7	24	
----------------------------------------
-1	-1	7	25	
----------------------------------------
9	26	-1	-1	
----------------------------------------
9	27	-1	-1	
----------------------------------------
-1	-1	9	28	
----------------------------------------
13	29	11	29	
----------------------------------------
11	30	9	30	
----------------------------------------
9	31	13	31	
----------------------------------------
9	32	13	32	
----------------------------------------
11	33	7	33	
----------------------------------------
-1	-1	13	34	
----------------------------------------
13	35	-1	-1	
----------------------------------------
-1	-1	11	36	
----------------------------------------
-1	-1	7	37	
----------------------------------------
11	38	-1	-1	
----------------------------------------
-1	-1	9	39	
----------------------------------------
11	40	-1	-1	
----------------------------------------
13	41	-1	-1	
----------------------------------------
13	42	9	42	
----------------------------------------
-1	-1	9	43	
----------------------------------------
-1	-1	9	44	
----------------------------------------
11	45	-1	-1	
----------------------------------------
11	46	-1	-1	
----------------------------------------
11	47	9	47	
----------------------------------------
11	48	13	48	
----------------------------------------
13	49	-1	-1	
----------------------------------------
13	50	9	50	
----------------------------------------
11	51	9	51	
----------------------------------------
13	52	-1	-1	
----------------------------------------
-1	-1	11	53	
----------------------------------------
9	54	11	54	
----------------------------------------
11	55	-1	-1	
----------------------------------------
11	56	13	56	
----------------------------------------
-1	-1	13	57	
----------------------------------------
9	58	11	58	
----------------------------------------
9	59	-1	-1	
----------------------------------------

****************************************
Node 11 Forwarding Table:
-1	-1	12	0	
----------------------------------------
10	1	-1	-1	
----------------------------------------
8	2	-1	-1	
----------------------------------------
-1	-1	10	3	
----------------------------------------
10	4	-1	-1	
----------------------------------------
12	5	-1	-1	
----------------------------------------
-1	-1	12	6	
----------------------------------------
-1	-1	12	7	
----------------------------------------
-1	-1	10	8	
----------------------------------------
12	9	-1	-1	
----------------------------------------
12	10	-1	-1	
----------------------------------------
-1	-1	12	11	
----------------------------------------
10	12	-1	-1	
----------------------------------------
10	13	-1	-1	
----------------------------------------
-1	-1	8	14	
----------------------------------------
10	15	-1	-1	
----------------------------------------
-1	-1	10	16	
----------------------------------------
-1	-1	10	17	
----------------------------------------
-1	-1	12	18	
----------------------------------------
10	19	-1	-1	
----------------------------------------
-1	-1	12	20	
----------------------------------------
8	21	-1	-1	
----------------------------------------
-1	-1	10	22	
----------------------------------------
8	23	10	23	
----------------------------------------
-1	-1	8	24	
----------------------------------------
12	25	-1	-1	
----------------------------------------
-1	-1	10	26	
----------------------------------------
8	27	10	27	
----------------------------------------
8	28	10	28	
----------------------------------------
-1	-1	10	29	
----------------------------------------
-1	-1	8	30	
----------------------------------------
-1	-1	10	31	
----------------------------------------
10	32	-1	-1	
----------------------------------------
12	33	-1	-1	
----------------------------------------
10	34	-1	-1	
----------------------------------------
8	35	-1	-1	
----------------------------------------
8	36	10	36	
----------------------------------------
-1	-1	10	37	
----------------------------------------
10	38	-1	-1	
----------------------------------------
-1	-1	8	39	
----------------------------------------

****************************************
Node 12 Forwarding Table:
11	0	-1	-1	
----------------------------------------
9	1	-1	-1	
----------------------------------------
5	2	-1	-1	
----------------------------------------
9	3	5	3	
----------------------------------------
5	4	-1	-1	
----------------------------------------
5	5	9	5	
----------------------------------------
9	6	5	6	
----------------------------------------
5	7	-1	-1	
----------------------------------------
5	8	11	8	
----------------------------------------
11	9	-1	-1	
----------------------------------------
9	10	5	10	
----------------------------------------
11	11	5	11	
----------------------------------------
9	12	-1	-1	
----------------------------------------
5	13	-1	-1	
----------------------------------------
5	14	9	14	
----------------------------------------
5	15	11	15	
----------------------------------------
5	16	9	16	
----------------------------------------
9	17	5	17	
----------------------------------------
-1	-1	9	18	
----------------------------------------
5	19	11	19	
----------------------------------------
11	20	5	20	
----------------------------------------
9	21	5	21	
----------------------------------------
9	22	-1	-1	
----------------------------------------
5	23	-1	-1	
----------------------------------------
9	24	-1	-1	
----------------------------------------
11	25	5	25	
----------------------------------------
-1	-1	9	26	
----------------------------------------
-1	-1	9	27	
----------------------------------------
11	28	-1	-1	
----------------------------------------
-1	-1	5	29	
----------------------------------------
9	30	-1	-1	
----------------------------------------
9	31	5	31	
----------------------------------------
-1	-1	5	32	
----------------------------------------
5	33	11	33	
----------------------------------------
5	34	-1	-1	
----------------------------------------
5	35	11	35	
----------------------------------------
-1	-1	9	36	
----------------------------------------
5	37	-1	-1	
----------------------------------------
-1	-1	9	38	
----------------------------------------

****************************************
Node 13 Forwarding Table:
-1	-1	10	0	
----------------------------------------
-1	-1	5	1	
----------------------------------------
5	2	10	2	
----------------------------------------
5	3	-1	-1	
----------------------------------------
5	4	10	4	
----------------------------------------
-1	-1	5	5	
----------------------------------------
5	6	10	6	
----------------------------------------
-1	-1	10	7	
----------------------------------------
-1	-1	5	8	
----------------------------------------
-1	-1	5	9	
----------------------------------------
-1	-1	5	10	
----------------------------------------
5	11	-1	-1	
----------------------------------------
-1	-1	5	12	
----------------------------------------
5	13	-1	-1	
----------------------------------------
5	14	-1	-1	
----------------------------------------
10	15	-1	-1	
----------------------------------------
-1	-1	5	16	
----------------------------------------
-1	-1	10	17	
----------------------------------------
10	18	-1	-1	
----------------------------------------
10	19	-1	-1	
----------------------------------------
-1	-1	5	20	
----------------------------------------
10	21	-1	-1	
----------------------------------------
5	22	10	22	
----------------------------------------
5	23	-1	-1	
----------------------------------------
-1	-1	10	24	
----------------------------------------
-1	-1	10	25	
----------------------------------------
5	26	-1	-1	
----------------------------------------
10	27	-1	-1	
----------------------------------------
-1	-1	10	28	
----------------------------------------
-1	-1	10	29	
----------------------------------------
-1	-1	10	30	
----------------------------------------
5	31	-1	-1	
----------------------------------------
10	32	-1	-1	
----------------------------------------
10	33	-1	-1	
----------------------------------------

****************************************
