0	10	6
10->7->6
0,0,-1
7
----------------------------------------
1	1	10
1->7->10
0,1,-1
8
----------------------------------------
2	11	12
11->12
0,-1
4
----------------------------------------
3	4	6
4->6
0,-1
2
----------------------------------------
4	7	12
7->10->9->12
2,2,0,-1
8
----------------------------------------
5	13	11
13->10->11
0,3,-1
6
----------------------------------------
6	10	1
10->7->1
4,3,-1
8
----------------------------------------
7	7	10
7->10
4,-1
4
----------------------------------------
8	3	12
3->4->5->12
0,1,0,-1
7
----------------------------------------
9	1	4
1->0->2->5->4
2,0,0,1,-1
7
----------------------------------------
10	10	1
10->7->1
6,5,-1
8
----------------------------------------
11	8	4
8->3->4
0,1,-1
7
----------------------------------------
12	9	0
9->12->5->2->0
1,3,2,1,-1
7
----------------------------------------
13	13	12
13->5->12
1,3,-1
4
----------------------------------------
14	7	3
7->6->4->3
6,2,4,-1
8
----------------------------------------
15	6	4
6->4
3,-1
2
----------------------------------------
16	8	11
8->11
1,-1
5
----------------------------------------
17	2	10
2->5->13->10
2,4,2,-1
7
----------------------------------------
18	2	13
2->5->13
3,5,-1
3
----------------------------------------
19	2	8
2->5->12->9->8
4,6,5,2,-1
8
----------------------------------------
20	6	10
6->7->10
4,7,-1
7
----------------------------------------
21	8	0
8->3->0
3,3,-1
9
----------------------------------------
22	11	1
11->10->7->1
3,9,8,-1
10
----------------------------------------
23	7	5
7->6->4->5
9,5,6,-1
7
----------------------------------------
24	4	8
4->3->8
7,4,-1
7
----------------------------------------
25	6	1
6->7->1
6,10,-1
7
----------------------------------------
26	4	10
4->5->13->10
8,8,4,-1
8
----------------------------------------
27	1	11
1->7->10->11
6,11,11,-1
10
----------------------------------------
28	9	5
9->12->5
3,6,-1
5
----------------------------------------
29	13	2
13->5->2
5,10,-1
3
----------------------------------------
30	6	9
6->7->10->9
7,12,12,-1
8
----------------------------------------
31	2	12
2->5->12
6,11,-1
3
----------------------------------------
32	4	3
4->3
9,-1
3
----------------------------------------
33	2	10
2->5->13->10
7,12,6,-1
7
----------------------------------------
34	2	6
2->5->4->6
8,13,10,-1
5
----------------------------------------
35	2	3
2->0->3
9,3,-1
6
----------------------------------------
36	0	1
0->1
4,-1
3
----------------------------------------
37	4	1
4->5->2->0->1
11,14,10,5,-1
7
----------------------------------------
38	13	9
13->10->9
7,14,-1
5
----------------------------------------
39	5	11
5->12->11
15,8,-1
6
----------------------------------------
40	13	4
13->5->4
8,16,-1
4
----------------------------------------
41	5	3
5->4->3
17,13,-1
5
----------------------------------------
42	8	10
8->9->10
5,6,-1
3
----------------------------------------
43	11	12
11->12
6,-1
4
----------------------------------------
44	1	0
1->0
9,-1
3
----------------------------------------
45	13	0
13->5->2->0
9,18,11,-1
4
----------------------------------------
46	10	0
10->9->12->5->2->0
16,7,10,19,12,-1
8
----------------------------------------
47	8	9
8->9
6,-1
2
----------------------------------------
48	2	7
2->0->1->7
13,9,10,-1
8
----------------------------------------
49	10	8
10->9->8
17,9,-1
3
----------------------------------------
50	11	0
11->12->5->2->0
7,11,20,14,-1
8
----------------------------------------
51	11	9
11->10->9
8,18,-1
3
----------------------------------------
52	8	3
8->3
8,-1
4
----------------------------------------
53	9	12
9->12
11,-1
3
----------------------------------------
54	4	2
4->5->2
14,21,-1
3
----------------------------------------
55	13	12
13->5->12
10,22,-1
4
----------------------------------------
56	1	13
1->0->2->5->13
11,11,16,23,-1
7
----------------------------------------
57	1	6
1->7->6
12,14,-1
7
----------------------------------------
58	3	4
3->4
9,-1
3
----------------------------------------
59	10	6
10->7->6
19,15,-1
7
----------------------------------------
60	6	5
6->4->5
11,16,-1
4
----------------------------------------
61	5	1
5->2->0->1
25,17,12,-1
5
----------------------------------------
62	4	9
4->5->12->9
17,26,14,-1
7
----------------------------------------
63	13	3
13->5->4->3
12,27,18,-1
7
----------------------------------------
64	1	13
1->0->2->5->13
14,13,18,28,-1
7
----------------------------------------
65	2	11
2->5->12->11
19,29,15,-1
7
----------------------------------------
66	5	6
5->4->6
30,19,-1
4
----------------------------------------
67	7	9
7->6->4->5->12->9
16,13,20,31,16,-1
12
----------------------------------------
68	7	13
7->6->4->5->13
17,14,21,32,-1
9
----------------------------------------
69	9	4
9->12->5->4
14,17,33,-1
7
----------------------------------------
70	12	9
12->9
18,-1
3
----------------------------------------
71	2	4
2->5->4
20,34,-1
3
----------------------------------------
72	7	11
7->6->4->5->12->11
18,15,24,35,19,-1
13
----------------------------------------
73	6	9
6->7->10->9
16,19,20,-1
8
----------------------------------------
74	0	8
0->3->8
14,11,-1
9
----------------------------------------
75	3	13
3->8->9->10->13
12,10,17,21,-1
11
----------------------------------------
76	11	5
11->12->5
11,20,-1
6
----------------------------------------
77	5	4
5->4
37,-1
2
----------------------------------------
78	9	8
9->8
18,-1
2
----------------------------------------
79	2	4
2->5->4
21,38,-1
3
----------------------------------------
80	8	4
8->3->4
12,13,-1
7
----------------------------------------
81	8	9
8->9
13,-1
2
----------------------------------------
82	9	0
9->12->5->2->0
20,21,39,22,-1
7
----------------------------------------
83	6	11
6->7->10->11
17,20,22,-1
9
----------------------------------------
84	2	4
2->0->3->4
23,16,14,-1
9
----------------------------------------
85	9	11
9->10->11
21,23,-1
3
----------------------------------------
86	10	1
10->7->1
24,21,-1
8
----------------------------------------
87	13	0
13->5->2->0
16,40,24,-1
4
----------------------------------------
88	10	7
10->7
25,-1
4
----------------------------------------
89	4	2
4->3->0->2
29,15,18,-1
9
----------------------------------------
90	8	10
8->9->10
14,22,-1
3
----------------------------------------
91	11	3
11->8->3
14,15,-1
9
----------------------------------------
92	8	3
8->3
16,-1
4
----------------------------------------
93	0	12
0->3->8->9->12
19,18,17,23,-1
14
----------------------------------------
94	3	10
3->8->9->10
19,18,24,-1
7
----------------------------------------
95	10	9
10->9
28,-1
1
----------------------------------------
96	13	11
13->10->11
17,29,-1
6
----------------------------------------
97	11	9
11->10->9
16,30,-1
3
----------------------------------------
98	4	0
4->3->0
30,20,-1
8
----------------------------------------
99	5	12
5->12
41,-1
2
----------------------------------------
100	8	12
8->9->12
19,27,-1
5
----------------------------------------
101	3	7
3->4->6->7
21,31,18,-1
8
----------------------------------------
102	8	13
8->9->10->13
20,28,31,-1
7
----------------------------------------
103	9	13
9->10->13
29,32,-1
5
----------------------------------------
104	11	4
11->10->7->6->4
17,33,24,19,-1
11
----------------------------------------
105	11	2
11->12->5->2
18,25,42,-1
7
----------------------------------------
106	6	8
6->4->3->8
20,33,22,-1
9
----------------------------------------
107	13	0
13->5->2->0
20,43,27,-1
4
----------------------------------------
108	10	13
10->13
34,-1
4
----------------------------------------
109	12	8
12->9->8
26,30,-1
5
----------------------------------------
110	1	10
1->0->2->5->13->10
16,22,28,44,22,-1
11
----------------------------------------
111	12	8
12->9->8
27,31,-1
5
----------------------------------------
112	10	11
10->11
36,-1
2
----------------------------------------
113	11	12
11->12
20,-1
4
----------------------------------------
114	10	7
10->7
37,-1
4
----------------------------------------
115	8	11
8->11
24,-1
5
----------------------------------------
116	1	6
1->7->6
17,26,-1
7
----------------------------------------
117	0	1
0->1
23,-1
3
----------------------------------------
118	1	8
1->0->3->8
19,24,23,-1
12
----------------------------------------
119	11	10
11->10
22,-1
2
----------------------------------------
120	12	13
12->5->13
29,45,-1
4
----------------------------------------
121	1	6
1->7->6
20,27,-1
7
----------------------------------------
122	9	12
9->12
32,-1
3
----------------------------------------
123	10	2
10->9->12->5->2
39,33,31,46,-1
7
----------------------------------------
124	8	10
8->11->10
26,23,-1
7
----------------------------------------
125	7	0
7->1->0
28,21,-1
7
----------------------------------------
126	9	3
9->8->3
34,27,-1
6
----------------------------------------
127	8	0
8->3->0
28,25,-1
9
----------------------------------------
128	13	10
13->10
24,-1
4
----------------------------------------
129	13	3
13->10->9->8->3
25,42,35,29,-1
11
----------------------------------------
130	7	0
7->1->0
29,22,-1
7
----------------------------------------
131	12	5
12->5
32,-1
2
----------------------------------------
132	5	13
5->13
48,-1
2
----------------------------------------
133	11	8
11->8
24,-1
5
----------------------------------------
134	3	1
3->0->1
27,28,-1
8
----------------------------------------
135	9	3
9->8->3
36,31,-1
6
----------------------------------------
136	10	8
10->9->8
43,37,-1
3
----------------------------------------
137	0	7
0->1->7
29,24,-1
7
----------------------------------------
138	10	9
10->9
44,-1
1
----------------------------------------
139	0	11
0->2->5->12->11
30,30,49,33,-1
8
----------------------------------------
140	1	8
1->0->3->8
25,31,29,-1
12
----------------------------------------
141	11	10
11->10
26,-1
2
----------------------------------------
142	8	10
8->11->10
34,27,-1
7
----------------------------------------
143	5	12
5->12
50,-1
2
----------------------------------------
144	8	4
8->3->4
35,30,-1
7
----------------------------------------
145	7	1
7->1
31,-1
4
----------------------------------------
146	7	4
7->6->4
32,23,-1
5
----------------------------------------
147	8	9
8->11->10->9
36,28,47,-1
8
----------------------------------------
148	11	13
11->10->13
29,48,-1
6
----------------------------------------
149	3	2
3->0->2
31,32,-1
6
----------------------------------------
150	3	8
3->8
32,-1
4
----------------------------------------
151	2	0
2->1->0
32,27,-1
8
----------------------------------------
152	6	0
6->7->1->0
24,33,28,-1
10
----------------------------------------
153	11	8
11->8
30,-1
5
----------------------------------------
154	0	2
0->2
35,-1
1
----------------------------------------
155	13	10
13->10
28,-1
4
----------------------------------------
156	3	0
3->0
33,-1
5
----------------------------------------
157	3	8
3->8
34,-1
4
----------------------------------------
158	13	9
13->10->9
29,50,-1
5
----------------------------------------
159	1	4
1->7->6->4
29,34,25,-1
9
----------------------------------------
160	2	1
2->1
34,-1
5
----------------------------------------
161	7	1
7->1
35,-1
4
----------------------------------------
162	8	1
8->3->0->1
40,35,37,-1
12
----------------------------------------
163	4	6
4->6
37,-1
2
----------------------------------------
164	1	7
1->7
33,-1
4
----------------------------------------
165	0	7
0->1->7
38,34,-1
7
----------------------------------------
166	3	0
3->0
36,-1
5
----------------------------------------
167	11	9
11->10->9
31,51,-1
3
----------------------------------------
168	13	10
13->10
30,-1
4
----------------------------------------
169	1	7
1->7
35,-1
4
----------------------------------------
170	7	6
7->6
39,-1
3
----------------------------------------
171	10	11
10->11
53,-1
2
----------------------------------------
172	5	13
5->13
51,-1
2
----------------------------------------
173	1	2
1->0->2
36,40,-1
4
----------------------------------------
174	2	0
2->1->0
36,37,-1
8
----------------------------------------
175	5	11
5->12->11
52,35,-1
6
----------------------------------------
176	9	11
9->10->11
42,54,-1
3
----------------------------------------
177	3	11
3->8->11
37,41,-1
9
----------------------------------------
178	4	7
4->6->7
38,28,-1
5
----------------------------------------
179	12	2
12->9->8->3->0->2
36,43,42,38,42,-1
15
----------------------------------------
180	8	10
8->11->10
43,36,-1
7
----------------------------------------
181	11	13
11->10->13
37,56,-1
6
----------------------------------------
182	7	0
7->1->0
41,38,-1
7
----------------------------------------
183	10	13
10->13
57,-1
4
----------------------------------------
184	9	11
9->10->11
44,58,-1
3
----------------------------------------
185	2	0
2->1->0
38,39,-1
8
----------------------------------------
186	11	3
11->8->3
39,44,-1
9
----------------------------------------
187	3	12
3->4->5->12
40,39,53,-1
7
----------------------------------------
188	3	2
3->0->2
41,45,-1
6
----------------------------------------
189	0	3
0->3
46,-1
5
----------------------------------------
190	12	10
12->9->10
38,45,-1
4
----------------------------------------
191	3	2
3->0->2
43,47,-1
6
----------------------------------------
