0	10	6
10->7->6
0,0,-1
2
----------------------------------------
1	1	10
1->7->10
0,1,-1
2
----------------------------------------
2	11	12
11->12
0,-1
1
----------------------------------------
3	4	6
4->6
0,-1
1
----------------------------------------
4	7	12
7->10->9->12
2,2,0,-1
3
----------------------------------------
5	13	11
13->10->11
0,3,-1
2
----------------------------------------
6	10	1
10->7->1
4,3,-1
2
----------------------------------------
7	7	10
7->10
4,-1
1
----------------------------------------
8	3	12
3->4->5->12
0,1,0,-1
3
----------------------------------------
9	1	4
1->0->3->4
2,0,1,-1
3
----------------------------------------
10	10	1
10->7->1
6,5,-1
2
----------------------------------------
11	8	4
8->3->4
0,2,-1
2
----------------------------------------
12	9	0
9->8->3->0
1,1,3,-1
3
----------------------------------------
13	13	12
13->5->12
1,1,-1
2
----------------------------------------
14	7	3
7->1->0->3
6,4,2,-1
3
----------------------------------------
15	6	4
6->4
2,-1
1
----------------------------------------
16	8	11
8->11
2,-1
1
----------------------------------------
17	2	10
2->1->7->10
0,5,7,-1
3
----------------------------------------
18	2	13
2->5->13
1,2,-1
2
----------------------------------------
19	2	8
2->0->3->8
2,3,5,-1
3
----------------------------------------
20	6	10
6->7->10
3,8,-1
2
----------------------------------------
21	8	0
8->3->0
4,6,-1
2
----------------------------------------
22	11	1
11->10->7->1
3,9,9,-1
3
----------------------------------------
23	7	5
7->1->2->5
10,7,3,-1
3
----------------------------------------
24	4	8
4->3->8
5,7,-1
2
----------------------------------------
25	6	1
6->7->1
4,11,-1
2
----------------------------------------
26	4	10
4->6->7->10
6,5,12,-1
3
----------------------------------------
27	1	11
1->0->3->8->11
9,5,8,6,-1
4
----------------------------------------
28	9	5
9->12->5
2,4,-1
2
----------------------------------------
29	13	2
13->5->2
3,5,-1
2
----------------------------------------
30	6	9
6->4->3->8->9
6,7,9,7,-1
4
----------------------------------------
31	2	12
2->5->12
5,6,-1
2
----------------------------------------
32	4	3
4->3
8,-1
1
----------------------------------------
33	2	10
2->1->7->10
6,10,13,-1
3
----------------------------------------
34	2	6
2->5->4->6
7,7,9,-1
3
----------------------------------------
35	2	3
2->0->3
8,6,-1
2
----------------------------------------
36	0	1
0->1
7,-1
1
----------------------------------------
37	4	1
4->3->0->1
10,12,8,-1
3
----------------------------------------
38	13	9
13->10->9
4,12,-1
2
----------------------------------------
39	5	11
5->12->11
8,6,-1
2
----------------------------------------
40	13	4
13->5->4
5,9,-1
2
----------------------------------------
41	5	3
5->4->3
10,12,-1
2
----------------------------------------
42	8	10
8->9->10
8,5,-1
2
----------------------------------------
43	11	12
11->12
6,-1
1
----------------------------------------
44	1	0
1->0
13,-1
1
----------------------------------------
45	13	0
13->5->2->0
6,11,9,-1
3
----------------------------------------
46	10	0
10->7->1->0
14,14,14,-1
3
----------------------------------------
47	8	9
8->9
9,-1
1
----------------------------------------
48	2	7
2->1->7
10,15,-1
2
----------------------------------------
49	10	8
10->9->8
15,7,-1
2
----------------------------------------
50	11	0
11->8->3->0
7,11,14,-1
3
----------------------------------------
51	11	9
11->8->9
8,12,-1
2
----------------------------------------
52	8	3
8->3
13,-1
1
----------------------------------------
53	9	12
9->12
9,-1
1
----------------------------------------
54	4	2
4->5->2
13,12,-1
2
----------------------------------------
55	13	12
13->5->12
7,13,-1
2
----------------------------------------
56	1	13
1->2->5->13
16,12,14,-1
3
----------------------------------------
57	1	6
1->7->6
17,16,-1
2
----------------------------------------
58	3	4
3->4
16,-1
1
----------------------------------------
59	10	6
10->7->6
16,17,-1
2
----------------------------------------
60	6	5
6->4->5
10,15,-1
2
----------------------------------------
61	5	1
5->2->1
16,13,-1
2
----------------------------------------
62	4	9
4->3->8->9
16,17,14,-1
3
----------------------------------------
63	13	3
13->5->4->3
9,17,17,-1
3
----------------------------------------
64	1	13
1->2->5->13
19,14,18,-1
3
----------------------------------------
65	2	11
2->5->12->11
15,19,10,-1
3
----------------------------------------
66	5	6
5->4->6
20,18,-1
2
----------------------------------------
67	7	9
7->1->0->3->8->9
18,20,13,19,15,-1
5
----------------------------------------
68	7	13
7->1->2->5->13
19,21,16,21,-1
4
----------------------------------------
69	9	4
9->8->3->4
12,16,20,-1
3
----------------------------------------
70	12	9
12->9
11,-1
1
----------------------------------------
71	2	4
2->5->4
17,22,-1
2
----------------------------------------
72	7	11
7->1->0->3->8->11
20,22,14,21,17,-1
5
----------------------------------------
73	6	9
6->4->3->8->9
12,21,22,18,-1
4
----------------------------------------
74	0	8
0->3->8
15,23,-1
2
----------------------------------------
75	3	13
3->4->5->13
24,22,23,-1
3
----------------------------------------
76	11	5
11->12->5
11,12,-1
2
----------------------------------------
77	5	4
5->4
25,-1
1
----------------------------------------
78	9	8
9->8
15,-1
1
----------------------------------------
79	2	4
2->5->4
18,26,-1
2
----------------------------------------
80	8	4
8->3->4
21,25,-1
2
----------------------------------------
81	8	9
8->9
22,-1
1
----------------------------------------
82	9	0
9->8->3->0
17,23,26,-1
3
----------------------------------------
83	6	11
6->4->3->8->11
13,26,27,24,-1
4
----------------------------------------
84	2	4
2->5->4
19,27,-1
2
----------------------------------------
85	9	11
9->8->11
18,25,-1
2
----------------------------------------
86	10	1
10->7->1
17,21,-1
2
----------------------------------------
87	13	0
13->5->2->0
13,28,20,-1
3
----------------------------------------
88	10	7
10->7
18,-1
1
----------------------------------------
89	7	12
7->1->2->5->12
23,24,21,29,-1
4
----------------------------------------
90	4	2
4->5->2
28,30,-1
2
----------------------------------------
91	8	10
8->9->10
26,19,-1
2
----------------------------------------
92	11	3
11->8->3
14,27,-1
2
----------------------------------------
93	5	3
5->2->0->3
31,23,18,-1
3
----------------------------------------
94	10	9
10->9
20,-1
1
----------------------------------------
95	13	11
13->10->11
14,21,-1
2
----------------------------------------
96	11	9
11->10->9
16,22,-1
2
----------------------------------------
97	4	0
4->3->0
29,30,-1
2
----------------------------------------
98	5	12
5->12
32,-1
1
----------------------------------------
99	8	12
8->11->12
28,17,-1
2
----------------------------------------
100	3	7
3->0->1->7
31,20,25,-1
3
----------------------------------------
101	9	13
9->10->13
22,23,-1
2
----------------------------------------
102	11	4
11->8->3->4
18,29,32,-1
3
----------------------------------------
103	11	2
11->12->5->2
19,16,33,-1
3
----------------------------------------
104	13	0
13->5->2->0
16,34,25,-1
3
----------------------------------------
105	10	13
10->13
24,-1
1
----------------------------------------
106	12	8
12->9->8
17,23,-1
2
----------------------------------------
107	5	7
5->2->1->7
35,26,26,-1
3
----------------------------------------
108	9	1
9->10->7->1
24,25,26,-1
3
----------------------------------------
109	1	10
1->2->5->13->10
28,27,36,18,-1
4
----------------------------------------
110	12	8
12->9->8
18,25,-1
2
----------------------------------------
111	10	11
10->11
27,-1
1
----------------------------------------
112	11	12
11->12
21,-1
1
----------------------------------------
113	10	7
10->13->5->2->1->7
28,19,37,28,29,-1
5
----------------------------------------
114	8	11
8->11
32,-1
1
----------------------------------------
115	1	6
1->7->6
30,28,-1
2
----------------------------------------
116	0	1
0->1
22,-1
1
----------------------------------------
117	11	10
11->10
23,-1
1
----------------------------------------
118	2	7
2->1->7
29,32,-1
2
----------------------------------------
119	12	13
12->5->13
20,38,-1
2
----------------------------------------
120	2	11
2->0->3->8->11
30,23,33,33,-1
4
----------------------------------------
121	4	11
4->5->12->11
31,39,21,-1
3
----------------------------------------
122	1	6
1->7->6
33,30,-1
2
----------------------------------------
123	9	12
9->12
26,-1
1
----------------------------------------
124	10	2
10->13->5->2
30,21,40,-1
3
----------------------------------------
125	8	10
8->11->10
34,26,-1
2
----------------------------------------
126	7	0
7->1->0
31,34,-1
2
----------------------------------------
127	9	3
9->12->5->4->3
27,23,41,32,-1
4
----------------------------------------
128	6	12
6->4->5->12
16,33,42,-1
3
----------------------------------------
129	13	10
13->10
22,-1
1
----------------------------------------
130	5	7
5->2->1->7
43,32,35,-1
3
----------------------------------------
131	7	0
7->1->0
33,36,-1
2
----------------------------------------
132	12	5
12->5
25,-1
1
----------------------------------------
133	5	13
5->13
45,-1
1
----------------------------------------
134	11	8
11->8
27,-1
1
----------------------------------------
135	3	1
3->0->1
35,26,-1
2
----------------------------------------
136	10	8
10->11->8
33,28,-1
2
----------------------------------------
137	10	9
10->9
34,-1
1
----------------------------------------
138	0	11
0->1->7->10->11
27,38,34,35,-1
4
----------------------------------------
139	6	10
6->4->5->13->10
17,34,46,24,-1
4
----------------------------------------
140	11	10
11->10
30,-1
1
----------------------------------------
141	8	10
8->11->10
37,31,-1
2
----------------------------------------
142	5	12
5->12
47,-1
1
----------------------------------------
143	8	4
8->9->12->5->4
38,29,27,48,-1
4
----------------------------------------
144	6	12
6->4->5->12
18,36,49,-1
3
----------------------------------------
145	7	4
7->6->4
35,19,-1
2
----------------------------------------
146	11	4
11->12->5->4
32,29,50,-1
3
----------------------------------------
147	8	9
8->11->10->9
39,33,39,-1
3
----------------------------------------
148	11	13
11->10->13
34,40,-1
2
----------------------------------------
149	3	2
3->0->2
36,28,-1
2
----------------------------------------
150	6	5
6->4->5
20,39,-1
2
----------------------------------------
151	2	0
2->0
34,-1
1
----------------------------------------
152	11	8
11->8
35,-1
1
----------------------------------------
153	0	2
0->2
30,-1
1
----------------------------------------
154	13	10
13->10
26,-1
1
----------------------------------------
155	3	0
3->0
37,-1
1
----------------------------------------
156	13	9
13->10->9
27,42,-1
2
----------------------------------------
157	2	1
2->1
36,-1
1
----------------------------------------
158	4	6
4->6
40,-1
1
----------------------------------------
159	6	13
6->4->5->13
22,41,52,-1
3
----------------------------------------
160	3	0
3->0
38,-1
1
----------------------------------------
161	11	9
11->10->9
36,43,-1
2
----------------------------------------
162	13	10
13->10
29,-1
1
----------------------------------------
163	2	6
2->1->7->6
37,40,36,-1
3
----------------------------------------
164	7	6
7->6
37,-1
1
----------------------------------------
165	10	11
10->11
45,-1
1
----------------------------------------
166	5	13
5->13
53,-1
1
----------------------------------------
167	1	2
1->2
41,-1
1
----------------------------------------
168	2	0
2->0
39,-1
1
----------------------------------------
169	5	11
5->12->11
54,30,-1
2
----------------------------------------
170	9	11
9->10->11
33,46,-1
2
----------------------------------------
171	4	7
4->6->7
42,25,-1
2
----------------------------------------
172	12	2
12->5->2
31,55,-1
2
----------------------------------------
173	8	10
8->11->10
41,40,-1
2
----------------------------------------
174	11	13
11->10->13
41,48,-1
2
----------------------------------------
175	10	13
10->13
49,-1
1
----------------------------------------
176	9	11
9->10->11
34,50,-1
2
----------------------------------------
177	2	0
2->0
41,-1
1
----------------------------------------
178	3	2
3->0->2
39,35,-1
2
----------------------------------------
179	0	3
0->3
36,-1
1
----------------------------------------
180	12	10
12->9->10
32,35,-1
2
----------------------------------------
181	3	2
3->0->2
41,37,-1
2
----------------------------------------
