0	10	6
10->7->6
0,0,-1
2
----------------------------------------
1	1	10
1->7->10
0,1,-1
2
----------------------------------------
2	11	12
11->12
0,-1
1
----------------------------------------
3	4	6
4->6
0,-1
1
----------------------------------------
4	7	12
7->10->9->12
2,2,0,-1
3
----------------------------------------
5	13	11
13->10->11
0,3,-1
2
----------------------------------------
6	10	1
10->7->1
4,3,-1
2
----------------------------------------
7	7	10
7->10
4,-1
1
----------------------------------------
8	3	12
3->4->5->12
0,1,0,-1
3
----------------------------------------
9	1	4
1->0->3->4
2,0,1,-1
3
----------------------------------------
10	10	1
10->7->1
6,5,-1
2
----------------------------------------
11	8	4
8->3->4
0,2,-1
2
----------------------------------------
12	9	0
9->8->3->0
1,1,3,-1
3
----------------------------------------
13	13	12
13->5->12
1,1,-1
2
----------------------------------------
14	7	3
7->1->0->3
6,4,2,-1
3
----------------------------------------
15	6	4
6->4
2,-1
1
----------------------------------------
16	8	11
8->11
2,-1
1
----------------------------------------
17	2	10
2->1->7->10
0,5,7,-1
3
----------------------------------------
18	2	13
2->5->13
1,2,-1
2
----------------------------------------
19	2	8
2->0->3->8
2,3,5,-1
3
----------------------------------------
20	6	10
6->7->10
3,8,-1
2
----------------------------------------
21	8	0
8->3->0
4,6,-1
2
----------------------------------------
22	11	1
11->10->7->1
3,9,9,-1
3
----------------------------------------
23	7	5
7->1->2->5
10,7,3,-1
3
----------------------------------------
24	4	8
4->3->8
5,7,-1
2
----------------------------------------
25	6	1
6->7->1
4,11,-1
2
----------------------------------------
26	4	10
4->6->7->10
6,5,12,-1
3
----------------------------------------
27	1	11
1->0->3->8->11
9,5,8,6,-1
4
----------------------------------------
28	9	5
9->12->5
2,4,-1
2
----------------------------------------
29	13	2
13->5->2
3,5,-1
2
----------------------------------------
30	6	9
6->4->3->8->9
6,7,9,7,-1
4
----------------------------------------
31	2	12
2->5->12
5,6,-1
2
----------------------------------------
32	4	3
4->3
8,-1
1
----------------------------------------
33	2	10
2->5->13->10
6,7,4,-1
3
----------------------------------------
34	2	6
2->5->4->6
7,8,9,-1
3
----------------------------------------
35	2	3
2->0->3
8,6,-1
2
----------------------------------------
36	0	1
0->1
7,-1
1
----------------------------------------
37	4	1
4->3->0->1
10,12,8,-1
3
----------------------------------------
38	13	9
13->10->9
5,12,-1
2
----------------------------------------
39	5	11
5->12->11
9,6,-1
2
----------------------------------------
40	13	4
13->5->4
6,10,-1
2
----------------------------------------
41	5	3
5->4->3
11,12,-1
2
----------------------------------------
42	8	10
8->9->10
8,5,-1
2
----------------------------------------
43	11	12
11->12
6,-1
1
----------------------------------------
44	1	0
1->0
12,-1
1
----------------------------------------
45	13	0
13->5->2->0
7,12,9,-1
3
----------------------------------------
46	10	0
10->7->1->0
14,13,13,-1
3
----------------------------------------
47	8	9
8->9
9,-1
1
----------------------------------------
48	2	7
2->1->7
10,14,-1
2
----------------------------------------
49	10	8
10->9->8
15,7,-1
2
----------------------------------------
50	11	0
11->8->3->0
7,11,14,-1
3
----------------------------------------
51	11	9
11->8->9
8,12,-1
2
----------------------------------------
52	8	3
8->3
13,-1
1
----------------------------------------
53	9	12
9->12
9,-1
1
----------------------------------------
54	4	2
4->5->2
13,13,-1
2
----------------------------------------
55	13	12
13->5->12
8,14,-1
2
----------------------------------------
56	1	13
1->2->5->13
15,12,15,-1
3
----------------------------------------
57	1	6
1->7->6
16,15,-1
2
----------------------------------------
58	3	4
3->4
16,-1
1
----------------------------------------
59	10	6
10->7->6
16,16,-1
2
----------------------------------------
60	6	5
6->4->5
10,15,-1
2
----------------------------------------
61	5	1
5->2->1
17,13,-1
2
----------------------------------------
62	4	9
4->3->8->9
16,17,14,-1
3
----------------------------------------
63	13	3
13->5->4->3
10,18,17,-1
3
----------------------------------------
64	1	13
1->2->5->13
18,14,19,-1
3
----------------------------------------
65	2	11
2->5->12->11
15,20,10,-1
3
----------------------------------------
66	5	6
5->4->6
21,18,-1
2
----------------------------------------
67	7	9
7->1->0->3->8->9
17,19,13,19,15,-1
5
----------------------------------------
68	7	13
7->1->2->5->13
18,20,16,22,-1
4
----------------------------------------
69	9	4
9->8->3->4
12,16,20,-1
3
----------------------------------------
70	12	9
12->9
11,-1
1
----------------------------------------
71	2	4
2->5->4
17,23,-1
2
----------------------------------------
72	7	11
7->1->0->3->8->11
19,21,14,21,17,-1
5
----------------------------------------
73	6	9
6->4->3->8->9
12,21,22,18,-1
4
----------------------------------------
74	0	8
0->3->8
15,23,-1
2
----------------------------------------
75	3	13
3->4->5->13
24,22,24,-1
3
----------------------------------------
76	11	5
11->12->5
11,12,-1
2
----------------------------------------
77	5	4
5->4
26,-1
1
----------------------------------------
78	9	8
9->8
15,-1
1
----------------------------------------
79	2	4
2->5->4
18,27,-1
2
----------------------------------------
80	8	4
8->3->4
21,25,-1
2
----------------------------------------
81	8	9
8->11->10->9
22,12,17,-1
3
----------------------------------------
82	9	0
9->10->7->1->0
17,18,20,22,-1
4
----------------------------------------
83	9	11
9->8->11
18,23,-1
2
----------------------------------------
84	10	1
10->13->5->2->1
19,14,28,19,-1
4
----------------------------------------
85	13	0
13->5->2->0
15,29,20,-1
3
----------------------------------------
86	10	7
10->13->5->2->1->7
20,16,30,21,24,-1
5
----------------------------------------
87	4	2
4->5->2
26,31,-1
2
----------------------------------------
88	8	10
8->11->10
24,14,-1
2
----------------------------------------
89	11	3
11->8->3
15,25,-1
2
----------------------------------------
90	5	3
5->2->0->3
32,23,18,-1
3
----------------------------------------
91	10	9
10->9
22,-1
1
----------------------------------------
92	13	11
13->10->11
17,23,-1
2
----------------------------------------
93	11	9
11->10->9
17,24,-1
2
----------------------------------------
94	4	0
4->5->2->0
27,33,24,-1
3
----------------------------------------
95	5	12
5->12
34,-1
1
----------------------------------------
96	8	12
8->11->12
26,18,-1
2
----------------------------------------
97	3	7
3->0->1->7
28,20,25,-1
3
----------------------------------------
98	9	13
9->10->13
21,25,-1
2
----------------------------------------
99	11	4
11->12->5->4
19,15,35,-1
3
----------------------------------------
100	10	13
10->13
26,-1
1
----------------------------------------
101	12	8
12->9->8
16,22,-1
2
----------------------------------------
102	5	7
5->2->1->7
36,25,26,-1
3
----------------------------------------
103	12	8
12->9->8
17,23,-1
2
----------------------------------------
104	10	11
10->11
27,-1
1
----------------------------------------
105	11	12
11->12
21,-1
1
----------------------------------------
106	8	11
8->11
29,-1
1
----------------------------------------
107	1	6
1->7->6
27,24,-1
2
----------------------------------------
108	0	1
0->1
21,-1
1
----------------------------------------
109	11	10
11->10
23,-1
1
----------------------------------------
110	2	7
2->1->7
26,29,-1
2
----------------------------------------
111	12	13
12->5->13
19,37,-1
2
----------------------------------------
112	4	11
4->5->12->11
29,38,20,-1
3
----------------------------------------
113	1	6
1->7->6
30,26,-1
2
----------------------------------------
114	9	12
9->12
24,-1
1
----------------------------------------
115	8	10
8->11->10
30,25,-1
2
----------------------------------------
116	6	12
6->4->5->12
15,30,39,-1
3
----------------------------------------
117	13	10
13->10
21,-1
1
----------------------------------------
118	12	5
12->5
23,-1
1
----------------------------------------
119	5	13
5->13
41,-1
1
----------------------------------------
120	11	8
11->8
26,-1
1
----------------------------------------
121	3	1
3->0->1
29,22,-1
2
----------------------------------------
122	10	8
10->11->8
31,27,-1
2
----------------------------------------
123	0	7
0->1->7
23,32,-1
2
----------------------------------------
124	10	9
10->9
32,-1
1
----------------------------------------
125	6	10
6->4->5->13->10
16,31,42,23,-1
4
----------------------------------------
126	11	10
11->10
28,-1
1
----------------------------------------
127	8	10
8->11->10
33,29,-1
2
----------------------------------------
128	5	12
5->12
43,-1
1
----------------------------------------
129	7	4
7->6->4
28,17,-1
2
----------------------------------------
130	11	13
11->10->13
30,36,-1
2
----------------------------------------
131	3	2
3->0->2
30,24,-1
2
----------------------------------------
132	2	0
2->0
28,-1
1
----------------------------------------
133	11	8
11->8
31,-1
1
----------------------------------------
134	0	2
0->2
26,-1
1
----------------------------------------
135	13	10
13->10
25,-1
1
----------------------------------------
136	3	0
3->0
31,-1
1
----------------------------------------
137	13	9
13->10->9
26,38,-1
2
----------------------------------------
138	2	1
2->1
30,-1
1
----------------------------------------
139	4	6
4->6
33,-1
1
----------------------------------------
140	3	0
3->0
32,-1
1
----------------------------------------
141	11	9
11->10->9
32,39,-1
2
----------------------------------------
142	13	10
13->10
27,-1
1
----------------------------------------
143	7	6
7->6
29,-1
1
----------------------------------------
144	10	11
10->11
41,-1
1
----------------------------------------
145	5	13
5->13
44,-1
1
----------------------------------------
146	1	2
1->2
34,-1
1
----------------------------------------
147	2	0
2->0
32,-1
1
----------------------------------------
148	5	11
5->12->11
45,25,-1
2
----------------------------------------
149	0	5
0->3->4->5
30,33,34,-1
3
----------------------------------------
150	9	11
9->10->11
28,42,-1
2
----------------------------------------
151	4	7
4->6->7
35,20,-1
2
----------------------------------------
152	11	13
11->10->13
36,43,-1
2
----------------------------------------
153	7	0
7->1->0
31,35,-1
2
----------------------------------------
154	10	13
10->13
44,-1
1
----------------------------------------
155	9	11
9->10->11
29,45,-1
2
----------------------------------------
156	2	0
2->0
33,-1
1
----------------------------------------
157	11	3
11->8->3
38,35,-1
2
----------------------------------------
158	3	2
3->0->2
35,33,-1
2
----------------------------------------
159	0	3
0->3
34,-1
1
----------------------------------------
160	12	10
12->9->10
26,30,-1
2
----------------------------------------
161	3	2
3->0->2
37,35,-1
2
----------------------------------------
