Node 0 Forwarding Table:
1	0	3	0	
----------------------------------------
3	1	-1	-1	
----------------------------------------
1	2	3	2	
----------------------------------------
2	3	3	3	
----------------------------------------
3	4	-1	-1	
----------------------------------------
1	5	3	5	
----------------------------------------
2	6	3	6	
----------------------------------------
-1	-1	1	7	
----------------------------------------
3	8	1	8	
----------------------------------------
1	9	-1	-1	
----------------------------------------
2	10	-1	-1	
----------------------------------------
1	11	-1	-1	
----------------------------------------
3	12	-1	-1	
----------------------------------------
1	13	3	13	
----------------------------------------
1	14	3	14	
----------------------------------------
-1	-1	3	15	
----------------------------------------
1	16	-1	-1	
----------------------------------------
2	17	-1	-1	
----------------------------------------
2	18	3	18	
----------------------------------------
2	19	-1	-1	
----------------------------------------
3	20	1	20	
----------------------------------------
-1	-1	1	21	
----------------------------------------
3	22	1	22	
----------------------------------------
-1	-1	1	23	
----------------------------------------
3	24	2	24	
----------------------------------------
2	25	-1	-1	
----------------------------------------
-1	-1	2	26	
----------------------------------------
3	27	-1	-1	
----------------------------------------
3	28	-1	-1	
----------------------------------------
2	29	-1	-1	
----------------------------------------
-1	-1	3	30	
----------------------------------------
1	31	-1	-1	
----------------------------------------
2	32	-1	-1	
----------------------------------------
3	33	2	33	
----------------------------------------
-1	-1	3	34	
----------------------------------------
3	35	2	35	
----------------------------------------

****************************************
Node 1 Forwarding Table:
-1	-1	7	0	
----------------------------------------
7	1	-1	-1	
----------------------------------------
-1	-1	0	2	
----------------------------------------
7	3	-1	-1	
----------------------------------------
7	4	0	4	
----------------------------------------
2	5	7	5	
----------------------------------------
7	6	-1	-1	
----------------------------------------
7	7	2	7	
----------------------------------------
7	8	-1	-1	
----------------------------------------
-1	-1	0	9	
----------------------------------------
0	10	-1	-1	
----------------------------------------
0	11	-1	-1	
----------------------------------------
-1	-1	0	12	
----------------------------------------
7	13	0	13	
----------------------------------------
2	14	7	14	
----------------------------------------
-1	-1	2	15	
----------------------------------------
-1	-1	7	16	
----------------------------------------
2	17	-1	-1	
----------------------------------------
-1	-1	2	18	
----------------------------------------
7	19	0	19	
----------------------------------------
7	20	2	20	
----------------------------------------
7	21	0	21	
----------------------------------------
7	22	0	22	
----------------------------------------
2	23	-1	-1	
----------------------------------------
2	24	7	24	
----------------------------------------
0	25	7	25	
----------------------------------------
2	26	7	26	
----------------------------------------
-1	-1	7	27	
----------------------------------------
0	28	-1	-1	
----------------------------------------
2	29	7	29	
----------------------------------------
-1	-1	7	30	
----------------------------------------
0	31	-1	-1	
----------------------------------------
0	32	7	32	
----------------------------------------
2	33	-1	-1	
----------------------------------------
-1	-1	2	34	
----------------------------------------
7	35	0	35	
----------------------------------------

****************************************
Node 2 Forwarding Table:
-1	-1	1	0	
----------------------------------------
-1	-1	5	1	
----------------------------------------
-1	-1	0	2	
----------------------------------------
1	3	5	3	
----------------------------------------
5	4	-1	-1	
----------------------------------------
-1	-1	5	5	
----------------------------------------
-1	-1	5	6	
----------------------------------------
-1	-1	5	7	
----------------------------------------
-1	-1	0	8	
----------------------------------------
5	9	0	9	
----------------------------------------
-1	-1	1	10	
----------------------------------------
5	11	-1	-1	
----------------------------------------
1	12	5	12	
----------------------------------------
5	13	1	13	
----------------------------------------
1	14	5	14	
----------------------------------------
-1	-1	5	15	
----------------------------------------
1	16	5	16	
----------------------------------------
-1	-1	5	17	
----------------------------------------
-1	-1	5	18	
----------------------------------------
5	19	1	19	
----------------------------------------
5	20	0	20	
----------------------------------------
5	21	1	21	
----------------------------------------
5	22	-1	-1	
----------------------------------------
5	23	0	23	
----------------------------------------
5	24	0	24	
----------------------------------------
5	25	1	25	
----------------------------------------
-1	-1	1	26	
----------------------------------------
0	27	-1	-1	
----------------------------------------
-1	-1	0	28	
----------------------------------------
0	29	-1	-1	
----------------------------------------
-1	-1	1	30	
----------------------------------------
1	31	-1	-1	
----------------------------------------
-1	-1	0	32	
----------------------------------------
-1	-1	0	33	
----------------------------------------
0	34	-1	-1	
----------------------------------------
0	35	-1	-1	
----------------------------------------

****************************************
Node 3 Forwarding Table:
-1	-1	4	0	
----------------------------------------
0	1	4	1	
----------------------------------------
8	2	4	2	
----------------------------------------
8	3	0	3	
----------------------------------------
0	4	-1	-1	
----------------------------------------
0	5	8	5	
----------------------------------------
8	6	0	6	
----------------------------------------
4	7	8	7	
----------------------------------------
0	8	8	8	
----------------------------------------
4	9	8	9	
----------------------------------------
4	10	-1	-1	
----------------------------------------
0	11	-1	-1	
----------------------------------------
4	12	0	12	
----------------------------------------
4	13	-1	-1	
----------------------------------------
8	14	0	14	
----------------------------------------
8	15	-1	-1	
----------------------------------------
-1	-1	4	16	
----------------------------------------
4	17	8	17	
----------------------------------------
4	18	-1	-1	
----------------------------------------
0	19	8	19	
----------------------------------------
8	20	4	20	
----------------------------------------
0	21	8	21	
----------------------------------------
4	22	8	22	
----------------------------------------
0	23	8	23	
----------------------------------------
-1	-1	4	24	
----------------------------------------
8	25	4	25	
----------------------------------------
8	26	-1	-1	
----------------------------------------
0	27	-1	-1	
----------------------------------------
-1	-1	0	28	
----------------------------------------
-1	-1	0	29	
----------------------------------------
-1	-1	0	30	
----------------------------------------
-1	-1	0	31	
----------------------------------------
-1	-1	0	32	
----------------------------------------
0	33	4	33	
----------------------------------------
8	34	-1	-1	
----------------------------------------
-1	-1	0	35	
----------------------------------------
0	36	-1	-1	
----------------------------------------
-1	-1	0	37	
----------------------------------------

****************************************
Node 4 Forwarding Table:
-1	-1	6	0	
----------------------------------------
3	1	5	1	
----------------------------------------
3	2	-1	-1	
----------------------------------------
3	3	-1	-1	
----------------------------------------
6	4	-1	-1	
----------------------------------------
-1	-1	3	5	
----------------------------------------
-1	-1	6	6	
----------------------------------------
6	7	3	7	
----------------------------------------
-1	-1	3	8	
----------------------------------------
5	9	6	9	
----------------------------------------
-1	-1	3	10	
----------------------------------------
5	11	-1	-1	
----------------------------------------
5	12	3	12	
----------------------------------------
-1	-1	5	13	
----------------------------------------
3	14	-1	-1	
----------------------------------------
6	15	5	15	
----------------------------------------
-1	-1	3	16	
----------------------------------------
5	17	3	17	
----------------------------------------
5	18	6	18	
----------------------------------------
3	19	-1	-1	
----------------------------------------
5	20	-1	-1	
----------------------------------------
6	21	3	21	
----------------------------------------
3	22	5	22	
----------------------------------------
5	23	-1	-1	
----------------------------------------
5	24	-1	-1	
----------------------------------------
3	25	-1	-1	
----------------------------------------
-1	-1	5	26	
----------------------------------------
-1	-1	5	27	
----------------------------------------
5	28	-1	-1	
----------------------------------------
-1	-1	5	29	
----------------------------------------
6	30	5	30	
----------------------------------------
6	31	5	31	
----------------------------------------
6	32	-1	-1	
----------------------------------------
-1	-1	6	33	
----------------------------------------
3	34	5	34	
----------------------------------------
-1	-1	6	35	
----------------------------------------

****************************************
Node 5 Forwarding Table:
4	0	12	0	
----------------------------------------
13	1	12	1	
----------------------------------------
2	2	13	2	
----------------------------------------
2	3	-1	-1	
----------------------------------------
12	4	-1	-1	
----------------------------------------
13	5	2	5	
----------------------------------------
2	6	12	6	
----------------------------------------
2	7	13	7	
----------------------------------------
2	8	4	8	
----------------------------------------
-1	-1	12	9	
----------------------------------------
13	10	4	10	
----------------------------------------
-1	-1	4	11	
----------------------------------------
13	12	2	12	
----------------------------------------
4	13	2	13	
----------------------------------------
13	14	12	14	
----------------------------------------
2	15	13	15	
----------------------------------------
4	16	-1	-1	
----------------------------------------
-1	-1	2	17	
----------------------------------------
13	18	4	18	
----------------------------------------
2	19	13	19	
----------------------------------------
2	20	12	20	
----------------------------------------
-1	-1	4	21	
----------------------------------------
2	22	13	22	
----------------------------------------
2	23	4	23	
----------------------------------------
4	24	13	24	
----------------------------------------
12	25	-1	-1	
----------------------------------------
-1	-1	4	26	
----------------------------------------
2	27	4	27	
----------------------------------------
13	28	2	28	
----------------------------------------
13	29	2	29	
----------------------------------------
13	30	2	30	
----------------------------------------
4	31	2	31	
----------------------------------------
-1	-1	2	32	
----------------------------------------
4	33	2	33	
----------------------------------------
-1	-1	12	34	
----------------------------------------
12	35	4	35	
----------------------------------------
-1	-1	2	36	
----------------------------------------
12	37	13	37	
----------------------------------------
4	38	12	38	
----------------------------------------
4	39	12	39	
----------------------------------------
12	40	-1	-1	
----------------------------------------
-1	-1	13	41	
----------------------------------------
4	42	13	42	
----------------------------------------
-1	-1	12	43	
----------------------------------------
-1	-1	13	44	
----------------------------------------
-1	-1	12	45	
----------------------------------------
4	46	-1	-1	
----------------------------------------

****************************************
Node 6 Forwarding Table:
7	0	-1	-1	
----------------------------------------
4	1	-1	-1	
----------------------------------------
-1	-1	4	2	
----------------------------------------
-1	-1	7	3	
----------------------------------------
-1	-1	7	4	
----------------------------------------
4	5	7	5	
----------------------------------------
-1	-1	4	6	
----------------------------------------
4	7	-1	-1	
----------------------------------------
7	8	-1	-1	
----------------------------------------
7	9	-1	-1	
----------------------------------------
-1	-1	4	10	
----------------------------------------
4	11	-1	-1	
----------------------------------------
-1	-1	4	12	
----------------------------------------
7	13	-1	-1	
----------------------------------------
7	14	-1	-1	
----------------------------------------
-1	-1	4	15	
----------------------------------------
-1	-1	4	16	
----------------------------------------
7	17	4	17	
----------------------------------------
4	18	-1	-1	
----------------------------------------
7	19	-1	-1	
----------------------------------------
4	20	7	20	
----------------------------------------

****************************************
Node 7 Forwarding Table:
10	0	6	0	
----------------------------------------
1	1	10	1	
----------------------------------------
-1	-1	10	2	
----------------------------------------
10	3	1	3	
----------------------------------------
-1	-1	10	4	
----------------------------------------
10	5	1	5	
----------------------------------------
-1	-1	1	6	
----------------------------------------
1	7	10	7	
----------------------------------------
6	8	10	8	
----------------------------------------
10	9	1	9	
----------------------------------------
-1	-1	1	10	
----------------------------------------
6	11	1	11	
----------------------------------------
6	12	10	12	
----------------------------------------
10	13	1	13	
----------------------------------------
1	14	-1	-1	
----------------------------------------
1	15	6	15	
----------------------------------------
10	16	6	16	
----------------------------------------
-1	-1	1	17	
----------------------------------------
-1	-1	1	18	
----------------------------------------
-1	-1	1	19	
----------------------------------------
10	20	1	20	
----------------------------------------
1	21	-1	-1	
----------------------------------------
1	22	-1	-1	
----------------------------------------
1	23	-1	-1	
----------------------------------------
1	24	6	24	
----------------------------------------
1	25	-1	-1	
----------------------------------------
1	26	6	26	
----------------------------------------
1	27	-1	-1	
----------------------------------------
-1	-1	6	28	
----------------------------------------
-1	-1	6	29	
----------------------------------------
6	30	-1	-1	
----------------------------------------
-1	-1	1	31	
----------------------------------------

****************************************
Node 8 Forwarding Table:
-1	-1	3	0	
----------------------------------------
9	1	3	1	
----------------------------------------
-1	-1	11	2	
----------------------------------------
3	3	-1	-1	
----------------------------------------
-1	-1	3	4	
----------------------------------------
3	5	-1	-1	
----------------------------------------
3	6	11	6	
----------------------------------------
3	7	9	7	
----------------------------------------
-1	-1	9	8	
----------------------------------------
-1	-1	9	9	
----------------------------------------
9	10	-1	-1	
----------------------------------------
11	11	3	11	
----------------------------------------
11	12	9	12	
----------------------------------------
-1	-1	3	13	
----------------------------------------
3	14	9	14	
----------------------------------------
3	15	9	15	
----------------------------------------
9	16	3	16	
----------------------------------------
3	17	11	17	
----------------------------------------
3	18	9	18	
----------------------------------------
3	19	-1	-1	
----------------------------------------
9	20	-1	-1	
----------------------------------------
-1	-1	3	21	
----------------------------------------
-1	-1	11	22	
----------------------------------------
9	23	11	23	
----------------------------------------
-1	-1	11	24	
----------------------------------------
11	25	3	25	
----------------------------------------
-1	-1	11	26	
----------------------------------------
9	27	-1	-1	
----------------------------------------
9	28	-1	-1	
----------------------------------------
-1	-1	11	29	
----------------------------------------
-1	-1	11	30	
----------------------------------------
11	31	-1	-1	
----------------------------------------
11	32	-1	-1	
----------------------------------------
-1	-1	11	33	
----------------------------------------
11	34	-1	-1	
----------------------------------------
11	35	3	35	
----------------------------------------

****************************************
Node 9 Forwarding Table:
10	0	12	0	
----------------------------------------
-1	-1	8	1	
----------------------------------------
-1	-1	12	2	
----------------------------------------
8	3	-1	-1	
----------------------------------------
10	4	-1	-1	
----------------------------------------
8	5	10	5	
----------------------------------------
8	6	-1	-1	
----------------------------------------
10	7	8	7	
----------------------------------------
8	8	-1	-1	
----------------------------------------
-1	-1	12	9	
----------------------------------------
8	10	-1	-1	
----------------------------------------
8	11	-1	-1	
----------------------------------------
-1	-1	8	12	
----------------------------------------
12	13	-1	-1	
----------------------------------------
8	14	-1	-1	
----------------------------------------
-1	-1	8	15	
----------------------------------------
10	16	-1	-1	
----------------------------------------
-1	-1	10	17	
----------------------------------------
-1	-1	8	18	
----------------------------------------
10	19	-1	-1	
----------------------------------------
10	20	-1	-1	
----------------------------------------
-1	-1	10	21	
----------------------------------------
12	22	8	22	
----------------------------------------
12	23	8	23	
----------------------------------------
-1	-1	12	24	
----------------------------------------
10	25	-1	-1	
----------------------------------------
10	26	-1	-1	
----------------------------------------
10	27	-1	-1	
----------------------------------------
-1	-1	10	28	
----------------------------------------
-1	-1	10	29	
----------------------------------------
12	30	10	30	
----------------------------------------

****************************************
Node 10 Forwarding Table:
-1	-1	7	0	
----------------------------------------
7	1	-1	-1	
----------------------------------------
7	2	9	2	
----------------------------------------
13	3	11	3	
----------------------------------------
-1	-1	7	4	
----------------------------------------
7	5	-1	-1	
----------------------------------------
-1	-1	7	6	
----------------------------------------
7	7	-1	-1	
----------------------------------------
7	8	-1	-1	
----------------------------------------
11	9	7	9	
----------------------------------------
7	10	-1	-1	
----------------------------------------
13	11	-1	-1	
----------------------------------------
13	12	9	12	
----------------------------------------
9	13	-1	-1	
----------------------------------------
-1	-1	7	14	
----------------------------------------
-1	-1	9	15	
----------------------------------------
-1	-1	7	16	
----------------------------------------
11	17	9	17	
----------------------------------------
9	18	7	18	
----------------------------------------
-1	-1	13	19	
----------------------------------------
-1	-1	13	20	
----------------------------------------
11	21	-1	-1	
----------------------------------------
-1	-1	9	22	
----------------------------------------
13	23	11	23	
----------------------------------------
11	24	9	24	
----------------------------------------
9	25	13	25	
----------------------------------------
-1	-1	13	26	
----------------------------------------
-1	-1	11	27	
----------------------------------------
11	28	-1	-1	
----------------------------------------
11	29	-1	-1	
----------------------------------------
13	30	-1	-1	
----------------------------------------
-1	-1	11	31	
----------------------------------------
-1	-1	9	32	
----------------------------------------
13	33	-1	-1	
----------------------------------------
11	34	-1	-1	
----------------------------------------
11	35	-1	-1	
----------------------------------------
11	36	13	36	
----------------------------------------
13	37	-1	-1	
----------------------------------------
13	38	9	38	
----------------------------------------
11	39	9	39	
----------------------------------------
13	40	-1	-1	
----------------------------------------
-1	-1	11	41	
----------------------------------------
9	42	11	42	
----------------------------------------
11	43	13	43	
----------------------------------------
-1	-1	13	44	
----------------------------------------
9	45	11	45	
----------------------------------------
9	46	-1	-1	
----------------------------------------

****************************************
Node 11 Forwarding Table:
-1	-1	12	0	
----------------------------------------
10	1	-1	-1	
----------------------------------------
8	2	-1	-1	
----------------------------------------
-1	-1	10	3	
----------------------------------------
8	4	-1	-1	
----------------------------------------
12	5	-1	-1	
----------------------------------------
-1	-1	12	6	
----------------------------------------
-1	-1	8	7	
----------------------------------------
-1	-1	8	8	
----------------------------------------
12	9	-1	-1	
----------------------------------------
8	10	-1	-1	
----------------------------------------
-1	-1	12	11	
----------------------------------------
8	12	10	12	
----------------------------------------
8	13	-1	-1	
----------------------------------------
8	14	10	14	
----------------------------------------
-1	-1	8	15	
----------------------------------------
10	16	-1	-1	
----------------------------------------
-1	-1	10	17	
----------------------------------------
8	18	12	18	
----------------------------------------
-1	-1	12	19	
----------------------------------------
10	20	-1	-1	
----------------------------------------
-1	-1	12	21	
----------------------------------------
8	22	-1	-1	
----------------------------------------
-1	-1	10	23	
----------------------------------------
12	24	-1	-1	
----------------------------------------
8	25	10	25	
----------------------------------------
-1	-1	8	26	
----------------------------------------
10	27	8	27	
----------------------------------------
-1	-1	10	28	
----------------------------------------
8	29	10	29	
----------------------------------------
-1	-1	10	30	
----------------------------------------
-1	-1	8	31	
----------------------------------------
-1	-1	10	32	
----------------------------------------
10	33	-1	-1	
----------------------------------------
12	34	-1	-1	
----------------------------------------
10	35	-1	-1	
----------------------------------------
-1	-1	10	36	
----------------------------------------
10	37	-1	-1	
----------------------------------------
-1	-1	8	38	
----------------------------------------

****************************************
Node 12 Forwarding Table:
11	0	-1	-1	
----------------------------------------
9	1	-1	-1	
----------------------------------------
5	2	-1	-1	
----------------------------------------
5	3	-1	-1	
----------------------------------------
9	4	5	4	
----------------------------------------
5	5	-1	-1	
----------------------------------------
5	6	11	6	
----------------------------------------
11	7	-1	-1	
----------------------------------------
9	8	-1	-1	
----------------------------------------
5	9	-1	-1	
----------------------------------------
5	10	11	10	
----------------------------------------
-1	-1	9	11	
----------------------------------------
11	12	5	12	
----------------------------------------
5	13	-1	-1	
----------------------------------------
11	14	-1	-1	
----------------------------------------
11	15	5	15	
----------------------------------------
-1	-1	9	16	
----------------------------------------
-1	-1	9	17	
----------------------------------------
11	18	-1	-1	
----------------------------------------
-1	-1	5	19	
----------------------------------------
5	20	11	20	
----------------------------------------
9	21	-1	-1	
----------------------------------------
5	22	-1	-1	
----------------------------------------
-1	-1	5	23	
----------------------------------------
5	24	-1	-1	
----------------------------------------
5	25	11	25	
----------------------------------------
-1	-1	9	26	
----------------------------------------

****************************************
Node 13 Forwarding Table:
-1	-1	10	0	
----------------------------------------
-1	-1	5	1	
----------------------------------------
5	2	-1	-1	
----------------------------------------
-1	-1	5	3	
----------------------------------------
5	4	10	4	
----------------------------------------
-1	-1	10	5	
----------------------------------------
-1	-1	5	6	
----------------------------------------
-1	-1	5	7	
----------------------------------------
-1	-1	5	8	
----------------------------------------
5	9	-1	-1	
----------------------------------------
-1	-1	5	10	
----------------------------------------
5	11	-1	-1	
----------------------------------------
5	12	-1	-1	
----------------------------------------
5	13	-1	-1	
----------------------------------------
10	14	5	14	
----------------------------------------
-1	-1	5	15	
----------------------------------------
10	16	5	16	
----------------------------------------
-1	-1	10	17	
----------------------------------------
10	18	-1	-1	
----------------------------------------
10	19	-1	-1	
----------------------------------------
5	20	-1	-1	
----------------------------------------
-1	-1	10	21	
----------------------------------------
5	22	-1	-1	
----------------------------------------
5	23	10	23	
----------------------------------------
10	24	-1	-1	
----------------------------------------
-1	-1	10	25	
----------------------------------------
-1	-1	10	26	
----------------------------------------
-1	-1	10	27	
----------------------------------------
5	28	-1	-1	
----------------------------------------
10	29	-1	-1	
----------------------------------------
10	30	-1	-1	
----------------------------------------

****************************************
