Node 0 Forwarding Table:
1	0	3	0	
----------------------------------------
3	1	-1	-1	
----------------------------------------
1	2	3	2	
----------------------------------------
2	3	3	3	
----------------------------------------
3	4	-1	-1	
----------------------------------------
1	5	3	5	
----------------------------------------
2	6	3	6	
----------------------------------------
-1	-1	1	7	
----------------------------------------
3	8	1	8	
----------------------------------------
1	9	-1	-1	
----------------------------------------
2	10	-1	-1	
----------------------------------------
1	11	-1	-1	
----------------------------------------
3	12	-1	-1	
----------------------------------------
1	13	3	13	
----------------------------------------
1	14	3	14	
----------------------------------------
-1	-1	3	15	
----------------------------------------
3	16	-1	-1	
----------------------------------------
2	17	-1	-1	
----------------------------------------
2	18	3	18	
----------------------------------------
3	19	-1	-1	
----------------------------------------
3	20	1	20	
----------------------------------------
2	21	-1	-1	
----------------------------------------
-1	-1	1	22	
----------------------------------------
2	23	3	23	
----------------------------------------
1	24	-1	-1	
----------------------------------------
1	25	-1	-1	
----------------------------------------
3	26	1	26	
----------------------------------------
-1	-1	1	27	
----------------------------------------
3	28	2	28	
----------------------------------------
2	29	-1	-1	
----------------------------------------
-1	-1	2	30	
----------------------------------------
3	31	-1	-1	
----------------------------------------
3	32	-1	-1	
----------------------------------------
2	33	-1	-1	
----------------------------------------
2	34	-1	-1	
----------------------------------------
3	35	2	35	
----------------------------------------
-1	-1	3	36	
----------------------------------------
3	37	2	37	
----------------------------------------

****************************************
Node 1 Forwarding Table:
-1	-1	7	0	
----------------------------------------
7	1	-1	-1	
----------------------------------------
-1	-1	0	2	
----------------------------------------
7	3	-1	-1	
----------------------------------------
7	4	0	4	
----------------------------------------
2	5	7	5	
----------------------------------------
7	6	-1	-1	
----------------------------------------
7	7	2	7	
----------------------------------------
7	8	-1	-1	
----------------------------------------
-1	-1	0	9	
----------------------------------------
2	10	7	10	
----------------------------------------
0	11	-1	-1	
----------------------------------------
0	12	-1	-1	
----------------------------------------
-1	-1	0	13	
----------------------------------------
7	14	0	14	
----------------------------------------
2	15	7	15	
----------------------------------------
-1	-1	2	16	
----------------------------------------
-1	-1	7	17	
----------------------------------------
2	18	-1	-1	
----------------------------------------
-1	-1	2	19	
----------------------------------------
7	20	0	20	
----------------------------------------
7	21	2	21	
----------------------------------------
7	22	0	22	
----------------------------------------
7	23	-1	-1	
----------------------------------------
7	24	2	24	
----------------------------------------
0	25	7	25	
----------------------------------------
2	26	7	26	
----------------------------------------
7	27	-1	-1	
----------------------------------------
-1	-1	2	28	
----------------------------------------
2	29	7	29	
----------------------------------------
-1	-1	7	30	
----------------------------------------
0	31	-1	-1	
----------------------------------------
2	32	7	32	
----------------------------------------
-1	-1	7	33	
----------------------------------------
7	34	0	34	
----------------------------------------
2	35	7	35	
----------------------------------------
7	36	0	36	
----------------------------------------
0	37	-1	-1	
----------------------------------------
0	38	7	38	
----------------------------------------
2	39	-1	-1	
----------------------------------------
2	40	7	40	
----------------------------------------
-1	-1	2	41	
----------------------------------------

****************************************
Node 2 Forwarding Table:
-1	-1	1	0	
----------------------------------------
-1	-1	5	1	
----------------------------------------
-1	-1	0	2	
----------------------------------------
1	3	5	3	
----------------------------------------
5	4	-1	-1	
----------------------------------------
-1	-1	5	5	
----------------------------------------
-1	-1	1	6	
----------------------------------------
-1	-1	5	7	
----------------------------------------
-1	-1	0	8	
----------------------------------------
5	9	0	9	
----------------------------------------
-1	-1	1	10	
----------------------------------------
5	11	-1	-1	
----------------------------------------
1	12	5	12	
----------------------------------------
5	13	1	13	
----------------------------------------
1	14	5	14	
----------------------------------------
-1	-1	5	15	
----------------------------------------
1	16	5	16	
----------------------------------------
-1	-1	5	17	
----------------------------------------
-1	-1	5	18	
----------------------------------------
-1	-1	5	19	
----------------------------------------
5	20	0	20	
----------------------------------------
1	21	5	21	
----------------------------------------
5	22	-1	-1	
----------------------------------------
5	23	0	23	
----------------------------------------
5	24	-1	-1	
----------------------------------------
5	25	0	25	
----------------------------------------
5	26	1	26	
----------------------------------------
1	27	5	27	
----------------------------------------
5	28	1	28	
----------------------------------------
-1	-1	1	29	
----------------------------------------
-1	-1	0	30	
----------------------------------------
5	31	-1	-1	
----------------------------------------
5	32	1	32	
----------------------------------------
0	33	-1	-1	
----------------------------------------
-1	-1	0	34	
----------------------------------------
0	35	-1	-1	
----------------------------------------
-1	-1	1	36	
----------------------------------------
-1	-1	1	37	
----------------------------------------
1	38	-1	-1	
----------------------------------------
-1	-1	0	39	
----------------------------------------
5	40	-1	-1	
----------------------------------------
-1	-1	0	41	
----------------------------------------
0	42	-1	-1	
----------------------------------------
0	43	-1	-1	
----------------------------------------

****************************************
Node 3 Forwarding Table:
-1	-1	4	0	
----------------------------------------
0	1	4	1	
----------------------------------------
8	2	4	2	
----------------------------------------
8	3	0	3	
----------------------------------------
0	4	-1	-1	
----------------------------------------
0	5	8	5	
----------------------------------------
8	6	0	6	
----------------------------------------
4	7	8	7	
----------------------------------------
0	8	8	8	
----------------------------------------
4	9	8	9	
----------------------------------------
4	10	-1	-1	
----------------------------------------
0	11	-1	-1	
----------------------------------------
4	12	0	12	
----------------------------------------
4	13	-1	-1	
----------------------------------------
8	14	0	14	
----------------------------------------
8	15	-1	-1	
----------------------------------------
-1	-1	4	16	
----------------------------------------
4	17	8	17	
----------------------------------------
4	18	-1	-1	
----------------------------------------
0	19	8	19	
----------------------------------------
8	20	4	20	
----------------------------------------
0	21	8	21	
----------------------------------------
4	22	8	22	
----------------------------------------
0	23	8	23	
----------------------------------------
-1	-1	4	24	
----------------------------------------
8	25	4	25	
----------------------------------------
8	26	0	26	
----------------------------------------
4	27	8	27	
----------------------------------------
8	28	-1	-1	
----------------------------------------
0	29	-1	-1	
----------------------------------------
4	30	0	30	
----------------------------------------
-1	-1	0	31	
----------------------------------------
8	32	4	32	
----------------------------------------
0	33	8	33	
----------------------------------------
4	34	-1	-1	
----------------------------------------
-1	-1	0	35	
----------------------------------------
-1	-1	0	36	
----------------------------------------
-1	-1	0	37	
----------------------------------------
-1	-1	0	38	
----------------------------------------
-1	-1	0	39	
----------------------------------------
0	40	-1	-1	
----------------------------------------
-1	-1	0	41	
----------------------------------------

****************************************
Node 4 Forwarding Table:
-1	-1	6	0	
----------------------------------------
3	1	5	1	
----------------------------------------
3	2	-1	-1	
----------------------------------------
3	3	-1	-1	
----------------------------------------
6	4	-1	-1	
----------------------------------------
-1	-1	3	5	
----------------------------------------
-1	-1	6	6	
----------------------------------------
6	7	3	7	
----------------------------------------
-1	-1	3	8	
----------------------------------------
5	9	6	9	
----------------------------------------
-1	-1	3	10	
----------------------------------------
5	11	-1	-1	
----------------------------------------
5	12	3	12	
----------------------------------------
-1	-1	5	13	
----------------------------------------
3	14	-1	-1	
----------------------------------------
6	15	5	15	
----------------------------------------
-1	-1	3	16	
----------------------------------------
5	17	3	17	
----------------------------------------
5	18	6	18	
----------------------------------------
3	19	-1	-1	
----------------------------------------
5	20	-1	-1	
----------------------------------------
6	21	3	21	
----------------------------------------
3	22	5	22	
----------------------------------------
5	23	-1	-1	
----------------------------------------
5	24	-1	-1	
----------------------------------------
3	25	-1	-1	
----------------------------------------
6	26	3	26	
----------------------------------------
5	27	-1	-1	
----------------------------------------
-1	-1	5	28	
----------------------------------------
-1	-1	3	29	
----------------------------------------
3	30	-1	-1	
----------------------------------------
-1	-1	5	31	
----------------------------------------
5	32	3	32	
----------------------------------------
6	33	5	33	
----------------------------------------
6	34	5	34	
----------------------------------------
5	35	-1	-1	
----------------------------------------
6	36	5	36	
----------------------------------------
6	37	-1	-1	
----------------------------------------
5	38	-1	-1	
----------------------------------------
6	39	5	39	
----------------------------------------
-1	-1	6	40	
----------------------------------------
6	41	5	41	
----------------------------------------
-1	-1	6	42	
----------------------------------------

****************************************
Node 5 Forwarding Table:
4	0	12	0	
----------------------------------------
13	1	12	1	
----------------------------------------
2	2	13	2	
----------------------------------------
2	3	-1	-1	
----------------------------------------
12	4	-1	-1	
----------------------------------------
13	5	2	5	
----------------------------------------
2	6	12	6	
----------------------------------------
2	7	4	7	
----------------------------------------
-1	-1	12	8	
----------------------------------------
13	9	4	9	
----------------------------------------
-1	-1	4	10	
----------------------------------------
13	11	2	11	
----------------------------------------
4	12	2	12	
----------------------------------------
13	13	12	13	
----------------------------------------
2	14	13	14	
----------------------------------------
4	15	-1	-1	
----------------------------------------
-1	-1	2	16	
----------------------------------------
13	17	4	17	
----------------------------------------
2	18	13	18	
----------------------------------------
2	19	12	19	
----------------------------------------
-1	-1	4	20	
----------------------------------------
2	21	13	21	
----------------------------------------
2	22	4	22	
----------------------------------------
4	23	13	23	
----------------------------------------
12	24	-1	-1	
----------------------------------------
-1	-1	4	25	
----------------------------------------
2	26	4	26	
----------------------------------------
2	27	4	27	
----------------------------------------
13	28	2	28	
----------------------------------------
2	29	12	29	
----------------------------------------
4	30	2	30	
----------------------------------------
-1	-1	2	31	
----------------------------------------
-1	-1	12	32	
----------------------------------------
12	33	2	33	
----------------------------------------
13	34	2	34	
----------------------------------------
-1	-1	2	35	
----------------------------------------
2	36	13	36	
----------------------------------------
13	37	2	37	
----------------------------------------
12	38	13	38	
----------------------------------------
4	39	12	39	
----------------------------------------
13	40	2	40	
----------------------------------------
12	41	4	41	
----------------------------------------
4	42	12	42	
----------------------------------------
-1	-1	2	43	
----------------------------------------
12	44	-1	-1	
----------------------------------------
-1	-1	13	45	
----------------------------------------
4	46	13	46	
----------------------------------------
-1	-1	12	47	
----------------------------------------
12	48	4	48	
----------------------------------------
4	49	12	49	
----------------------------------------
12	50	4	50	
----------------------------------------
4	51	-1	-1	
----------------------------------------
4	52	13	52	
----------------------------------------
-1	-1	13	53	
----------------------------------------
-1	-1	12	54	
----------------------------------------
12	55	2	55	
----------------------------------------

****************************************
Node 6 Forwarding Table:
7	0	-1	-1	
----------------------------------------
4	1	-1	-1	
----------------------------------------
-1	-1	4	2	
----------------------------------------
-1	-1	7	3	
----------------------------------------
-1	-1	7	4	
----------------------------------------
4	5	7	5	
----------------------------------------
-1	-1	4	6	
----------------------------------------
4	7	-1	-1	
----------------------------------------
7	8	-1	-1	
----------------------------------------
7	9	-1	-1	
----------------------------------------
-1	-1	4	10	
----------------------------------------
4	11	-1	-1	
----------------------------------------
-1	-1	4	12	
----------------------------------------
-1	-1	4	13	
----------------------------------------
7	14	-1	-1	
----------------------------------------
7	15	-1	-1	
----------------------------------------
-1	-1	4	16	
----------------------------------------
-1	-1	4	17	
----------------------------------------
-1	-1	4	18	
----------------------------------------
7	19	4	19	
----------------------------------------
-1	-1	4	20	
----------------------------------------
4	21	-1	-1	
----------------------------------------
-1	-1	4	22	
----------------------------------------
7	23	-1	-1	
----------------------------------------
7	24	-1	-1	
----------------------------------------
4	25	7	25	
----------------------------------------

****************************************
Node 7 Forwarding Table:
10	0	6	0	
----------------------------------------
1	1	10	1	
----------------------------------------
-1	-1	10	2	
----------------------------------------
10	3	1	3	
----------------------------------------
-1	-1	10	4	
----------------------------------------
10	5	1	5	
----------------------------------------
-1	-1	1	6	
----------------------------------------
1	7	10	7	
----------------------------------------
6	8	10	8	
----------------------------------------
10	9	1	9	
----------------------------------------
-1	-1	1	10	
----------------------------------------
6	11	1	11	
----------------------------------------
6	12	10	12	
----------------------------------------
1	13	10	13	
----------------------------------------
10	14	1	14	
----------------------------------------
1	15	-1	-1	
----------------------------------------
1	16	6	16	
----------------------------------------
10	17	6	17	
----------------------------------------
-1	-1	1	18	
----------------------------------------
-1	-1	1	19	
----------------------------------------
-1	-1	1	20	
----------------------------------------
10	21	1	21	
----------------------------------------
10	22	-1	-1	
----------------------------------------
-1	-1	1	23	
----------------------------------------
1	24	-1	-1	
----------------------------------------
1	25	-1	-1	
----------------------------------------
10	26	1	26	
----------------------------------------
1	27	-1	-1	
----------------------------------------
1	28	6	28	
----------------------------------------
1	29	-1	-1	
----------------------------------------
1	30	6	30	
----------------------------------------
-1	-1	1	31	
----------------------------------------
1	32	-1	-1	
----------------------------------------
-1	-1	1	33	
----------------------------------------
1	34	10	34	
----------------------------------------
-1	-1	6	35	
----------------------------------------
1	36	6	36	
----------------------------------------
-1	-1	6	37	
----------------------------------------
6	38	-1	-1	
----------------------------------------

****************************************
Node 8 Forwarding Table:
-1	-1	3	0	
----------------------------------------
9	1	3	1	
----------------------------------------
-1	-1	11	2	
----------------------------------------
3	3	-1	-1	
----------------------------------------
-1	-1	3	4	
----------------------------------------
3	5	-1	-1	
----------------------------------------
3	6	11	6	
----------------------------------------
3	7	9	7	
----------------------------------------
-1	-1	9	8	
----------------------------------------
-1	-1	9	9	
----------------------------------------
9	10	-1	-1	
----------------------------------------
11	11	3	11	
----------------------------------------
11	12	9	12	
----------------------------------------
-1	-1	3	13	
----------------------------------------
3	14	9	14	
----------------------------------------
3	15	9	15	
----------------------------------------
9	16	3	16	
----------------------------------------
3	17	11	17	
----------------------------------------
3	18	9	18	
----------------------------------------
3	19	-1	-1	
----------------------------------------
9	20	-1	-1	
----------------------------------------
-1	-1	3	21	
----------------------------------------
-1	-1	9	22	
----------------------------------------
9	23	3	23	
----------------------------------------
3	24	11	24	
----------------------------------------
9	25	11	25	
----------------------------------------
-1	-1	9	26	
----------------------------------------
11	27	3	27	
----------------------------------------
-1	-1	11	28	
----------------------------------------
11	29	3	29	
----------------------------------------
9	30	-1	-1	
----------------------------------------
9	31	-1	-1	
----------------------------------------
-1	-1	11	32	
----------------------------------------
3	33	11	33	
----------------------------------------
-1	-1	11	34	
----------------------------------------
11	35	-1	-1	
----------------------------------------
11	36	-1	-1	
----------------------------------------
-1	-1	11	37	
----------------------------------------
-1	-1	9	38	
----------------------------------------
-1	-1	11	39	
----------------------------------------
11	40	-1	-1	
----------------------------------------
-1	-1	11	41	
----------------------------------------

****************************************
Node 9 Forwarding Table:
10	0	12	0	
----------------------------------------
-1	-1	8	1	
----------------------------------------
-1	-1	12	2	
----------------------------------------
8	3	-1	-1	
----------------------------------------
10	4	-1	-1	
----------------------------------------
8	5	10	5	
----------------------------------------
8	6	-1	-1	
----------------------------------------
10	7	8	7	
----------------------------------------
8	8	-1	-1	
----------------------------------------
-1	-1	12	9	
----------------------------------------
8	10	-1	-1	
----------------------------------------
8	11	-1	-1	
----------------------------------------
-1	-1	8	12	
----------------------------------------
12	13	-1	-1	
----------------------------------------
8	14	-1	-1	
----------------------------------------
-1	-1	8	15	
----------------------------------------
8	16	-1	-1	
----------------------------------------
-1	-1	8	17	
----------------------------------------
-1	-1	8	18	
----------------------------------------
8	19	10	19	
----------------------------------------
10	20	-1	-1	
----------------------------------------
10	21	-1	-1	
----------------------------------------
-1	-1	10	22	
----------------------------------------
12	23	8	23	
----------------------------------------
-1	-1	10	24	
----------------------------------------
12	25	8	25	
----------------------------------------
-1	-1	12	26	
----------------------------------------
-1	-1	12	27	
----------------------------------------
10	28	-1	-1	
----------------------------------------
8	29	12	29	
----------------------------------------
10	30	-1	-1	
----------------------------------------
10	31	-1	-1	
----------------------------------------
10	32	-1	-1	
----------------------------------------
-1	-1	10	33	
----------------------------------------
-1	-1	10	34	
----------------------------------------
12	35	10	35	
----------------------------------------

****************************************
Node 10 Forwarding Table:
-1	-1	7	0	
----------------------------------------
7	1	-1	-1	
----------------------------------------
7	2	9	2	
----------------------------------------
13	3	11	3	
----------------------------------------
-1	-1	7	4	
----------------------------------------
7	5	-1	-1	
----------------------------------------
-1	-1	7	6	
----------------------------------------
7	7	-1	-1	
----------------------------------------
7	8	-1	-1	
----------------------------------------
11	9	7	9	
----------------------------------------
7	10	-1	-1	
----------------------------------------
7	11	-1	-1	
----------------------------------------
13	12	9	12	
----------------------------------------
9	13	-1	-1	
----------------------------------------
-1	-1	7	14	
----------------------------------------
-1	-1	9	15	
----------------------------------------
-1	-1	7	16	
----------------------------------------
-1	-1	7	17	
----------------------------------------
-1	-1	7	18	
----------------------------------------
9	19	-1	-1	
----------------------------------------
-1	-1	9	20	
----------------------------------------
13	21	11	21	
----------------------------------------
11	22	9	22	
----------------------------------------
9	23	13	23	
----------------------------------------
-1	-1	13	24	
----------------------------------------
9	25	7	25	
----------------------------------------
13	26	-1	-1	
----------------------------------------
-1	-1	11	27	
----------------------------------------
-1	-1	13	28	
----------------------------------------
11	29	-1	-1	
----------------------------------------
-1	-1	13	30	
----------------------------------------
11	31	-1	-1	
----------------------------------------
13	32	-1	-1	
----------------------------------------
-1	-1	11	33	
----------------------------------------
-1	-1	9	34	
----------------------------------------
7	35	11	35	
----------------------------------------
13	36	-1	-1	
----------------------------------------
11	37	-1	-1	
----------------------------------------
11	38	-1	-1	
----------------------------------------
11	39	9	39	
----------------------------------------
11	40	13	40	
----------------------------------------
13	41	-1	-1	
----------------------------------------
13	42	9	42	
----------------------------------------
11	43	9	43	
----------------------------------------
13	44	-1	-1	
----------------------------------------
-1	-1	11	45	
----------------------------------------
9	46	11	46	
----------------------------------------
11	47	-1	-1	
----------------------------------------
11	48	13	48	
----------------------------------------
-1	-1	13	49	
----------------------------------------
9	50	11	50	
----------------------------------------
9	51	-1	-1	
----------------------------------------

****************************************
Node 11 Forwarding Table:
-1	-1	12	0	
----------------------------------------
10	1	-1	-1	
----------------------------------------
8	2	-1	-1	
----------------------------------------
-1	-1	10	3	
----------------------------------------
8	4	-1	-1	
----------------------------------------
12	5	-1	-1	
----------------------------------------
-1	-1	12	6	
----------------------------------------
-1	-1	8	7	
----------------------------------------
-1	-1	8	8	
----------------------------------------
12	9	-1	-1	
----------------------------------------
8	10	-1	-1	
----------------------------------------
-1	-1	12	11	
----------------------------------------
8	12	-1	-1	
----------------------------------------
8	13	-1	-1	
----------------------------------------
-1	-1	8	14	
----------------------------------------
10	15	-1	-1	
----------------------------------------
-1	-1	10	16	
----------------------------------------
8	17	12	17	
----------------------------------------
-1	-1	8	18	
----------------------------------------
-1	-1	12	19	
----------------------------------------
10	20	-1	-1	
----------------------------------------
-1	-1	12	21	
----------------------------------------
8	22	-1	-1	
----------------------------------------
-1	-1	10	23	
----------------------------------------
8	24	-1	-1	
----------------------------------------
12	25	-1	-1	
----------------------------------------
8	26	10	26	
----------------------------------------
-1	-1	8	27	
----------------------------------------
10	28	8	28	
----------------------------------------
10	29	-1	-1	
----------------------------------------
-1	-1	10	30	
----------------------------------------
8	31	10	31	
----------------------------------------
-1	-1	12	32	
----------------------------------------
8	33	10	33	
----------------------------------------
-1	-1	10	34	
----------------------------------------
-1	-1	8	35	
----------------------------------------
-1	-1	10	36	
----------------------------------------
10	37	-1	-1	
----------------------------------------
12	38	-1	-1	
----------------------------------------
10	39	-1	-1	
----------------------------------------
8	40	10	40	
----------------------------------------
-1	-1	10	41	
----------------------------------------
10	42	-1	-1	
----------------------------------------

****************************************
Node 12 Forwarding Table:
11	0	-1	-1	
----------------------------------------
9	1	-1	-1	
----------------------------------------
5	2	-1	-1	
----------------------------------------
5	3	-1	-1	
----------------------------------------
9	4	5	4	
----------------------------------------
5	5	-1	-1	
----------------------------------------
5	6	11	6	
----------------------------------------
11	7	-1	-1	
----------------------------------------
9	8	-1	-1	
----------------------------------------
5	9	-1	-1	
----------------------------------------
5	10	11	10	
----------------------------------------
-1	-1	9	11	
----------------------------------------
11	12	5	12	
----------------------------------------
5	13	-1	-1	
----------------------------------------
5	14	-1	-1	
----------------------------------------
11	15	-1	-1	
----------------------------------------
11	16	5	16	
----------------------------------------
-1	-1	9	17	
----------------------------------------
-1	-1	9	18	
----------------------------------------
11	19	-1	-1	
----------------------------------------
-1	-1	5	20	
----------------------------------------
5	21	11	21	
----------------------------------------
9	22	-1	-1	
----------------------------------------
9	23	5	23	
----------------------------------------
5	24	-1	-1	
----------------------------------------
-1	-1	5	25	
----------------------------------------
5	26	-1	-1	
----------------------------------------
9	27	5	27	
----------------------------------------
5	28	-1	-1	
----------------------------------------
11	29	5	29	
----------------------------------------
5	30	11	30	
----------------------------------------
-1	-1	5	31	
----------------------------------------
-1	-1	9	32	
----------------------------------------

****************************************
Node 13 Forwarding Table:
-1	-1	10	0	
----------------------------------------
-1	-1	5	1	
----------------------------------------
5	2	-1	-1	
----------------------------------------
-1	-1	5	3	
----------------------------------------
-1	-1	10	4	
----------------------------------------
-1	-1	5	5	
----------------------------------------
-1	-1	5	6	
----------------------------------------
-1	-1	5	7	
----------------------------------------
5	8	-1	-1	
----------------------------------------
-1	-1	5	9	
----------------------------------------
5	10	-1	-1	
----------------------------------------
5	11	-1	-1	
----------------------------------------
5	12	-1	-1	
----------------------------------------
-1	-1	5	13	
----------------------------------------
-1	-1	10	14	
----------------------------------------
10	15	-1	-1	
----------------------------------------
-1	-1	5	16	
----------------------------------------
10	17	-1	-1	
----------------------------------------
5	18	10	18	
----------------------------------------
10	19	5	19	
----------------------------------------
5	20	-1	-1	
----------------------------------------
10	21	5	21	
----------------------------------------
-1	-1	10	22	
----------------------------------------
5	23	-1	-1	
----------------------------------------
5	24	10	24	
----------------------------------------
10	25	-1	-1	
----------------------------------------
-1	-1	10	26	
----------------------------------------
-1	-1	10	27	
----------------------------------------
5	28	-1	-1	
----------------------------------------
-1	-1	10	29	
----------------------------------------
5	30	-1	-1	
----------------------------------------
10	31	-1	-1	
----------------------------------------
10	32	-1	-1	
----------------------------------------

****************************************
