Node 0 Forwarding Table:
1	0	3	0	
----------------------------------------
1	1	-1	-1	
----------------------------------------
1	2	3	2	
----------------------------------------
2	3	3	3	
----------------------------------------
3	4	-1	-1	
----------------------------------------
2	5	3	5	
----------------------------------------
-1	-1	1	6	
----------------------------------------
3	7	1	7	
----------------------------------------
1	8	-1	-1	
----------------------------------------
1	9	-1	-1	
----------------------------------------
1	10	-1	-1	
----------------------------------------
3	11	-1	-1	
----------------------------------------
2	12	3	12	
----------------------------------------
1	13	3	13	
----------------------------------------
-1	-1	3	14	
----------------------------------------
3	15	-1	-1	
----------------------------------------
2	16	3	16	
----------------------------------------
3	17	2	17	
----------------------------------------
2	18	3	18	
----------------------------------------
3	19	-1	-1	
----------------------------------------
3	20	1	20	
----------------------------------------
1	21	3	21	
----------------------------------------
1	22	3	22	
----------------------------------------
-1	-1	1	23	
----------------------------------------
2	24	3	24	
----------------------------------------
1	25	-1	-1	
----------------------------------------
3	26	-1	-1	
----------------------------------------
1	27	-1	-1	
----------------------------------------
3	28	1	28	
----------------------------------------
3	29	2	29	
----------------------------------------
2	30	-1	-1	
----------------------------------------
1	31	-1	-1	
----------------------------------------
-1	-1	2	32	
----------------------------------------
3	33	-1	-1	
----------------------------------------
2	34	1	34	
----------------------------------------
3	35	-1	-1	
----------------------------------------
2	36	-1	-1	
----------------------------------------
-1	-1	2	37	
----------------------------------------
1	38	-1	-1	
----------------------------------------
2	39	3	39	
----------------------------------------
2	40	-1	-1	
----------------------------------------
3	41	2	41	
----------------------------------------
-1	-1	3	42	
----------------------------------------
3	43	2	43	
----------------------------------------

****************************************
Node 1 Forwarding Table:
-1	-1	7	0	
----------------------------------------
7	1	-1	-1	
----------------------------------------
-1	-1	0	2	
----------------------------------------
7	3	-1	-1	
----------------------------------------
7	4	0	4	
----------------------------------------
7	5	0	5	
----------------------------------------
2	6	7	6	
----------------------------------------
7	7	-1	-1	
----------------------------------------
7	8	-1	-1	
----------------------------------------
-1	-1	7	9	
----------------------------------------
2	10	7	10	
----------------------------------------
0	11	-1	-1	
----------------------------------------
0	12	-1	-1	
----------------------------------------
-1	-1	0	13	
----------------------------------------
7	14	0	14	
----------------------------------------
7	15	0	15	
----------------------------------------
2	16	7	16	
----------------------------------------
-1	-1	2	17	
----------------------------------------
-1	-1	7	18	
----------------------------------------
2	19	-1	-1	
----------------------------------------
-1	-1	2	20	
----------------------------------------
7	21	0	21	
----------------------------------------
7	22	-1	-1	
----------------------------------------
0	23	7	23	
----------------------------------------
-1	-1	0	24	
----------------------------------------
2	25	-1	-1	
----------------------------------------
-1	-1	0	26	
----------------------------------------
2	27	-1	-1	
----------------------------------------
-1	-1	2	28	
----------------------------------------
-1	-1	7	29	
----------------------------------------
0	30	-1	-1	
----------------------------------------
2	31	7	31	
----------------------------------------
-1	-1	7	32	
----------------------------------------
7	33	0	33	
----------------------------------------
7	34	0	34	
----------------------------------------
0	35	-1	-1	
----------------------------------------
2	36	7	36	
----------------------------------------
2	37	-1	-1	
----------------------------------------
7	38	-1	-1	
----------------------------------------
7	39	0	39	
----------------------------------------
0	40	-1	-1	
----------------------------------------
-1	-1	2	41	
----------------------------------------
-1	-1	2	42	
----------------------------------------
-1	-1	2	43	
----------------------------------------
7	44	0	44	
----------------------------------------

****************************************
Node 2 Forwarding Table:
-1	-1	1	0	
----------------------------------------
-1	-1	5	1	
----------------------------------------
-1	-1	0	2	
----------------------------------------
5	3	-1	-1	
----------------------------------------
-1	-1	5	4	
----------------------------------------
-1	-1	1	5	
----------------------------------------
-1	-1	5	6	
----------------------------------------
-1	-1	0	7	
----------------------------------------
-1	-1	1	8	
----------------------------------------
5	9	-1	-1	
----------------------------------------
1	10	5	10	
----------------------------------------
5	11	1	11	
----------------------------------------
1	12	5	12	
----------------------------------------
-1	-1	0	13	
----------------------------------------
-1	-1	5	14	
----------------------------------------
-1	-1	5	15	
----------------------------------------
-1	-1	0	16	
----------------------------------------
0	17	-1	-1	
----------------------------------------
5	18	0	18	
----------------------------------------
5	19	-1	-1	
----------------------------------------
5	20	1	20	
----------------------------------------
5	21	1	21	
----------------------------------------
1	22	5	22	
----------------------------------------
-1	-1	5	23	
----------------------------------------
-1	-1	0	24	
----------------------------------------
-1	-1	1	25	
----------------------------------------
5	26	-1	-1	
----------------------------------------
-1	-1	1	27	
----------------------------------------
5	28	1	28	
----------------------------------------
5	29	-1	-1	
----------------------------------------
0	30	-1	-1	
----------------------------------------
-1	-1	0	31	
----------------------------------------
-1	-1	5	32	
----------------------------------------
0	33	-1	-1	
----------------------------------------
-1	-1	0	34	
----------------------------------------
1	35	5	35	
----------------------------------------
-1	-1	5	36	
----------------------------------------
1	37	-1	-1	
----------------------------------------
-1	-1	5	38	
----------------------------------------
-1	-1	0	39	
----------------------------------------
0	40	5	40	
----------------------------------------
-1	-1	5	41	
----------------------------------------
5	42	-1	-1	
----------------------------------------
1	43	5	43	
----------------------------------------
5	44	0	44	
----------------------------------------
-1	-1	0	45	
----------------------------------------
5	46	-1	-1	
----------------------------------------
0	47	-1	-1	
----------------------------------------
0	48	-1	-1	
----------------------------------------

****************************************
Node 3 Forwarding Table:
-1	-1	4	0	
----------------------------------------
0	1	4	1	
----------------------------------------
8	2	4	2	
----------------------------------------
0	3	-1	-1	
----------------------------------------
0	4	8	4	
----------------------------------------
8	5	0	5	
----------------------------------------
4	6	8	6	
----------------------------------------
4	7	-1	-1	
----------------------------------------
0	8	-1	-1	
----------------------------------------
4	9	0	9	
----------------------------------------
4	10	-1	-1	
----------------------------------------
8	11	0	11	
----------------------------------------
8	12	-1	-1	
----------------------------------------
-1	-1	4	13	
----------------------------------------
4	14	-1	-1	
----------------------------------------
0	15	8	15	
----------------------------------------
0	16	8	16	
----------------------------------------
0	17	8	17	
----------------------------------------
-1	-1	4	18	
----------------------------------------
8	19	4	19	
----------------------------------------
4	20	0	20	
----------------------------------------
4	21	8	21	
----------------------------------------
0	22	4	22	
----------------------------------------
4	23	0	23	
----------------------------------------
8	24	-1	-1	
----------------------------------------
0	25	-1	-1	
----------------------------------------
8	26	-1	-1	
----------------------------------------
-1	-1	8	27	
----------------------------------------
4	28	0	28	
----------------------------------------
-1	-1	0	29	
----------------------------------------
0	30	8	30	
----------------------------------------
0	31	8	31	
----------------------------------------
0	32	8	32	
----------------------------------------
8	33	-1	-1	
----------------------------------------
8	34	0	34	
----------------------------------------
8	35	-1	-1	
----------------------------------------
-1	-1	0	36	
----------------------------------------
8	37	-1	-1	
----------------------------------------
8	38	4	38	
----------------------------------------
-1	-1	0	39	
----------------------------------------
-1	-1	8	40	
----------------------------------------
-1	-1	0	41	
----------------------------------------
-1	-1	0	42	
----------------------------------------
0	43	-1	-1	
----------------------------------------
8	44	-1	-1	
----------------------------------------
-1	-1	0	45	
----------------------------------------
0	46	-1	-1	
----------------------------------------
-1	-1	0	47	
----------------------------------------

****************************************
Node 4 Forwarding Table:
-1	-1	6	0	
----------------------------------------
3	1	5	1	
----------------------------------------
3	2	-1	-1	
----------------------------------------
3	3	-1	-1	
----------------------------------------
6	4	-1	-1	
----------------------------------------
6	5	5	5	
----------------------------------------
-1	-1	3	6	
----------------------------------------
-1	-1	5	7	
----------------------------------------
6	8	5	8	
----------------------------------------
-1	-1	3	9	
----------------------------------------
5	10	6	10	
----------------------------------------
-1	-1	3	11	
----------------------------------------
5	12	-1	-1	
----------------------------------------
5	13	3	13	
----------------------------------------
-1	-1	5	14	
----------------------------------------
3	15	-1	-1	
----------------------------------------
5	16	6	16	
----------------------------------------
6	17	5	17	
----------------------------------------
-1	-1	5	18	
----------------------------------------
5	19	3	19	
----------------------------------------
5	20	6	20	
----------------------------------------
6	21	5	21	
----------------------------------------
6	22	5	22	
----------------------------------------
5	23	-1	-1	
----------------------------------------
5	24	-1	-1	
----------------------------------------
6	25	5	25	
----------------------------------------
3	26	5	26	
----------------------------------------
5	27	-1	-1	
----------------------------------------
5	28	-1	-1	
----------------------------------------
3	29	-1	-1	
----------------------------------------
5	30	3	30	
----------------------------------------
6	31	3	31	
----------------------------------------
3	32	-1	-1	
----------------------------------------
-1	-1	3	33	
----------------------------------------
-1	-1	3	34	
----------------------------------------
6	35	5	35	
----------------------------------------
3	36	-1	-1	
----------------------------------------
6	37	-1	-1	
----------------------------------------
-1	-1	6	38	
----------------------------------------
-1	-1	6	39	
----------------------------------------

****************************************
Node 5 Forwarding Table:
4	0	12	0	
----------------------------------------
2	1	13	1	
----------------------------------------
4	2	-1	-1	
----------------------------------------
4	3	13	3	
----------------------------------------
12	4	-1	-1	
----------------------------------------
13	5	2	5	
----------------------------------------
4	6	12	6	
----------------------------------------
2	7	12	7	
----------------------------------------
2	8	4	8	
----------------------------------------
-1	-1	13	9	
----------------------------------------
13	10	4	10	
----------------------------------------
-1	-1	4	11	
----------------------------------------
4	12	2	12	
----------------------------------------
2	13	13	13	
----------------------------------------
13	14	4	14	
----------------------------------------
4	15	-1	-1	
----------------------------------------
-1	-1	2	16	
----------------------------------------
4	17	12	17	
----------------------------------------
13	18	4	18	
----------------------------------------
2	19	13	19	
----------------------------------------
-1	-1	4	20	
----------------------------------------
4	21	12	21	
----------------------------------------
4	22	13	22	
----------------------------------------
12	23	4	23	
----------------------------------------
2	24	4	24	
----------------------------------------
4	25	12	25	
----------------------------------------
4	26	13	26	
----------------------------------------
13	27	-1	-1	
----------------------------------------
-1	-1	4	28	
----------------------------------------
2	29	4	29	
----------------------------------------
12	30	4	30	
----------------------------------------
-1	-1	2	31	
----------------------------------------
-1	-1	12	32	
----------------------------------------
13	33	2	33	
----------------------------------------
12	34	2	34	
----------------------------------------
4	35	12	35	
----------------------------------------
12	36	2	36	
----------------------------------------
2	37	-1	-1	
----------------------------------------
2	38	13	38	
----------------------------------------
13	39	2	39	
----------------------------------------
12	40	-1	-1	
----------------------------------------
-1	-1	13	41	
----------------------------------------
12	42	2	42	
----------------------------------------
-1	-1	12	43	
----------------------------------------
13	44	2	44	
----------------------------------------
2	45	13	45	
----------------------------------------
2	46	13	46	
----------------------------------------
2	47	12	47	
----------------------------------------
-1	-1	13	48	
----------------------------------------
2	49	13	49	
----------------------------------------
-1	-1	12	50	
----------------------------------------
2	51	-1	-1	
----------------------------------------
2	52	12	52	
----------------------------------------
12	53	2	53	
----------------------------------------
12	54	13	54	
----------------------------------------
2	55	13	55	
----------------------------------------
-1	-1	2	56	
----------------------------------------
12	57	2	57	
----------------------------------------

****************************************
Node 6 Forwarding Table:
7	0	-1	-1	
----------------------------------------
4	1	-1	-1	
----------------------------------------
-1	-1	4	2	
----------------------------------------
-1	-1	7	3	
----------------------------------------
7	4	4	4	
----------------------------------------
-1	-1	7	5	
----------------------------------------
-1	-1	4	6	
----------------------------------------
4	7	-1	-1	
----------------------------------------
7	8	-1	-1	
----------------------------------------
4	9	-1	-1	
----------------------------------------
-1	-1	4	10	
----------------------------------------
4	11	-1	-1	
----------------------------------------
7	12	4	12	
----------------------------------------
7	13	4	13	
----------------------------------------
-1	-1	4	14	
----------------------------------------
-1	-1	4	15	
----------------------------------------
7	16	4	16	
----------------------------------------
7	17	-1	-1	
----------------------------------------
7	18	-1	-1	
----------------------------------------
7	19	-1	-1	
----------------------------------------
7	20	4	20	
----------------------------------------
-1	-1	7	21	
----------------------------------------
4	22	-1	-1	
----------------------------------------
7	23	-1	-1	
----------------------------------------
4	24	7	24	
----------------------------------------

****************************************
Node 7 Forwarding Table:
10	0	6	0	
----------------------------------------
1	1	10	1	
----------------------------------------
-1	-1	10	2	
----------------------------------------
10	3	1	3	
----------------------------------------
-1	-1	10	4	
----------------------------------------
10	5	1	5	
----------------------------------------
10	6	1	6	
----------------------------------------
-1	-1	1	7	
----------------------------------------
1	8	10	8	
----------------------------------------
6	9	10	9	
----------------------------------------
10	10	1	10	
----------------------------------------
-1	-1	6	11	
----------------------------------------
6	12	1	12	
----------------------------------------
1	13	10	13	
----------------------------------------
1	14	10	14	
----------------------------------------
10	15	1	15	
----------------------------------------
10	16	1	16	
----------------------------------------
1	17	-1	-1	
----------------------------------------
1	18	6	18	
----------------------------------------
-1	-1	6	19	
----------------------------------------
-1	-1	6	20	
----------------------------------------
-1	-1	1	21	
----------------------------------------
10	22	1	22	
----------------------------------------
1	23	-1	-1	
----------------------------------------
-1	-1	6	24	
----------------------------------------
1	25	6	25	
----------------------------------------
1	26	-1	-1	
----------------------------------------
1	27	6	27	
----------------------------------------
-1	-1	1	28	
----------------------------------------
-1	-1	1	29	
----------------------------------------
1	30	6	30	
----------------------------------------
-1	-1	1	31	
----------------------------------------
-1	-1	6	32	
----------------------------------------
6	33	1	33	
----------------------------------------
10	34	-1	-1	
----------------------------------------
-1	-1	6	35	
----------------------------------------
6	36	-1	-1	
----------------------------------------
-1	-1	1	37	
----------------------------------------

****************************************
Node 8 Forwarding Table:
-1	-1	3	0	
----------------------------------------
-1	-1	11	1	
----------------------------------------
3	2	-1	-1	
----------------------------------------
-1	-1	3	3	
----------------------------------------
3	4	-1	-1	
----------------------------------------
-1	-1	11	5	
----------------------------------------
-1	-1	9	6	
----------------------------------------
11	7	-1	-1	
----------------------------------------
11	8	3	8	
----------------------------------------
-1	-1	3	9	
----------------------------------------
3	10	11	10	
----------------------------------------
3	11	11	11	
----------------------------------------
3	12	-1	-1	
----------------------------------------
9	13	-1	-1	
----------------------------------------
-1	-1	3	14	
----------------------------------------
-1	-1	9	15	
----------------------------------------
3	16	11	16	
----------------------------------------
-1	-1	11	17	
----------------------------------------
11	18	3	18	
----------------------------------------
-1	-1	3	19	
----------------------------------------
3	20	11	20	
----------------------------------------
-1	-1	9	21	
----------------------------------------
-1	-1	11	22	
----------------------------------------
3	23	11	23	
----------------------------------------
9	24	-1	-1	
----------------------------------------
3	25	11	25	
----------------------------------------
9	26	-1	-1	
----------------------------------------
-1	-1	11	27	
----------------------------------------
3	28	-1	-1	
----------------------------------------
-1	-1	9	29	
----------------------------------------
9	30	3	30	
----------------------------------------
-1	-1	3	31	
----------------------------------------
11	32	3	32	
----------------------------------------
11	33	-1	-1	
----------------------------------------
9	34	3	34	
----------------------------------------
11	35	-1	-1	
----------------------------------------
-1	-1	9	36	
----------------------------------------
-1	-1	3	37	
----------------------------------------
-1	-1	9	38	
----------------------------------------
3	39	-1	-1	
----------------------------------------
11	40	-1	-1	
----------------------------------------
-1	-1	9	41	
----------------------------------------
11	42	3	42	
----------------------------------------

****************************************
Node 9 Forwarding Table:
10	0	12	0	
----------------------------------------
10	1	12	1	
----------------------------------------
-1	-1	10	2	
----------------------------------------
10	3	12	3	
----------------------------------------
-1	-1	12	4	
----------------------------------------
12	5	-1	-1	
----------------------------------------
10	6	-1	-1	
----------------------------------------
10	7	12	7	
----------------------------------------
8	8	-1	-1	
----------------------------------------
10	9	-1	-1	
----------------------------------------
-1	-1	12	10	
----------------------------------------
10	11	12	11	
----------------------------------------
12	12	-1	-1	
----------------------------------------
12	13	-1	-1	
----------------------------------------
-1	-1	12	14	
----------------------------------------
12	15	-1	-1	
----------------------------------------
12	16	-1	-1	
----------------------------------------
-1	-1	8	17	
----------------------------------------
8	18	-1	-1	
----------------------------------------
-1	-1	12	19	
----------------------------------------
-1	-1	10	20	
----------------------------------------
10	21	-1	-1	
----------------------------------------
10	22	-1	-1	
----------------------------------------
8	23	12	23	
----------------------------------------
-1	-1	10	24	
----------------------------------------
12	25	8	25	
----------------------------------------
-1	-1	12	26	
----------------------------------------
12	27	-1	-1	
----------------------------------------
12	28	8	28	
----------------------------------------
-1	-1	12	29	
----------------------------------------
10	30	12	30	
----------------------------------------
12	31	10	31	
----------------------------------------
-1	-1	12	32	
----------------------------------------
8	33	10	33	
----------------------------------------
-1	-1	8	34	
----------------------------------------
-1	-1	8	35	
----------------------------------------
-1	-1	12	36	
----------------------------------------
10	37	-1	-1	
----------------------------------------
12	38	10	38	
----------------------------------------
8	39	10	39	
----------------------------------------
8	40	-1	-1	
----------------------------------------
-1	-1	10	41	
----------------------------------------
10	42	-1	-1	
----------------------------------------
12	43	-1	-1	
----------------------------------------
-1	-1	10	44	
----------------------------------------
8	45	10	45	
----------------------------------------
-1	-1	10	46	
----------------------------------------
-1	-1	12	47	
----------------------------------------
12	48	10	48	
----------------------------------------

****************************************
Node 10 Forwarding Table:
-1	-1	7	0	
----------------------------------------
7	1	-1	-1	
----------------------------------------
11	2	9	2	
----------------------------------------
7	3	9	3	
----------------------------------------
13	4	11	4	
----------------------------------------
-1	-1	7	5	
----------------------------------------
7	6	-1	-1	
----------------------------------------
-1	-1	7	7	
----------------------------------------
9	8	7	8	
----------------------------------------
13	9	9	9	
----------------------------------------
7	10	-1	-1	
----------------------------------------
7	11	-1	-1	
----------------------------------------
11	12	7	12	
----------------------------------------
13	13	-1	-1	
----------------------------------------
7	14	11	14	
----------------------------------------
7	15	-1	-1	
----------------------------------------
13	16	9	16	
----------------------------------------
13	17	11	17	
----------------------------------------
11	18	-1	-1	
----------------------------------------
11	19	9	19	
----------------------------------------
13	20	7	20	
----------------------------------------
-1	-1	7	21	
----------------------------------------
-1	-1	11	22	
----------------------------------------
11	23	9	23	
----------------------------------------
13	24	9	24	
----------------------------------------
-1	-1	13	25	
----------------------------------------
11	26	13	26	
----------------------------------------
9	27	11	27	
----------------------------------------
-1	-1	7	28	
----------------------------------------
11	29	-1	-1	
----------------------------------------
11	30	-1	-1	
----------------------------------------
-1	-1	9	31	
----------------------------------------
13	32	11	32	
----------------------------------------
11	33	9	33	
----------------------------------------
11	34	13	34	
----------------------------------------
9	35	13	35	
----------------------------------------
11	36	13	36	
----------------------------------------
11	37	-1	-1	
----------------------------------------
-1	-1	13	38	
----------------------------------------
11	39	-1	-1	
----------------------------------------
-1	-1	11	40	
----------------------------------------
11	41	9	41	
----------------------------------------
11	42	-1	-1	
----------------------------------------
9	43	13	43	
----------------------------------------
-1	-1	13	44	
----------------------------------------
9	45	-1	-1	
----------------------------------------
13	46	-1	-1	
----------------------------------------
13	47	11	47	
----------------------------------------
-1	-1	11	48	
----------------------------------------
-1	-1	9	49	
----------------------------------------
9	50	-1	-1	
----------------------------------------
9	51	-1	-1	
----------------------------------------
-1	-1	13	52	
----------------------------------------
11	53	13	53	
----------------------------------------
13	54	-1	-1	
----------------------------------------
13	55	-1	-1	
----------------------------------------
9	56	7	56	
----------------------------------------
13	57	9	57	
----------------------------------------
13	58	-1	-1	
----------------------------------------
-1	-1	11	59	
----------------------------------------
9	60	11	60	
----------------------------------------
9	61	-1	-1	
----------------------------------------
-1	-1	13	62	
----------------------------------------
9	63	11	63	
----------------------------------------
9	64	-1	-1	
----------------------------------------

****************************************
Node 11 Forwarding Table:
-1	-1	10	0	
----------------------------------------
10	1	-1	-1	
----------------------------------------
8	2	-1	-1	
----------------------------------------
-1	-1	10	3	
----------------------------------------
10	4	-1	-1	
----------------------------------------
10	5	-1	-1	
----------------------------------------
8	6	10	6	
----------------------------------------
-1	-1	10	7	
----------------------------------------
10	8	8	8	
----------------------------------------
-1	-1	8	9	
----------------------------------------
-1	-1	10	10	
----------------------------------------
8	11	-1	-1	
----------------------------------------
8	12	-1	-1	
----------------------------------------
-1	-1	10	13	
----------------------------------------
8	14	-1	-1	
----------------------------------------
10	15	-1	-1	
----------------------------------------
8	16	10	16	
----------------------------------------
-1	-1	8	17	
----------------------------------------
8	18	10	18	
----------------------------------------
10	19	-1	-1	
----------------------------------------
-1	-1	10	20	
----------------------------------------
8	21	10	21	
----------------------------------------
-1	-1	10	22	
----------------------------------------
8	23	10	23	
----------------------------------------
8	24	10	24	
----------------------------------------
10	25	-1	-1	
----------------------------------------
-1	-1	10	26	
----------------------------------------
8	27	-1	-1	
----------------------------------------
-1	-1	10	28	
----------------------------------------
10	29	8	29	
----------------------------------------
-1	-1	8	30	
----------------------------------------
10	31	8	31	
----------------------------------------
-1	-1	12	32	
----------------------------------------
-1	-1	10	33	
----------------------------------------
-1	-1	8	34	
----------------------------------------
-1	-1	12	35	
----------------------------------------
10	36	-1	-1	
----------------------------------------
12	37	-1	-1	
----------------------------------------
10	38	-1	-1	
----------------------------------------
-1	-1	12	39	
----------------------------------------
10	40	-1	-1	
----------------------------------------
-1	-1	8	41	
----------------------------------------

****************************************
Node 12 Forwarding Table:
9	0	-1	-1	
----------------------------------------
9	1	-1	-1	
----------------------------------------
5	2	-1	-1	
----------------------------------------
9	3	-1	-1	
----------------------------------------
9	4	5	4	
----------------------------------------
5	5	9	5	
----------------------------------------
5	6	-1	-1	
----------------------------------------
9	7	-1	-1	
----------------------------------------
9	8	-1	-1	
----------------------------------------
9	9	-1	-1	
----------------------------------------
5	10	9	10	
----------------------------------------
5	11	9	11	
----------------------------------------
9	12	5	12	
----------------------------------------
-1	-1	9	13	
----------------------------------------
5	14	9	14	
----------------------------------------
9	15	5	15	
----------------------------------------
5	16	-1	-1	
----------------------------------------
9	17	-1	-1	
----------------------------------------
-1	-1	9	18	
----------------------------------------
9	19	5	19	
----------------------------------------
5	20	9	20	
----------------------------------------
-1	-1	9	21	
----------------------------------------
9	22	5	22	
----------------------------------------
9	23	-1	-1	
----------------------------------------
-1	-1	9	24	
----------------------------------------
9	25	-1	-1	
----------------------------------------
-1	-1	5	26	
----------------------------------------
9	27	5	27	
----------------------------------------
11	28	9	28	
----------------------------------------
5	29	-1	-1	
----------------------------------------
5	30	-1	-1	
----------------------------------------
11	31	9	31	
----------------------------------------
5	32	11	32	
----------------------------------------
5	33	-1	-1	
----------------------------------------
-1	-1	5	34	
----------------------------------------
11	35	5	35	
----------------------------------------
9	36	5	36	
----------------------------------------
-1	-1	9	37	
----------------------------------------

****************************************
Node 13 Forwarding Table:
-1	-1	10	0	
----------------------------------------
-1	-1	10	1	
----------------------------------------
5	2	-1	-1	
----------------------------------------
5	3	10	3	
----------------------------------------
-1	-1	5	4	
----------------------------------------
-1	-1	10	5	
----------------------------------------
5	6	10	6	
----------------------------------------
-1	-1	5	7	
----------------------------------------
-1	-1	10	8	
----------------------------------------
-1	-1	10	9	
----------------------------------------
5	10	-1	-1	
----------------------------------------
10	11	5	11	
----------------------------------------
-1	-1	5	12	
----------------------------------------
5	13	-1	-1	
----------------------------------------
5	14	-1	-1	
----------------------------------------
5	15	-1	-1	
----------------------------------------
10	16	5	16	
----------------------------------------
-1	-1	10	17	
----------------------------------------
10	18	-1	-1	
----------------------------------------
10	19	-1	-1	
----------------------------------------
10	20	5	20	
----------------------------------------
10	21	-1	-1	
----------------------------------------
5	22	-1	-1	
----------------------------------------
10	23	-1	-1	
----------------------------------------
10	24	5	24	
----------------------------------------
-1	-1	10	25	
----------------------------------------
-1	-1	10	26	
----------------------------------------
5	27	-1	-1	
----------------------------------------
10	28	5	28	
----------------------------------------
10	29	-1	-1	
----------------------------------------
5	30	10	30	
----------------------------------------
-1	-1	10	31	
----------------------------------------
-1	-1	10	32	
----------------------------------------
5	33	-1	-1	
----------------------------------------
-1	-1	10	34	
----------------------------------------
5	35	-1	-1	
----------------------------------------
5	36	-1	-1	
----------------------------------------
5	37	-1	-1	
----------------------------------------
5	38	-1	-1	
----------------------------------------
10	39	-1	-1	
----------------------------------------

****************************************
