0	10	6
10->7->6
0,0,-1
1.3
----------------------------------------
1	1	10
1->7->10
0,1,-1
0.9
----------------------------------------
2	11	12
11->10->9->12
0,2,0,-1
0.7
----------------------------------------
3	4	6
4->6
0,-1
0.30000000000000004
----------------------------------------
4	7	12
7->10->9->12
2,3,1,-1
0.9
----------------------------------------
5	13	11
13->10->11
0,4,-1
0.3999999999999999
----------------------------------------
6	10	1
10->7->1
5,3,-1
0.9
----------------------------------------
7	7	10
7->10
4,-1
0.4
----------------------------------------
8	3	12
3->4->5->12
0,1,0,-1
1.4
----------------------------------------
9	1	4
1->0->3->4
2,0,1,-1
1.1
----------------------------------------
10	10	1
10->7->1
7,5,-1
0.9
----------------------------------------
11	8	4
8->3->4
0,2,-1
1.2000000000000002
----------------------------------------
12	9	0
9->10->7->1->0
2,8,6,4,-1
1.6
----------------------------------------
13	13	12
13->10->9->12
1,9,3,-1
0.7
----------------------------------------
14	7	3
7->1->0->3
7,5,2,-1
1.2000000000000002
----------------------------------------
15	6	4
6->4
2,-1
0.30000000000000004
----------------------------------------
16	8	11
8->11
1,-1
0.4
----------------------------------------
17	2	10
2->1->7->10
0,6,8,-1
1.5
----------------------------------------
18	2	13
2->5->13
1,1,-1
1.3
----------------------------------------
19	2	8
2->0->3->8
2,3,4,-1
1.6
----------------------------------------
20	6	10
6->7->10
3,9,-1
1.3
----------------------------------------
21	8	0
8->3->0
3,5,-1
1.1
----------------------------------------
22	11	1
11->10->7->1
3,12,10,-1
1.1
----------------------------------------
23	7	5
7->6->4->5
11,4,5,-1
1.3000000000000003
----------------------------------------
24	4	8
4->3->8
6,6,-1
1.2000000000000002
----------------------------------------
25	6	1
6->7->1
5,12,-1
1.4
----------------------------------------
26	4	10
4->5->13->10
7,3,3,-1
1.1
----------------------------------------
27	1	11
1->7->10->11
9,13,14,-1
1.1
----------------------------------------
28	9	5
9->12->5
4,4,-1
1.1
----------------------------------------
29	13	2
13->5->2
4,5,-1
1.3
----------------------------------------
30	6	9
6->4->5->12->9
6,8,6,5,-1
1.5
----------------------------------------
31	2	12
2->5->12
4,7,-1
1.4
----------------------------------------
32	4	3
4->3
9,-1
0.4
----------------------------------------
33	2	10
2->1->7->10
5,10,14,-1
1.5
----------------------------------------
34	2	6
2->5->4->6
6,8,10,-1
0.9
----------------------------------------
35	2	3
2->0->3
7,5,-1
0.8
----------------------------------------
36	0	1
0->1
6,-1
0.4
----------------------------------------
37	4	1
4->3->0->1
11,9,7,-1
1.1
----------------------------------------
38	13	9
13->10->9
5,16,-1
0.5
----------------------------------------
39	5	11
5->13->10->11
9,6,17,-1
1.2
----------------------------------------
40	13	4
13->5->4
7,10,-1
0.9
----------------------------------------
41	5	3
5->4->3
11,13,-1
0.5
----------------------------------------
42	8	10
8->11->10
5,6,-1
0.6
----------------------------------------
43	11	12
11->10->9->12
7,19,7,-1
0.7
----------------------------------------
44	1	0
1->0
13,-1
0.4
----------------------------------------
45	13	0
13->10->7->1->0
8,20,15,14,-1
1.5
----------------------------------------
46	10	0
10->7->1->0
21,16,15,-1
1.3
----------------------------------------
47	8	9
8->9
6,-1
0.9
----------------------------------------
48	2	7
2->1->7
8,16,-1
1.1
----------------------------------------
49	10	8
10->11->8
22,8,-1
0.6
----------------------------------------
50	11	0
11->8->3->0
9,8,11,-1
1.5000000000000002
----------------------------------------
51	11	9
11->10->9
10,23,-1
0.5
----------------------------------------
52	8	3
8->3
9,-1
0.8
----------------------------------------
53	9	12
9->12
10,-1
0.19999999999999996
----------------------------------------
54	4	2
4->5->2
14,12,-1
0.6
----------------------------------------
55	13	12
13->10->9->12
9,24,11,-1
0.7
----------------------------------------
56	1	13
1->2->5->13
17,10,13,-1
1.9000000000000001
----------------------------------------
57	1	6
1->7->6
18,18,-1
1.4
----------------------------------------
58	3	4
3->4
13,-1
0.4
----------------------------------------
59	10	6
10->13->5->4->6
25,11,14,16,-1
1.4000000000000001
----------------------------------------
60	6	5
6->4->5
10,17,-1
0.4
----------------------------------------
61	5	1
5->2->1
16,11,-1
1.1
----------------------------------------
62	4	9
4->5->12->9
18,17,10,-1
1.2
----------------------------------------
63	13	3
13->5->4->3
12,18,19,-1
1.3
----------------------------------------
64	1	13
1->2->5->13
20,12,19,-1
1.9000000000000001
----------------------------------------
65	2	11
2->0->3->8->11
13,12,15,10,-1
2.0
----------------------------------------
66	5	6
5->4->6
20,20,-1
0.4
----------------------------------------
67	7	9
7->6->4->5->12->9
19,12,21,21,11,-1
2.4000000000000004
----------------------------------------
68	7	13
7->6->4->5->13
20,13,22,22,-1
2.1000000000000005
----------------------------------------
69	9	4
9->12->5->4
14,12,23,-1
1.2000000000000002
----------------------------------------
70	12	9
12->9
13,-1
0.19999999999999996
----------------------------------------
71	2	4
2->5->4
14,24,-1
0.6
----------------------------------------
72	7	11
7->1->0->3->8->11
21,21,13,16,11,-1
2.4
----------------------------------------
73	6	9
6->4->5->12->9
14,25,25,14,-1
1.5
----------------------------------------
74	0	8
0->3->8
14,17,-1
1.1
----------------------------------------
75	3	13
3->4->5->13
18,26,26,-1
1.3
----------------------------------------
76	11	5
11->10->13->5
13,26,16,-1
1.2
----------------------------------------
77	5	4
5->4
28,-1
0.09999999999999998
----------------------------------------
78	9	8
9->8
17,-1
0.9
----------------------------------------
79	2	4
2->5->4
15,29,-1
0.6
----------------------------------------
80	8	4
8->3->4
14,19,-1
1.2000000000000002
----------------------------------------
81	8	9
8->9
15,-1
0.9
----------------------------------------
82	9	0
9->12->5->4->3->0
19,15,30,30,20,-1
1.9000000000000001
----------------------------------------
83	6	11
6->4->3->8->11
15,31,21,16,-1
1.9
----------------------------------------
84	2	4
2->0->3->4
16,16,22,-1
1.2000000000000002
----------------------------------------
85	9	11
9->10->11
20,27,-1
0.5
----------------------------------------
86	10	1
10->7->1
28,22,-1
0.9
----------------------------------------
87	4	2
4->3->0->2
33,23,17,-1
1.2000000000000002
----------------------------------------
88	8	10
8->11->10
17,16,-1
0.6
----------------------------------------
89	11	3
11->8->3
17,18,-1
1.2000000000000002
----------------------------------------
90	5	3
5->2->0->3
31,18,18,-1
1.3
----------------------------------------
91	8	3
8->3
19,-1
0.8
----------------------------------------
92	3	10
3->8->11->10
27,20,18,-1
1.4000000000000001
----------------------------------------
93	10	9
10->9
31,-1
0.30000000000000004
----------------------------------------
94	13	11
13->10->11
17,32,-1
0.3999999999999999
----------------------------------------
95	11	9
11->10->9
20,33,-1
0.5
----------------------------------------
96	4	0
4->3->0
34,28,-1
0.7000000000000001
----------------------------------------
97	5	12
5->12
32,-1
0.9
----------------------------------------
98	8	12
8->9->12
21,23,-1
1.1
----------------------------------------
99	3	7
3->0->1->7
29,20,23,-1
1.2000000000000002
----------------------------------------
100	8	13
8->11->10->13
22,21,34,-1
0.7999999999999999
----------------------------------------
101	9	13
9->10->13
24,35,-1
0.5
----------------------------------------
102	11	2
11->10->13->5->2
22,36,20,33,-1
1.7
----------------------------------------
103	1	10
1->0->3->8->11->10
24,21,30,23,23,-1
2.0999999999999996
----------------------------------------
104	10	13
10->13
38,-1
0.19999999999999996
----------------------------------------
105	12	8
12->9->8
18,25,-1
1.1
----------------------------------------
106	9	1
9->12->5->2->1
26,19,34,20,-1
2.2
----------------------------------------
107	1	10
1->0->3->8->11->10
26,22,31,25,24,-1
2.0999999999999996
----------------------------------------
108	7	9
7->6->4->5->12->9
24,16,35,35,20,-1
2.4000000000000004
----------------------------------------
109	12	8
12->9->8
21,28,-1
1.1
----------------------------------------
110	9	1
9->12->5->2->1
29,22,36,21,-1
2.2
----------------------------------------
111	10	11
10->11
40,-1
0.19999999999999996
----------------------------------------
112	11	12
11->10->9->12
26,41,30,-1
0.7
----------------------------------------
113	1	5
1->2->5
28,22,-1
1.1
----------------------------------------
114	2	13
2->5->13
23,38,-1
1.3
----------------------------------------
115	8	11
8->11
27,-1
0.4
----------------------------------------
116	1	6
1->7->6
29,25,-1
1.4
----------------------------------------
117	0	1
0->1
23,-1
0.4
----------------------------------------
118	2	8
2->0->3->8
24,24,32,-1
1.6
----------------------------------------
119	11	10
11->10
28,-1
0.19999999999999996
----------------------------------------
120	2	7
2->1->7
25,31,-1
1.1
----------------------------------------
121	12	13
12->9->10->13
24,31,43,-1
0.7
----------------------------------------
122	1	6
1->7->6
32,27,-1
1.4
----------------------------------------
123	9	12
9->12
32,-1
0.19999999999999996
----------------------------------------
124	10	2
10->13->5->2
44,24,39,-1
1.5
----------------------------------------
125	8	10
8->9->10
29,33,-1
1.2000000000000002
----------------------------------------
126	7	0
7->1->0
28,33,-1
0.9
----------------------------------------
127	9	3
9->8->3
34,30,-1
1.7000000000000002
----------------------------------------
128	8	0
8->3->0
31,34,-1
1.1
----------------------------------------
129	13	10
13->10
25,-1
0.19999999999999996
----------------------------------------
130	13	3
13->10->11->8->3
26,47,29,32,-1
1.6
----------------------------------------
131	7	0
7->1->0
29,34,-1
0.9
----------------------------------------
132	12	5
12->5
26,-1
0.9
----------------------------------------
133	5	13
5->13
41,-1
0.8
----------------------------------------
134	11	8
11->8
30,-1
0.4
----------------------------------------
135	3	1
3->0->1
36,28,-1
0.7000000000000001
----------------------------------------
136	9	3
9->8->3
35,34,-1
1.7000000000000002
----------------------------------------
137	10	8
10->11->8
48,31,-1
0.6
----------------------------------------
138	2	6
2->1->7->6
27,36,30,-1
2.0
----------------------------------------
139	9	1
9->12->5->2->1
36,27,42,28,-1
2.2
----------------------------------------
140	10	9
10->9
49,-1
0.30000000000000004
----------------------------------------
141	11	10
11->12->9->10
32,28,38,-1
1.3
----------------------------------------
142	8	10
8->9->10
36,39,-1
1.2000000000000002
----------------------------------------
143	5	12
5->12
43,-1
0.9
----------------------------------------
144	10	2
10->13->5->2
52,28,44,-1
1.5
----------------------------------------
145	8	4
8->3->4
37,38,-1
1.2000000000000002
----------------------------------------
146	7	1
7->1
31,-1
0.5
----------------------------------------
147	7	4
7->6->4
32,20,-1
1.2000000000000002
----------------------------------------
148	8	9
8->9
38,-1
0.9
----------------------------------------
149	11	13
11->10->13
33,53,-1
0.3999999999999999
----------------------------------------
150	3	2
3->0->2
39,29,-1
0.8
----------------------------------------
151	3	8
3->8
40,-1
0.8
----------------------------------------
152	2	0
2->0
31,-1
0.5
----------------------------------------
153	6	0
6->7->1->0
21,33,39,-1
1.7999999999999998
----------------------------------------
154	2	10
2->5->13->10
32,45,30,-1
1.5
----------------------------------------
155	11	8
11->8
34,-1
0.4
----------------------------------------
156	0	2
0->2
32,-1
0.5
----------------------------------------
157	13	10
13->10
31,-1
0.19999999999999996
----------------------------------------
158	9	7
9->10->7
41,56,-1
0.7000000000000001
----------------------------------------
159	3	0
3->0
41,-1
0.30000000000000004
----------------------------------------
160	13	9
13->10->9
32,57,-1
0.5
----------------------------------------
161	2	1
2->0->1
34,34,-1
0.9
----------------------------------------
162	4	6
4->6
38,-1
0.30000000000000004
----------------------------------------
163	3	0
3->0
42,-1
0.30000000000000004
----------------------------------------
164	1	13
1->2->5->13
41,35,46,-1
1.9000000000000001
----------------------------------------
165	2	12
2->5->12
36,47,-1
1.4
----------------------------------------
166	11	9
11->12->9
35,31,-1
1.0
----------------------------------------
167	13	10
13->10
34,-1
0.19999999999999996
----------------------------------------
168	7	6
7->6
35,-1
0.9
----------------------------------------
169	10	11
10->11
59,-1
0.19999999999999996
----------------------------------------
170	5	13
5->13
48,-1
0.8
----------------------------------------
171	1	2
1->2
42,-1
0.6
----------------------------------------
172	2	13
2->5->13
38,49,-1
1.3
----------------------------------------
173	2	0
2->0
39,-1
0.5
----------------------------------------
174	5	11
5->12->11
50,32,-1
1.7000000000000002
----------------------------------------
175	0	5
0->2->5
37,40,-1
1.0
----------------------------------------
176	9	11
9->10->11
44,60,-1
0.5
----------------------------------------
177	2	12
2->5->12
41,52,-1
1.4
----------------------------------------
178	4	7
4->6->7
39,24,-1
1.2000000000000002
----------------------------------------
179	12	2
12->5->2
34,53,-1
1.4
----------------------------------------
180	8	10
8->9->10
41,45,-1
1.2000000000000002
----------------------------------------
181	11	13
11->12->5->13
39,35,54,-1
2.5
----------------------------------------
182	1	13
1->2->5->13
43,43,55,-1
1.9000000000000001
----------------------------------------
183	7	0
7->1->0
37,44,-1
0.9
----------------------------------------
184	5	3
5->2->0->3
56,44,39,-1
1.3
----------------------------------------
185	10	13
10->13
62,-1
0.19999999999999996
----------------------------------------
186	9	11
9->10->11
46,63,-1
0.5
----------------------------------------
187	2	0
2->0
45,-1
0.5
----------------------------------------
188	9	2
9->12->5->2
47,36,57,-1
1.6
----------------------------------------
189	11	3
11->8->3
41,42,-1
1.2000000000000002
----------------------------------------
190	3	2
3->0->2
45,41,-1
0.8
----------------------------------------
191	0	3
0->3
42,-1
0.30000000000000004
----------------------------------------
192	12	10
12->9->10
37,48,-1
0.5
----------------------------------------
193	3	2
3->0->2
47,43,-1
0.8
----------------------------------------
