Node 0 Forwarding Table:
1	0	3	0	
----------------------------------------
1	1	-1	-1	
----------------------------------------
1	2	3	2	
----------------------------------------
2	3	3	3	
----------------------------------------
3	4	-1	-1	
----------------------------------------
1	5	3	5	
----------------------------------------
2	6	3	6	
----------------------------------------
-1	-1	1	7	
----------------------------------------
3	8	1	8	
----------------------------------------
1	9	-1	-1	
----------------------------------------
1	10	-1	-1	
----------------------------------------
3	11	-1	-1	
----------------------------------------
3	12	-1	-1	
----------------------------------------
2	13	3	13	
----------------------------------------
1	14	3	14	
----------------------------------------
-1	-1	3	15	
----------------------------------------
2	16	3	16	
----------------------------------------
3	17	2	17	
----------------------------------------
2	18	3	18	
----------------------------------------
3	19	1	19	
----------------------------------------
3	20	-1	-1	
----------------------------------------
-1	-1	1	21	
----------------------------------------
1	22	-1	-1	
----------------------------------------
1	23	-1	-1	
----------------------------------------
3	24	1	24	
----------------------------------------
-1	-1	1	25	
----------------------------------------
-1	-1	3	26	
----------------------------------------
3	27	2	27	
----------------------------------------
2	28	-1	-1	
----------------------------------------
-1	-1	1	29	
----------------------------------------
-1	-1	2	30	
----------------------------------------
3	31	-1	-1	
----------------------------------------
2	32	1	32	
----------------------------------------
-1	-1	1	33	
----------------------------------------
3	34	-1	-1	
----------------------------------------
2	35	-1	-1	
----------------------------------------
-1	-1	2	36	
----------------------------------------
2	37	-1	-1	
----------------------------------------
3	38	2	38	
----------------------------------------
-1	-1	3	39	
----------------------------------------
3	40	2	40	
----------------------------------------

****************************************
Node 1 Forwarding Table:
-1	-1	7	0	
----------------------------------------
7	1	-1	-1	
----------------------------------------
-1	-1	0	2	
----------------------------------------
7	3	-1	-1	
----------------------------------------
7	4	0	4	
----------------------------------------
7	5	0	5	
----------------------------------------
2	6	7	6	
----------------------------------------
7	7	-1	-1	
----------------------------------------
7	8	-1	-1	
----------------------------------------
-1	-1	0	9	
----------------------------------------
2	10	7	10	
----------------------------------------
0	11	-1	-1	
----------------------------------------
0	12	-1	-1	
----------------------------------------
-1	-1	0	13	
----------------------------------------
7	14	0	14	
----------------------------------------
2	15	7	15	
----------------------------------------
-1	-1	2	16	
----------------------------------------
-1	-1	7	17	
----------------------------------------
2	18	-1	-1	
----------------------------------------
-1	-1	2	19	
----------------------------------------
7	20	0	20	
----------------------------------------
2	21	-1	-1	
----------------------------------------
0	22	7	22	
----------------------------------------
2	23	-1	-1	
----------------------------------------
2	24	-1	-1	
----------------------------------------
-1	-1	2	25	
----------------------------------------
-1	-1	7	26	
----------------------------------------
0	27	-1	-1	
----------------------------------------
2	28	7	28	
----------------------------------------
-1	-1	7	29	
----------------------------------------
7	30	0	30	
----------------------------------------
7	31	0	31	
----------------------------------------
0	32	-1	-1	
----------------------------------------
0	33	7	33	
----------------------------------------
7	34	-1	-1	
----------------------------------------
0	35	7	35	
----------------------------------------
0	36	-1	-1	
----------------------------------------
0	37	7	37	
----------------------------------------
-1	-1	2	38	
----------------------------------------
-1	-1	2	39	
----------------------------------------

****************************************
Node 2 Forwarding Table:
-1	-1	1	0	
----------------------------------------
-1	-1	5	1	
----------------------------------------
-1	-1	0	2	
----------------------------------------
5	3	-1	-1	
----------------------------------------
-1	-1	5	4	
----------------------------------------
-1	-1	1	5	
----------------------------------------
-1	-1	5	6	
----------------------------------------
-1	-1	0	7	
----------------------------------------
-1	-1	1	8	
----------------------------------------
5	9	-1	-1	
----------------------------------------
1	10	5	10	
----------------------------------------
5	11	1	11	
----------------------------------------
1	12	5	12	
----------------------------------------
-1	-1	0	13	
----------------------------------------
-1	-1	5	14	
----------------------------------------
-1	-1	0	15	
----------------------------------------
5	16	1	16	
----------------------------------------
0	17	-1	-1	
----------------------------------------
5	18	0	18	
----------------------------------------
5	19	-1	-1	
----------------------------------------
5	20	1	20	
----------------------------------------
5	21	1	21	
----------------------------------------
1	22	5	22	
----------------------------------------
-1	-1	5	23	
----------------------------------------
-1	-1	1	24	
----------------------------------------
5	25	-1	-1	
----------------------------------------
5	26	-1	-1	
----------------------------------------
0	27	-1	-1	
----------------------------------------
-1	-1	0	28	
----------------------------------------
-1	-1	5	29	
----------------------------------------
0	30	-1	-1	
----------------------------------------
-1	-1	0	31	
----------------------------------------
1	32	5	32	
----------------------------------------
-1	-1	5	33	
----------------------------------------
1	34	-1	-1	
----------------------------------------
-1	-1	0	35	
----------------------------------------
0	36	5	36	
----------------------------------------
5	37	-1	-1	
----------------------------------------
-1	-1	0	38	
----------------------------------------
0	39	-1	-1	
----------------------------------------
0	40	-1	-1	
----------------------------------------

****************************************
Node 3 Forwarding Table:
-1	-1	4	0	
----------------------------------------
0	1	4	1	
----------------------------------------
8	2	4	2	
----------------------------------------
0	3	-1	-1	
----------------------------------------
0	4	8	4	
----------------------------------------
8	5	0	5	
----------------------------------------
4	6	8	6	
----------------------------------------
0	7	8	7	
----------------------------------------
4	8	-1	-1	
----------------------------------------
0	9	-1	-1	
----------------------------------------
4	10	0	10	
----------------------------------------
4	11	-1	-1	
----------------------------------------
8	12	0	12	
----------------------------------------
8	13	0	13	
----------------------------------------
8	14	-1	-1	
----------------------------------------
-1	-1	4	15	
----------------------------------------
4	16	-1	-1	
----------------------------------------
0	17	8	17	
----------------------------------------
0	18	8	18	
----------------------------------------
0	19	8	19	
----------------------------------------
-1	-1	4	20	
----------------------------------------
0	21	4	21	
----------------------------------------
4	22	8	22	
----------------------------------------
4	23	0	23	
----------------------------------------
8	24	-1	-1	
----------------------------------------
0	25	-1	-1	
----------------------------------------
8	26	-1	-1	
----------------------------------------
-1	-1	8	27	
----------------------------------------
-1	-1	0	28	
----------------------------------------
8	29	4	29	
----------------------------------------
4	30	0	30	
----------------------------------------
8	31	-1	-1	
----------------------------------------
-1	-1	0	32	
----------------------------------------
0	33	8	33	
----------------------------------------
-1	-1	0	34	
----------------------------------------
-1	-1	0	35	
----------------------------------------
-1	-1	0	36	
----------------------------------------
8	37	-1	-1	
----------------------------------------
-1	-1	0	38	
----------------------------------------
0	39	-1	-1	
----------------------------------------
-1	-1	0	40	
----------------------------------------

****************************************
Node 4 Forwarding Table:
-1	-1	6	0	
----------------------------------------
3	1	5	1	
----------------------------------------
3	2	-1	-1	
----------------------------------------
3	3	-1	-1	
----------------------------------------
6	4	-1	-1	
----------------------------------------
6	5	5	5	
----------------------------------------
-1	-1	3	6	
----------------------------------------
-1	-1	5	7	
----------------------------------------
6	8	5	8	
----------------------------------------
-1	-1	3	9	
----------------------------------------
5	10	6	10	
----------------------------------------
-1	-1	3	11	
----------------------------------------
5	12	-1	-1	
----------------------------------------
5	13	3	13	
----------------------------------------
-1	-1	5	14	
----------------------------------------
3	15	-1	-1	
----------------------------------------
5	16	6	16	
----------------------------------------
6	17	5	17	
----------------------------------------
-1	-1	5	18	
----------------------------------------
5	19	3	19	
----------------------------------------
5	20	6	20	
----------------------------------------
6	21	5	21	
----------------------------------------
5	22	-1	-1	
----------------------------------------
5	23	-1	-1	
----------------------------------------
6	24	5	24	
----------------------------------------
3	25	5	25	
----------------------------------------
5	26	-1	-1	
----------------------------------------
3	27	-1	-1	
----------------------------------------
6	28	3	28	
----------------------------------------
-1	-1	3	29	
----------------------------------------
3	30	-1	-1	
----------------------------------------
5	31	3	31	
----------------------------------------
6	32	-1	-1	
----------------------------------------
-1	-1	6	33	
----------------------------------------
6	34	-1	-1	
----------------------------------------
-1	-1	6	35	
----------------------------------------

****************************************
Node 5 Forwarding Table:
4	0	12	0	
----------------------------------------
2	1	13	1	
----------------------------------------
4	2	-1	-1	
----------------------------------------
4	3	13	3	
----------------------------------------
12	4	-1	-1	
----------------------------------------
13	5	2	5	
----------------------------------------
4	6	12	6	
----------------------------------------
2	7	12	7	
----------------------------------------
2	8	4	8	
----------------------------------------
-1	-1	13	9	
----------------------------------------
13	10	4	10	
----------------------------------------
-1	-1	4	11	
----------------------------------------
4	12	2	12	
----------------------------------------
2	13	13	13	
----------------------------------------
13	14	4	14	
----------------------------------------
4	15	-1	-1	
----------------------------------------
-1	-1	2	16	
----------------------------------------
4	17	12	17	
----------------------------------------
13	18	4	18	
----------------------------------------
2	19	13	19	
----------------------------------------
-1	-1	4	20	
----------------------------------------
4	21	12	21	
----------------------------------------
12	22	4	22	
----------------------------------------
2	23	4	23	
----------------------------------------
4	24	12	24	
----------------------------------------
4	25	13	25	
----------------------------------------
13	26	-1	-1	
----------------------------------------
-1	-1	4	27	
----------------------------------------
13	28	2	28	
----------------------------------------
-1	-1	2	29	
----------------------------------------
-1	-1	12	30	
----------------------------------------
13	31	2	31	
----------------------------------------
13	32	4	32	
----------------------------------------
12	33	2	33	
----------------------------------------
12	34	2	34	
----------------------------------------
2	35	-1	-1	
----------------------------------------
2	36	13	36	
----------------------------------------
13	37	2	37	
----------------------------------------
12	38	-1	-1	
----------------------------------------
-1	-1	13	39	
----------------------------------------
-1	-1	12	40	
----------------------------------------
13	41	2	41	
----------------------------------------
12	42	13	42	
----------------------------------------
2	43	13	43	
----------------------------------------
13	44	12	44	
----------------------------------------
13	45	12	45	
----------------------------------------
2	46	13	46	
----------------------------------------
2	47	12	47	
----------------------------------------
-1	-1	13	48	
----------------------------------------
-1	-1	12	49	
----------------------------------------
2	50	-1	-1	
----------------------------------------
12	51	2	51	
----------------------------------------
12	52	13	52	
----------------------------------------
12	53	13	53	
----------------------------------------

****************************************
Node 6 Forwarding Table:
7	0	-1	-1	
----------------------------------------
4	1	-1	-1	
----------------------------------------
-1	-1	4	2	
----------------------------------------
-1	-1	7	3	
----------------------------------------
7	4	4	4	
----------------------------------------
-1	-1	7	5	
----------------------------------------
-1	-1	4	6	
----------------------------------------
4	7	-1	-1	
----------------------------------------
7	8	-1	-1	
----------------------------------------
4	9	-1	-1	
----------------------------------------
-1	-1	4	10	
----------------------------------------
4	11	-1	-1	
----------------------------------------
7	12	4	12	
----------------------------------------
-1	-1	4	13	
----------------------------------------
-1	-1	4	14	
----------------------------------------
7	15	-1	-1	
----------------------------------------
7	16	-1	-1	
----------------------------------------
7	17	4	17	
----------------------------------------
4	18	-1	-1	
----------------------------------------
7	19	4	19	
----------------------------------------
7	20	-1	-1	
----------------------------------------
4	21	7	21	
----------------------------------------

****************************************
Node 7 Forwarding Table:
10	0	6	0	
----------------------------------------
1	1	10	1	
----------------------------------------
-1	-1	10	2	
----------------------------------------
10	3	1	3	
----------------------------------------
-1	-1	10	4	
----------------------------------------
10	5	1	5	
----------------------------------------
10	6	1	6	
----------------------------------------
-1	-1	1	7	
----------------------------------------
1	8	10	8	
----------------------------------------
6	9	10	9	
----------------------------------------
10	10	1	10	
----------------------------------------
-1	-1	6	11	
----------------------------------------
6	12	1	12	
----------------------------------------
1	13	10	13	
----------------------------------------
10	14	1	14	
----------------------------------------
1	15	-1	-1	
----------------------------------------
1	16	6	16	
----------------------------------------
-1	-1	6	17	
----------------------------------------
-1	-1	1	18	
----------------------------------------
1	19	-1	-1	
----------------------------------------
1	20	6	20	
----------------------------------------
1	21	-1	-1	
----------------------------------------
1	22	6	22	
----------------------------------------
-1	-1	1	23	
----------------------------------------
-1	-1	1	24	
----------------------------------------
1	25	-1	-1	
----------------------------------------
-1	-1	1	26	
----------------------------------------
-1	-1	6	27	
----------------------------------------
1	28	10	28	
----------------------------------------
1	29	-1	-1	
----------------------------------------
10	30	6	30	
----------------------------------------
-1	-1	6	31	
----------------------------------------
6	32	-1	-1	
----------------------------------------

****************************************
Node 8 Forwarding Table:
-1	-1	3	0	
----------------------------------------
-1	-1	11	1	
----------------------------------------
3	2	-1	-1	
----------------------------------------
-1	-1	3	3	
----------------------------------------
3	4	-1	-1	
----------------------------------------
3	5	11	5	
----------------------------------------
-1	-1	11	6	
----------------------------------------
11	7	3	7	
----------------------------------------
-1	-1	9	8	
----------------------------------------
11	9	-1	-1	
----------------------------------------
11	10	3	10	
----------------------------------------
-1	-1	3	11	
----------------------------------------
3	12	11	12	
----------------------------------------
3	13	11	13	
----------------------------------------
3	14	-1	-1	
----------------------------------------
9	15	-1	-1	
----------------------------------------
-1	-1	9	16	
----------------------------------------
3	17	11	17	
----------------------------------------
-1	-1	11	18	
----------------------------------------
11	19	3	19	
----------------------------------------
-1	-1	3	20	
----------------------------------------
3	21	11	21	
----------------------------------------
-1	-1	9	22	
----------------------------------------
-1	-1	11	23	
----------------------------------------
11	24	3	24	
----------------------------------------
9	25	-1	-1	
----------------------------------------
9	26	-1	-1	
----------------------------------------
-1	-1	9	27	
----------------------------------------
-1	-1	9	28	
----------------------------------------
9	29	3	29	
----------------------------------------
11	30	-1	-1	
----------------------------------------
11	31	-1	-1	
----------------------------------------
3	32	11	32	
----------------------------------------
-1	-1	9	33	
----------------------------------------
-1	-1	9	34	
----------------------------------------
11	35	-1	-1	
----------------------------------------
11	36	3	36	
----------------------------------------

****************************************
Node 9 Forwarding Table:
10	0	12	0	
----------------------------------------
10	1	12	1	
----------------------------------------
-1	-1	10	2	
----------------------------------------
10	3	12	3	
----------------------------------------
-1	-1	12	4	
----------------------------------------
12	5	-1	-1	
----------------------------------------
10	6	-1	-1	
----------------------------------------
10	7	12	7	
----------------------------------------
8	8	-1	-1	
----------------------------------------
10	9	-1	-1	
----------------------------------------
-1	-1	12	10	
----------------------------------------
10	11	12	11	
----------------------------------------
12	12	-1	-1	
----------------------------------------
12	13	-1	-1	
----------------------------------------
-1	-1	12	14	
----------------------------------------
12	15	-1	-1	
----------------------------------------
12	16	-1	-1	
----------------------------------------
-1	-1	8	17	
----------------------------------------
8	18	-1	-1	
----------------------------------------
-1	-1	10	19	
----------------------------------------
10	20	-1	-1	
----------------------------------------
10	21	-1	-1	
----------------------------------------
8	22	12	22	
----------------------------------------
-1	-1	10	23	
----------------------------------------
12	24	8	24	
----------------------------------------
-1	-1	12	25	
----------------------------------------
12	26	8	26	
----------------------------------------
-1	-1	12	27	
----------------------------------------
10	28	12	28	
----------------------------------------
8	29	10	29	
----------------------------------------
12	30	10	30	
----------------------------------------
12	31	10	31	
----------------------------------------
-1	-1	12	32	
----------------------------------------
8	33	10	33	
----------------------------------------
-1	-1	8	34	
----------------------------------------
10	35	-1	-1	
----------------------------------------
12	36	10	36	
----------------------------------------
8	37	10	37	
----------------------------------------
8	38	-1	-1	
----------------------------------------
12	39	10	39	
----------------------------------------
12	40	-1	-1	
----------------------------------------
-1	-1	10	41	
----------------------------------------
12	42	-1	-1	
----------------------------------------
-1	-1	10	43	
----------------------------------------
10	44	12	44	
----------------------------------------
-1	-1	10	45	
----------------------------------------

****************************************
Node 10 Forwarding Table:
-1	-1	7	0	
----------------------------------------
7	1	-1	-1	
----------------------------------------
11	2	9	2	
----------------------------------------
7	3	9	3	
----------------------------------------
13	4	11	4	
----------------------------------------
-1	-1	7	5	
----------------------------------------
7	6	-1	-1	
----------------------------------------
-1	-1	7	7	
----------------------------------------
9	8	7	8	
----------------------------------------
13	9	9	9	
----------------------------------------
7	10	-1	-1	
----------------------------------------
7	11	-1	-1	
----------------------------------------
11	12	7	12	
----------------------------------------
13	13	-1	-1	
----------------------------------------
7	14	-1	-1	
----------------------------------------
13	15	9	15	
----------------------------------------
13	16	11	16	
----------------------------------------
11	17	-1	-1	
----------------------------------------
11	18	9	18	
----------------------------------------
13	19	7	19	
----------------------------------------
-1	-1	11	20	
----------------------------------------
-1	-1	11	21	
----------------------------------------
11	22	9	22	
----------------------------------------
13	23	9	23	
----------------------------------------
-1	-1	13	24	
----------------------------------------
11	25	13	25	
----------------------------------------
9	26	11	26	
----------------------------------------
-1	-1	13	27	
----------------------------------------
11	28	-1	-1	
----------------------------------------
11	29	-1	-1	
----------------------------------------
-1	-1	9	30	
----------------------------------------
13	31	11	31	
----------------------------------------
11	32	9	32	
----------------------------------------
11	33	13	33	
----------------------------------------
9	34	13	34	
----------------------------------------
11	35	13	35	
----------------------------------------
-1	-1	13	36	
----------------------------------------
-1	-1	11	37	
----------------------------------------
11	38	9	38	
----------------------------------------
9	39	11	39	
----------------------------------------
9	40	-1	-1	
----------------------------------------
9	41	13	41	
----------------------------------------
-1	-1	13	42	
----------------------------------------
9	43	-1	-1	
----------------------------------------
13	44	-1	-1	
----------------------------------------
-1	-1	11	45	
----------------------------------------
-1	-1	9	46	
----------------------------------------
9	47	-1	-1	
----------------------------------------
9	48	-1	-1	
----------------------------------------
-1	-1	13	49	
----------------------------------------
13	50	-1	-1	
----------------------------------------
7	51	-1	-1	
----------------------------------------
9	52	-1	-1	
----------------------------------------
9	53	7	53	
----------------------------------------
-1	-1	11	54	
----------------------------------------
9	55	11	55	
----------------------------------------
-1	-1	9	56	
----------------------------------------
9	57	11	57	
----------------------------------------

****************************************
Node 11 Forwarding Table:
-1	-1	10	0	
----------------------------------------
10	1	-1	-1	
----------------------------------------
8	2	-1	-1	
----------------------------------------
-1	-1	10	3	
----------------------------------------
8	4	-1	-1	
----------------------------------------
10	5	-1	-1	
----------------------------------------
8	6	10	6	
----------------------------------------
-1	-1	10	7	
----------------------------------------
10	8	8	8	
----------------------------------------
10	9	8	9	
----------------------------------------
-1	-1	8	10	
----------------------------------------
-1	-1	10	11	
----------------------------------------
8	12	-1	-1	
----------------------------------------
8	13	-1	-1	
----------------------------------------
-1	-1	10	14	
----------------------------------------
8	15	-1	-1	
----------------------------------------
10	16	-1	-1	
----------------------------------------
8	17	10	17	
----------------------------------------
-1	-1	8	18	
----------------------------------------
8	19	10	19	
----------------------------------------
10	20	-1	-1	
----------------------------------------
-1	-1	10	21	
----------------------------------------
8	22	10	22	
----------------------------------------
-1	-1	8	23	
----------------------------------------
-1	-1	10	24	
----------------------------------------
10	25	-1	-1	
----------------------------------------
-1	-1	10	26	
----------------------------------------
10	27	-1	-1	
----------------------------------------
-1	-1	12	28	
----------------------------------------
-1	-1	8	29	
----------------------------------------
10	30	8	30	
----------------------------------------
8	31	-1	-1	
----------------------------------------
-1	-1	12	32	
----------------------------------------
-1	-1	12	33	
----------------------------------------
-1	-1	8	34	
----------------------------------------
-1	-1	12	35	
----------------------------------------
10	36	-1	-1	
----------------------------------------
12	37	-1	-1	
----------------------------------------
10	38	-1	-1	
----------------------------------------
-1	-1	12	39	
----------------------------------------
10	40	-1	-1	
----------------------------------------
-1	-1	8	41	
----------------------------------------

****************************************
Node 12 Forwarding Table:
9	0	-1	-1	
----------------------------------------
9	1	-1	-1	
----------------------------------------
5	2	-1	-1	
----------------------------------------
9	3	-1	-1	
----------------------------------------
9	4	5	4	
----------------------------------------
5	5	9	5	
----------------------------------------
5	6	-1	-1	
----------------------------------------
9	7	-1	-1	
----------------------------------------
9	8	-1	-1	
----------------------------------------
9	9	-1	-1	
----------------------------------------
5	10	9	10	
----------------------------------------
5	11	9	11	
----------------------------------------
9	12	5	12	
----------------------------------------
-1	-1	9	13	
----------------------------------------
5	14	9	14	
----------------------------------------
5	15	-1	-1	
----------------------------------------
9	16	-1	-1	
----------------------------------------
-1	-1	9	17	
----------------------------------------
9	18	5	18	
----------------------------------------
-1	-1	9	19	
----------------------------------------
9	20	5	20	
----------------------------------------
9	21	-1	-1	
----------------------------------------
11	22	9	22	
----------------------------------------
-1	-1	9	23	
----------------------------------------
9	24	-1	-1	
----------------------------------------
-1	-1	5	25	
----------------------------------------
11	26	9	26	
----------------------------------------
5	27	-1	-1	
----------------------------------------
11	28	5	28	
----------------------------------------
5	29	9	29	
----------------------------------------
5	30	9	30	
----------------------------------------
5	31	-1	-1	
----------------------------------------
11	32	9	32	
----------------------------------------
5	33	11	33	
----------------------------------------
-1	-1	5	34	
----------------------------------------
11	35	5	35	
----------------------------------------
9	36	5	36	
----------------------------------------

****************************************
Node 13 Forwarding Table:
-1	-1	10	0	
----------------------------------------
-1	-1	10	1	
----------------------------------------
5	2	-1	-1	
----------------------------------------
5	3	10	3	
----------------------------------------
-1	-1	5	4	
----------------------------------------
-1	-1	10	5	
----------------------------------------
5	6	10	6	
----------------------------------------
-1	-1	5	7	
----------------------------------------
-1	-1	10	8	
----------------------------------------
-1	-1	10	9	
----------------------------------------
5	10	-1	-1	
----------------------------------------
10	11	5	11	
----------------------------------------
-1	-1	5	12	
----------------------------------------
5	13	-1	-1	
----------------------------------------
5	14	-1	-1	
----------------------------------------
10	15	5	15	
----------------------------------------
10	16	5	16	
----------------------------------------
-1	-1	10	17	
----------------------------------------
10	18	-1	-1	
----------------------------------------
10	19	-1	-1	
----------------------------------------
10	20	5	20	
----------------------------------------
-1	-1	5	21	
----------------------------------------
10	22	-1	-1	
----------------------------------------
5	23	-1	-1	
----------------------------------------
10	24	-1	-1	
----------------------------------------
10	25	5	25	
----------------------------------------
-1	-1	10	26	
----------------------------------------
5	27	-1	-1	
----------------------------------------
10	28	5	28	
----------------------------------------
5	29	-1	-1	
----------------------------------------
5	30	10	30	
----------------------------------------
-1	-1	5	31	
----------------------------------------
-1	-1	5	32	
----------------------------------------
5	33	-1	-1	
----------------------------------------
5	34	-1	-1	
----------------------------------------
5	35	-1	-1	
----------------------------------------
5	36	-1	-1	
----------------------------------------

****************************************
