0	10	6
10->7->6
0,0,-1
1.3
----------------------------------------
1	1	10
1->7->10
0,1,-1
0.9
----------------------------------------
2	11	12
11->10->9->12
0,2,0,-1
0.7
----------------------------------------
3	4	6
4->6
0,-1
0.30000000000000004
----------------------------------------
4	7	12
7->10->9->12
2,3,1,-1
0.9
----------------------------------------
5	13	11
13->10->11
0,4,-1
0.3999999999999999
----------------------------------------
6	10	1
10->7->1
5,3,-1
0.9
----------------------------------------
7	7	10
7->10
4,-1
0.4
----------------------------------------
8	3	12
3->4->5->12
0,1,0,-1
1.4
----------------------------------------
9	1	4
1->0->3->4
2,0,1,-1
1.1
----------------------------------------
10	10	1
10->7->1
7,5,-1
0.9
----------------------------------------
11	8	4
8->3->4
0,2,-1
1.2000000000000002
----------------------------------------
12	9	0
9->10->7->1->0
2,8,6,4,-1
1.6
----------------------------------------
13	13	12
13->10->9->12
1,9,3,-1
0.7
----------------------------------------
14	7	3
7->1->0->3
7,5,2,-1
1.2000000000000002
----------------------------------------
15	6	4
6->4
2,-1
0.30000000000000004
----------------------------------------
16	8	11
8->11
1,-1
0.4
----------------------------------------
17	2	10
2->1->7->10
0,6,8,-1
1.5
----------------------------------------
18	2	13
2->5->13
1,1,-1
1.3
----------------------------------------
19	2	8
2->0->3->8
2,3,4,-1
1.6
----------------------------------------
20	6	10
6->7->10
3,9,-1
1.3
----------------------------------------
21	8	0
8->3->0
3,5,-1
1.1
----------------------------------------
22	11	1
11->10->7->1
3,12,10,-1
1.1
----------------------------------------
23	7	5
7->6->4->5
11,4,5,-1
1.3000000000000003
----------------------------------------
24	4	8
4->3->8
6,6,-1
1.2000000000000002
----------------------------------------
25	6	1
6->7->1
5,12,-1
1.4
----------------------------------------
26	4	10
4->5->13->10
7,3,3,-1
1.1
----------------------------------------
27	1	11
1->0->3->8->11
9,5,7,5,-1
1.9
----------------------------------------
28	9	5
9->12->5
4,4,-1
1.1
----------------------------------------
29	13	2
13->5->2
4,5,-1
1.3
----------------------------------------
30	6	9
6->4->5->12->9
6,8,6,5,-1
1.5
----------------------------------------
31	2	12
2->5->12
4,7,-1
1.4
----------------------------------------
32	4	3
4->3
9,-1
0.4
----------------------------------------
33	2	10
2->1->7->10
5,10,13,-1
1.5
----------------------------------------
34	2	6
2->5->4->6
6,8,10,-1
0.9
----------------------------------------
35	2	3
2->0->3
7,6,-1
0.8
----------------------------------------
36	0	1
0->1
7,-1
0.4
----------------------------------------
37	4	1
4->3->0->1
11,10,8,-1
1.1
----------------------------------------
38	13	9
13->10->9
5,15,-1
0.5
----------------------------------------
39	5	11
5->13->10->11
9,6,16,-1
1.2
----------------------------------------
40	13	4
13->5->4
7,10,-1
0.9
----------------------------------------
41	5	3
5->4->3
11,13,-1
0.5
----------------------------------------
42	8	10
8->11->10
6,6,-1
0.6
----------------------------------------
43	11	12
11->10->9->12
7,18,7,-1
0.7
----------------------------------------
44	1	0
1->0
13,-1
0.4
----------------------------------------
45	13	0
13->10->7->1->0
8,19,14,14,-1
1.5
----------------------------------------
46	10	0
10->11->8->3->0
20,8,7,12,-1
1.7
----------------------------------------
47	8	9
8->9
8,-1
0.9
----------------------------------------
48	2	7
2->1->7
8,15,-1
1.1
----------------------------------------
49	10	8
10->11->8
21,9,-1
0.6
----------------------------------------
50	11	0
11->8->3->0
10,10,13,-1
1.5000000000000002
----------------------------------------
51	11	9
11->10->9
11,22,-1
0.5
----------------------------------------
52	8	3
8->3
11,-1
0.8
----------------------------------------
53	9	12
9->12
10,-1
0.19999999999999996
----------------------------------------
54	4	2
4->5->2
14,12,-1
0.6
----------------------------------------
55	13	12
13->10->9->12
9,23,11,-1
0.7
----------------------------------------
56	1	13
1->2->5->13
16,10,13,-1
1.9000000000000001
----------------------------------------
57	1	6
1->7->6
17,16,-1
1.4
----------------------------------------
58	3	4
3->4
15,-1
0.4
----------------------------------------
59	10	6
10->13->5->4->6
24,11,14,16,-1
1.4000000000000001
----------------------------------------
60	6	5
6->4->5
10,17,-1
0.4
----------------------------------------
61	5	1
5->2->1
16,11,-1
1.1
----------------------------------------
62	4	9
4->5->12->9
18,17,10,-1
1.2
----------------------------------------
63	13	3
13->5->4->3
12,18,19,-1
1.3
----------------------------------------
64	1	13
1->2->5->13
19,12,19,-1
1.9000000000000001
----------------------------------------
65	2	11
2->0->3->8->11
13,13,17,12,-1
2.0
----------------------------------------
66	5	6
5->4->6
20,20,-1
0.4
----------------------------------------
67	7	9
7->6->4->5->12->9
17,12,21,21,11,-1
2.4000000000000004
----------------------------------------
68	9	4
9->12->5->4
14,12,22,-1
1.2000000000000002
----------------------------------------
69	12	9
12->9
13,-1
0.19999999999999996
----------------------------------------
70	2	4
2->5->4
14,23,-1
0.6
----------------------------------------
71	7	11
7->1->0->3->8->11
18,20,14,18,13,-1
2.4
----------------------------------------
72	6	9
6->4->5->12->9
13,24,24,14,-1
1.5
----------------------------------------
73	0	8
0->3->8
15,19,-1
1.1
----------------------------------------
74	3	13
3->4->5->13
20,25,25,-1
1.3
----------------------------------------
75	11	5
11->10->13->5
14,25,15,-1
1.2
----------------------------------------
76	5	4
5->4
27,-1
0.09999999999999998
----------------------------------------
77	9	8
9->8
17,-1
0.9
----------------------------------------
78	2	4
2->0->3->4
15,16,21,-1
1.2000000000000002
----------------------------------------
79	8	9
8->9
16,-1
0.9
----------------------------------------
80	6	11
6->4->3->8->11
14,28,22,17,-1
1.9
----------------------------------------
81	9	11
9->10->11
19,26,-1
0.5
----------------------------------------
82	10	1
10->13->5->2->1
27,16,28,16,-1
2.1
----------------------------------------
83	4	2
4->3->0->2
29,23,17,-1
1.2000000000000002
----------------------------------------
84	8	10
8->11->10
18,17,-1
0.6
----------------------------------------
85	11	3
11->8->3
18,19,-1
1.2000000000000002
----------------------------------------
86	5	3
5->2->0->3
29,18,18,-1
1.3
----------------------------------------
87	8	3
8->3
20,-1
0.8
----------------------------------------
88	3	10
3->8->11->10
27,21,19,-1
1.4000000000000001
----------------------------------------
89	10	9
10->9
30,-1
0.30000000000000004
----------------------------------------
90	13	11
13->10->11
17,31,-1
0.3999999999999999
----------------------------------------
91	11	9
11->10->9
21,32,-1
0.5
----------------------------------------
92	5	12
5->12
30,-1
0.9
----------------------------------------
93	8	12
8->9->12
22,22,-1
1.1
----------------------------------------
94	3	7
3->0->1->7
28,19,22,-1
1.2000000000000002
----------------------------------------
95	8	13
8->11->10->13
23,22,33,-1
0.7999999999999999
----------------------------------------
96	9	13
9->10->13
23,34,-1
0.5
----------------------------------------
97	11	4
11->8->3->4
23,24,29,-1
1.6
----------------------------------------
98	11	2
11->10->13->5->2
24,35,20,31,-1
1.7
----------------------------------------
99	13	0
13->5->4->3->0
21,32,31,30,-1
1.6
----------------------------------------
100	10	13
10->13
36,-1
0.19999999999999996
----------------------------------------
101	12	8
12->9->8
17,24,-1
1.1
----------------------------------------
102	9	1
9->12->5->2->1
25,18,33,20,-1
2.2
----------------------------------------
103	12	8
12->9->8
19,26,-1
1.1
----------------------------------------
104	9	1
9->12->5->2->1
27,20,34,21,-1
2.2
----------------------------------------
105	10	11
10->11
37,-1
0.19999999999999996
----------------------------------------
106	11	12
11->10->9->12
26,38,28,-1
0.7
----------------------------------------
107	1	5
1->2->5
25,22,-1
1.1
----------------------------------------
108	2	13
2->5->13
23,36,-1
1.3
----------------------------------------
109	8	11
8->9->10->11
27,29,39,-1
1.4000000000000001
----------------------------------------
110	1	6
1->7->6
26,20,-1
1.4
----------------------------------------
111	0	1
0->1
21,-1
0.4
----------------------------------------
112	11	10
11->12->9->10
28,22,30,-1
1.3
----------------------------------------
113	2	7
2->1->7
24,28,-1
1.1
----------------------------------------
114	12	13
12->9->10->13
23,31,41,-1
0.7
----------------------------------------
115	1	6
1->7->6
29,22,-1
1.4
----------------------------------------
116	9	12
9->12
32,-1
0.19999999999999996
----------------------------------------
117	10	2
10->13->5->2
42,25,37,-1
1.5
----------------------------------------
118	8	10
8->9->10
28,33,-1
1.2000000000000002
----------------------------------------
119	7	0
7->1->0
23,30,-1
0.9
----------------------------------------
120	9	3
9->8->3
34,29,-1
1.7000000000000002
----------------------------------------
121	13	10
13->10
26,-1
0.19999999999999996
----------------------------------------
122	7	0
7->1->0
24,31,-1
0.9
----------------------------------------
123	12	5
12->5
25,-1
0.9
----------------------------------------
124	5	13
5->13
39,-1
0.8
----------------------------------------
125	11	8
11->8
29,-1
0.4
----------------------------------------
126	3	1
3->0->1
32,24,-1
0.7000000000000001
----------------------------------------
127	10	8
10->11->8
45,30,-1
0.6
----------------------------------------
128	0	7
0->1->7
25,33,-1
0.9
----------------------------------------
129	10	9
10->9
46,-1
0.30000000000000004
----------------------------------------
130	0	11
0->3->8->11
26,33,32,-1
1.5
----------------------------------------
131	11	10
11->12->9->10
32,26,36,-1
1.3
----------------------------------------
132	8	10
8->9->10
33,37,-1
1.2000000000000002
----------------------------------------
133	5	12
5->12
40,-1
0.9
----------------------------------------
134	10	2
10->13->5->2
49,28,41,-1
1.5
----------------------------------------
135	7	1
7->1
26,-1
0.5
----------------------------------------
136	7	4
7->6->4
27,17,-1
1.2000000000000002
----------------------------------------
137	8	9
8->9
34,-1
0.9
----------------------------------------
138	11	13
11->12->5->13
33,28,42,-1
2.5
----------------------------------------
139	3	2
3->0->2
34,27,-1
0.8
----------------------------------------
140	2	0
2->0
28,-1
0.5
----------------------------------------
141	2	10
2->5->13->10
29,43,30,-1
1.5
----------------------------------------
142	11	8
11->8
34,-1
0.4
----------------------------------------
143	0	10
0->1->7->10
29,35,28,-1
1.3
----------------------------------------
144	0	2
0->2
30,-1
0.5
----------------------------------------
145	13	10
13->5->12->9->10
31,44,29,39,-1
2.2
----------------------------------------
146	3	0
3->0
35,-1
0.30000000000000004
----------------------------------------
147	13	9
13->5->12->9
32,45,30,-1
1.9000000000000001
----------------------------------------
148	2	1
2->0->1
31,32,-1
0.9
----------------------------------------
149	4	6
4->6
33,-1
0.30000000000000004
----------------------------------------
150	0	7
0->1->7
33,37,-1
0.9
----------------------------------------
151	9	4
9->10->7->6->4
41,53,30,19,-1
1.9000000000000001
----------------------------------------
152	3	0
3->0
36,-1
0.30000000000000004
----------------------------------------
153	1	13
1->2->5->13
38,32,46,-1
1.9000000000000001
----------------------------------------
154	2	12
2->5->12
33,47,-1
1.4
----------------------------------------
155	11	9
11->12->9
35,32,-1
1.0
----------------------------------------
156	7	6
7->6
31,-1
0.9
----------------------------------------
157	10	11
10->11
54,-1
0.19999999999999996
----------------------------------------
158	5	13
5->13
48,-1
0.8
----------------------------------------
159	1	2
1->2
39,-1
0.6
----------------------------------------
160	2	0
2->0
35,-1
0.5
----------------------------------------
161	5	11
5->12->11
49,33,-1
1.7000000000000002
----------------------------------------
162	0	5
0->2->5
36,36,-1
1.0
----------------------------------------
163	9	11
9->10->11
43,55,-1
0.5
----------------------------------------
164	4	7
4->6->7
35,21,-1
1.2000000000000002
----------------------------------------
165	12	2
12->5->2
34,51,-1
1.4
----------------------------------------
166	11	13
11->12->5->13
39,35,52,-1
2.5
----------------------------------------
167	10	13
10->9->12->5->13
56,44,36,53,-1
2.2
----------------------------------------
168	9	11
9->10->11
45,57,-1
0.5
----------------------------------------
169	2	0
2->0
38,-1
0.5
----------------------------------------
170	11	3
11->8->3
41,36,-1
1.2000000000000002
----------------------------------------
171	3	2
3->0->2
38,38,-1
0.8
----------------------------------------
172	0	3
0->3
39,-1
0.30000000000000004
----------------------------------------
173	3	2
3->0->2
40,40,-1
0.8
----------------------------------------
