0	2	17
2->6->9->8->12->17
0,0,0,0,0,-1
16
----------------------------------------
1	3	7
3->0->1->7
0,0,0,-1
9
----------------------------------------
2	0	8
0->3->5->8
1,1,0,-1
10
----------------------------------------
3	10	2
10->3->0->1->2
0,2,2,1,-1
13
----------------------------------------
4	22	6
22->18->12->8->9->6
0,0,1,2,1,-1
15
----------------------------------------
5	21	9
21->17->12->8->9
0,1,2,3,-1
13
----------------------------------------
6	5	7
5->3->0->1->7
1,3,3,2,-1
13
----------------------------------------
7	18	8
18->12->8
1,3,-1
6
----------------------------------------
8	19	6
19->14->9->6
0,0,3,-1
9
----------------------------------------
9	11	2
11->10->3->0->1->2
0,1,4,4,3,-1
15
----------------------------------------
10	17	1
17->11->10->3->0->1
2,1,2,5,5,-1
15
----------------------------------------
11	3	19
3->4->6->9->14->19
6,0,3,4,1,-1
14
----------------------------------------
12	11	1
11->10->3->0->1
2,3,7,6,-1
12
----------------------------------------
13	17	8
17->12->8
3,4,-1
6
----------------------------------------
14	15	9
15->19->14->9
0,2,2,-1
8
----------------------------------------
15	4	12
4->6->9->8->12
1,4,6,6,-1
12
----------------------------------------
16	14	18
14->23->18
3,0,-1
6
----------------------------------------
17	16	4
16->13->15->7->1->0->4
0,0,1,2,6,7,-1
18
----------------------------------------
18	3	4
3->4
8,-1
3
----------------------------------------
19	2	21
2->7->15->13->21
3,3,2,1,-1
12
----------------------------------------
20	0	11
0->3->5->11
8,9,2,-1
10
----------------------------------------
21	10	18
10->11->17->12->18
4,4,4,6,-1
13
----------------------------------------
22	17	10
17->11->10
5,5,-1
5
----------------------------------------
23	18	17
18->12->17
4,7,-1
7
----------------------------------------
24	14	18
14->23->18
4,1,-1
6
----------------------------------------
25	11	17
11->17
6,-1
4
----------------------------------------
26	5	7
5->3->0->1->7
3,10,9,7,-1
13
----------------------------------------
27	20	2
20->16->13->15->7->2
0,1,2,3,5,-1
15
----------------------------------------
28	16	9
16->13->15->19->14->9
2,3,4,3,5,-1
14
----------------------------------------
29	21	12
21->17->12
2,8,-1
7
----------------------------------------
30	9	19
9->14->19
8,6,-1
5
----------------------------------------
31	20	16
20->16
1,-1
3
----------------------------------------
32	2	18
2->6->9->8->12->18
5,5,9,7,9,-1
15
----------------------------------------
33	2	19
2->7->15->19
6,6,5,-1
8
----------------------------------------
34	3	21
3->10->11->17->21
11,6,7,9,-1
12
----------------------------------------
35	17	18
17->12->18
10,10,-1
6
----------------------------------------
36	14	21
14->23->17->21
7,2,11,-1
10
----------------------------------------
37	15	17
15->13->21->17
6,4,5,-1
10
----------------------------------------
38	6	5
6->9->8->5
6,10,8,-1
9
----------------------------------------
39	17	21
17->21
13,-1
3
----------------------------------------
40	2	6
2->6
7,-1
3
----------------------------------------
41	20	1
20->16->13->15->7->1
2,4,5,7,7,-1
15
----------------------------------------
42	15	0
15->7->1->0
8,8,9,-1
9
----------------------------------------
43	0	4
0->4
11,-1
3
----------------------------------------
44	0	14
0->4->6->9->14
12,5,8,11,-1
12
----------------------------------------
45	1	0
1->0
10,-1
3
----------------------------------------
46	16	7
16->13->15->7
5,6,9,-1
9
----------------------------------------
47	5	11
5->11
5,-1
3
----------------------------------------
48	21	19
21->13->15->19
7,7,10,-1
8
----------------------------------------
49	22	1
22->16->13->15->7->1
1,6,8,11,10,-1
15
----------------------------------------
50	13	8
13->21->17->12->8
9,8,14,11,-1
13
----------------------------------------
51	5	4
5->3->4
6,12,-1
7
----------------------------------------
52	10	15
10->11->17->21->13->15
7,9,15,9,10,-1
16
----------------------------------------
53	1	6
1->2->6
12,8,-1
6
----------------------------------------
54	11	22
11->17->21->20->22
10,16,10,3,-1
13
----------------------------------------
55	14	13
14->19->15->13
9,7,13,-1
8
----------------------------------------
56	10	15
10->11->17->21->13->15
8,11,17,11,12,-1
16
----------------------------------------
57	16	13
16->13
7,-1
3
----------------------------------------
58	6	13
6->2->7->15->13
10,9,11,15,-1
12
----------------------------------------
59	3	8
3->5->8
13,7,-1
6
----------------------------------------
60	11	17
11->5->8->12->17
12,8,11,12,-1
13
----------------------------------------
61	15	16
15->13->16
16,15,-1
6
----------------------------------------
62	20	9
20->22->18->12->8->9
4,3,8,13,12,-1
15
----------------------------------------
63	10	14
10->11->17->23->14
9,13,19,3,-1
13
----------------------------------------
64	4	1
4->0->1
7,14,-1
6
----------------------------------------
65	3	12
3->5->8->12
14,9,13,-1
9
----------------------------------------
66	3	20
3->5->8->12->18->22->20
15,10,14,15,9,4,-1
18
----------------------------------------
67	22	7
22->16->13->15->7
5,9,16,17,-1
12
----------------------------------------
68	1	5
1->0->3->5
14,15,16,-1
10
----------------------------------------
69	2	5
2->6->9->8->5
10,11,13,15,-1
12
----------------------------------------
70	8	23
8->9->14->23
16,14,11,-1
9
----------------------------------------
71	1	22
1->7->15->13->16->22
15,13,18,17,10,-1
15
----------------------------------------
72	4	16
4->6->9->8->12->18->22->16
8,12,15,17,16,10,7,-1
21
----------------------------------------
73	11	23
11->5->8->9->14->23
14,13,18,16,12,-1
15
----------------------------------------
74	7	22
7->15->13->16->22
14,19,18,12,-1
12
----------------------------------------
75	12	14
12->8->9->14
17,19,17,-1
9
----------------------------------------
76	12	16
12->18->22->16
18,11,9,-1
9
----------------------------------------
77	17	3
17->11->10->3
20,15,10,-1
9
----------------------------------------
78	4	0
4->0
9,-1
3
----------------------------------------
79	11	6
11->10->3->4->6
16,11,18,10,-1
12
----------------------------------------
80	6	2
6->2
14,-1
3
----------------------------------------
81	17	12
17->12
21,-1
3
----------------------------------------
82	5	23
5->8->9->14->23
14,20,18,14,-1
12
----------------------------------------
83	2	14
2->6->9->14
12,15,19,-1
9
----------------------------------------
84	2	13
2->7->15->13
13,15,20,-1
9
----------------------------------------
85	8	12
8->12
21,-1
3
----------------------------------------
86	1	17
1->7->15->13->21->17
16,16,21,20,12,-1
16
----------------------------------------
87	1	10
1->0->3->10
17,17,19,-1
9
----------------------------------------
88	18	8
18->12->8
12,21,-1
6
----------------------------------------
89	18	19
18->23->14->19
13,7,16,-1
8
----------------------------------------
90	23	17
23->17
8,-1
4
----------------------------------------
91	3	14
3->4->6->9->14
20,11,16,20,-1
12
----------------------------------------
92	2	21
2->7->15->13->21
14,17,22,21,-1
12
----------------------------------------
93	3	23
3->4->6->9->14->23
21,12,17,21,18,-1
15
----------------------------------------
94	2	6
2->6
15,-1
3
----------------------------------------
95	8	10
8->5->11->10
23,15,17,-1
8
----------------------------------------
96	2	9
2->7->15->19->14->9
16,18,23,9,19,-1
14
----------------------------------------
97	4	22
4->6->9->8->12->18->22
13,19,23,24,22,14,-1
18
----------------------------------------
98	14	4
14->9->6->4
20,24,20,-1
9
----------------------------------------
99	8	18
8->12->18
25,23,-1
6
----------------------------------------
100	9	0
9->6->4->0
25,21,15,-1
9
----------------------------------------
101	15	6
15->19->14->9->6
24,10,21,26,-1
11
----------------------------------------
102	17	10
17->11->10
24,18,-1
5
----------------------------------------
103	16	23
16->22->18->23
14,11,16,-1
9
----------------------------------------
104	18	10
18->12->17->11->10
17,24,25,19,-1
12
----------------------------------------
105	14	5
14->9->8->5
22,27,26,-1
9
----------------------------------------
106	11	15
11->5->8->9->14->19->15
20,17,27,28,23,11,-1
17
----------------------------------------
107	13	20
13->16->20
22,15,-1
6
----------------------------------------
108	18	1
18->23->14->19->15->7->1
18,11,24,12,26,19,-1
17
----------------------------------------
109	18	13
18->22->16->13
19,12,16,-1
9
----------------------------------------
110	16	17
16->13->21->17
17,24,14,-1
10
----------------------------------------
111	13	5
13->21->17->11->5
25,15,27,21,-1
13
----------------------------------------
112	7	13
7->15->13
20,27,-1
6
----------------------------------------
113	10	11
10->11
16,-1
3
----------------------------------------
114	11	2
11->5->8->9->6->2
23,19,28,29,23,-1
15
----------------------------------------
115	18	12
18->12
20,-1
3
----------------------------------------
116	1	15
1->7->15
19,21,-1
6
----------------------------------------
117	14	17
14->23->17
25,12,-1
7
----------------------------------------
118	9	10
9->8->5->11->10
30,29,20,24,-1
11
----------------------------------------
119	16	8
16->22->18->12->8
18,13,21,26,-1
12
----------------------------------------
120	11	23
11->5->8->9->14->23
25,21,31,31,26,-1
15
----------------------------------------
121	16	6
16->22->18->12->8->9->6
19,14,22,27,32,32,-1
18
----------------------------------------
122	14	22
14->23->18->22
27,14,23,-1
9
----------------------------------------
123	18	12
18->12
24,-1
3
----------------------------------------
124	23	1
23->14->19->15->7->1
15,28,13,29,22,-1
14
----------------------------------------
125	17	0
17->21->13->15->7->1->0
29,16,27,30,23,21,-1
18
----------------------------------------
126	18	14
18->23->14
25,16,-1
6
----------------------------------------
127	13	17
13->21->17
28,17,-1
7
----------------------------------------
128	19	6
19->14->9->6
14,30,33,-1
9
----------------------------------------
129	1	6
1->0->4->6
22,20,16,-1
9
----------------------------------------
130	22	5
22->20->21->17->11->5
16,7,18,31,26,-1
16
----------------------------------------
131	18	12
18->12
26,-1
3
----------------------------------------
132	23	4
23->14->9->6->4
17,31,34,27,-1
12
----------------------------------------
133	20	17
20->22->18->12->17
8,17,27,30,-1
13
----------------------------------------
134	2	7
2->1->7
18,23,-1
6
----------------------------------------
135	21	14
21->17->23->14
19,33,18,-1
10
----------------------------------------
136	18	1
18->23->14->19->15->7->1
28,19,33,15,31,25,-1
17
----------------------------------------
137	12	23
12->18->23
31,29,-1
6
----------------------------------------
138	7	16
7->15->13->16
26,32,29,-1
9
----------------------------------------
139	19	2
19->15->7->2
16,33,27,-1
9
----------------------------------------
140	20	15
20->22->18->23->14->19->15
9,18,30,21,34,17,-1
17
----------------------------------------
141	2	7
2->1->7
20,25,-1
6
----------------------------------------
142	5	3
5->3
23,-1
4
----------------------------------------
143	22	14
22->18->23->14
19,31,22,-1
9
----------------------------------------
144	16	22
16->22
21,-1
3
----------------------------------------
145	4	9
4->6->9
18,28,-1
6
----------------------------------------
146	4	0
4->0
19,-1
3
----------------------------------------
147	3	5
3->5
23,-1
3
----------------------------------------
