Node 0 Forwarding Table:
3	0	1	0	
----------------------------------------
-1	-1	3	1	
----------------------------------------
3	2	1	2	
----------------------------------------
3	3	1	3	
----------------------------------------
3	4	1	4	
----------------------------------------
3	5	1	5	
----------------------------------------
3	6	1	6	
----------------------------------------
1	7	4	7	
----------------------------------------
-1	-1	3	8	
----------------------------------------
3	9	1	9	
----------------------------------------
1	10	-1	-1	
----------------------------------------
-1	-1	4	11	
----------------------------------------
-1	-1	4	12	
----------------------------------------
1	13	-1	-1	
----------------------------------------
3	14	1	14	
----------------------------------------
3	15	1	15	
----------------------------------------
4	16	1	16	
----------------------------------------
1	17	3	17	
----------------------------------------
4	18	1	18	
----------------------------------------
4	19	-1	-1	
----------------------------------------
1	20	3	20	
----------------------------------------
1	21	3	21	
----------------------------------------
4	22	-1	-1	
----------------------------------------
3	23	-1	-1	
----------------------------------------
1	24	4	24	
----------------------------------------
1	25	3	25	
----------------------------------------
1	26	3	26	
----------------------------------------
1	27	3	27	
----------------------------------------
4	28	-1	-1	
----------------------------------------
4	29	-1	-1	
----------------------------------------
4	30	-1	-1	
----------------------------------------

****************************************
Node 1 Forwarding Table:
0	0	7	0	
----------------------------------------
0	1	2	1	
----------------------------------------
0	2	7	2	
----------------------------------------
0	3	2	3	
----------------------------------------
0	4	-1	-1	
----------------------------------------
0	5	-1	-1	
----------------------------------------
7	6	0	6	
----------------------------------------
0	7	7	7	
----------------------------------------
7	8	-1	-1	
----------------------------------------
7	9	0	9	
----------------------------------------
-1	-1	0	10	
----------------------------------------
7	11	-1	-1	
----------------------------------------
0	12	7	12	
----------------------------------------
-1	-1	2	13	
----------------------------------------
0	14	7	14	
----------------------------------------
0	15	-1	-1	
----------------------------------------
-1	-1	0	16	
----------------------------------------
-1	-1	7	17	
----------------------------------------
0	18	7	18	
----------------------------------------
-1	-1	0	19	
----------------------------------------
-1	-1	0	20	
----------------------------------------
-1	-1	2	21	
----------------------------------------
7	22	-1	-1	
----------------------------------------
-1	-1	7	23	
----------------------------------------
7	24	-1	-1	
----------------------------------------
-1	-1	0	25	
----------------------------------------
2	26	7	26	
----------------------------------------
7	27	-1	-1	
----------------------------------------
-1	-1	0	28	
----------------------------------------
7	29	0	29	
----------------------------------------
7	30	0	30	
----------------------------------------
7	31	-1	-1	
----------------------------------------
2	32	7	32	
----------------------------------------
-1	-1	7	33	
----------------------------------------

****************************************
Node 2 Forwarding Table:
-1	-1	6	0	
----------------------------------------
1	1	-1	-1	
----------------------------------------
1	2	-1	-1	
----------------------------------------
-1	-1	7	3	
----------------------------------------
7	4	-1	-1	
----------------------------------------
-1	-1	6	5	
----------------------------------------
-1	-1	7	6	
----------------------------------------
-1	-1	6	7	
----------------------------------------
1	8	6	8	
----------------------------------------
6	9	7	9	
----------------------------------------
-1	-1	6	10	
----------------------------------------
6	11	-1	-1	
----------------------------------------
-1	-1	6	12	
----------------------------------------
-1	-1	7	13	
----------------------------------------
-1	-1	7	14	
----------------------------------------
-1	-1	6	15	
----------------------------------------
-1	-1	6	16	
----------------------------------------
-1	-1	7	17	
----------------------------------------
1	18	6	18	
----------------------------------------
7	19	6	19	
----------------------------------------
6	20	7	20	
----------------------------------------
6	21	-1	-1	
----------------------------------------
-1	-1	7	22	
----------------------------------------
-1	-1	1	23	
----------------------------------------
7	24	-1	-1	
----------------------------------------
6	25	7	25	
----------------------------------------
-1	-1	1	26	
----------------------------------------

****************************************
Node 3 Forwarding Table:
-1	-1	0	0	
----------------------------------------
0	1	5	1	
----------------------------------------
10	2	0	2	
----------------------------------------
5	3	0	3	
----------------------------------------
10	4	0	4	
----------------------------------------
10	5	0	5	
----------------------------------------
-1	-1	4	6	
----------------------------------------
10	7	0	7	
----------------------------------------
-1	-1	4	8	
----------------------------------------
0	9	5	9	
----------------------------------------
5	10	0	10	
----------------------------------------
-1	-1	10	11	
----------------------------------------
5	12	4	12	
----------------------------------------
10	13	0	13	
----------------------------------------
10	14	0	14	
----------------------------------------
-1	-1	5	15	
----------------------------------------
-1	-1	5	16	
----------------------------------------
-1	-1	10	17	
----------------------------------------
0	18	5	18	
----------------------------------------
10	19	-1	-1	
----------------------------------------
10	20	4	20	
----------------------------------------
0	21	10	21	
----------------------------------------
0	22	10	22	
----------------------------------------
-1	-1	4	23	
----------------------------------------
-1	-1	4	24	
----------------------------------------
10	25	0	25	
----------------------------------------
0	26	10	26	
----------------------------------------
0	27	10	27	
----------------------------------------
0	28	-1	-1	
----------------------------------------
5	29	-1	-1	
----------------------------------------
-1	-1	5	30	
----------------------------------------

****************************************
Node 4 Forwarding Table:
3	0	6	0	
----------------------------------------
-1	-1	6	1	
----------------------------------------
0	2	-1	-1	
----------------------------------------
3	3	-1	-1	
----------------------------------------
0	4	-1	-1	
----------------------------------------
0	5	6	5	
----------------------------------------
3	6	-1	-1	
----------------------------------------
-1	-1	0	7	
----------------------------------------
-1	-1	0	8	
----------------------------------------
-1	-1	0	9	
----------------------------------------
3	10	6	10	
----------------------------------------
3	11	6	11	
----------------------------------------
3	12	6	12	
----------------------------------------
-1	-1	6	13	
----------------------------------------
6	14	-1	-1	
----------------------------------------
6	15	0	15	
----------------------------------------
-1	-1	6	16	
----------------------------------------
0	17	6	17	
----------------------------------------
6	18	-1	-1	
----------------------------------------
6	19	-1	-1	
----------------------------------------
6	20	0	20	
----------------------------------------
6	21	0	21	
----------------------------------------
-1	-1	6	22	
----------------------------------------
-1	-1	0	23	
----------------------------------------
6	24	-1	-1	
----------------------------------------

****************************************
Node 5 Forwarding Table:
3	0	8	0	
----------------------------------------
-1	-1	3	1	
----------------------------------------
3	2	11	2	
----------------------------------------
-1	-1	3	3	
----------------------------------------
8	4	-1	-1	
----------------------------------------
-1	-1	11	5	
----------------------------------------
-1	-1	3	6	
----------------------------------------
3	7	8	7	
----------------------------------------
3	8	8	8	
----------------------------------------
3	9	-1	-1	
----------------------------------------
8	10	-1	-1	
----------------------------------------
-1	-1	8	11	
----------------------------------------
8	12	11	12	
----------------------------------------
-1	-1	8	13	
----------------------------------------
8	14	-1	-1	
----------------------------------------
11	15	8	15	
----------------------------------------
11	16	-1	-1	
----------------------------------------
11	17	8	17	
----------------------------------------
-1	-1	8	18	
----------------------------------------
8	19	11	19	
----------------------------------------
-1	-1	8	20	
----------------------------------------
11	21	8	21	
----------------------------------------
8	22	-1	-1	
----------------------------------------
11	23	-1	-1	
----------------------------------------
11	24	8	24	
----------------------------------------
-1	-1	3	25	
----------------------------------------
3	26	-1	-1	
----------------------------------------

****************************************
Node 6 Forwarding Table:
2	0	9	0	
----------------------------------------
9	1	-1	-1	
----------------------------------------
9	2	-1	-1	
----------------------------------------
4	3	9	3	
----------------------------------------
4	4	9	4	
----------------------------------------
2	5	9	5	
----------------------------------------
-1	-1	9	6	
----------------------------------------
2	7	-1	-1	
----------------------------------------
4	8	9	8	
----------------------------------------
2	9	-1	-1	
----------------------------------------
-1	-1	2	10	
----------------------------------------
2	11	9	11	
----------------------------------------
4	12	-1	-1	
----------------------------------------
-1	-1	2	13	
----------------------------------------
2	14	9	14	
----------------------------------------
4	15	9	15	
----------------------------------------
4	16	9	16	
----------------------------------------
2	17	-1	-1	
----------------------------------------
2	18	9	18	
----------------------------------------
2	19	9	19	
----------------------------------------
4	20	9	20	
----------------------------------------
9	21	4	21	
----------------------------------------
9	22	4	22	
----------------------------------------
2	23	-1	-1	
----------------------------------------
-1	-1	2	24	
----------------------------------------
4	25	9	25	
----------------------------------------
9	26	2	26	
----------------------------------------
9	27	-1	-1	
----------------------------------------
9	28	-1	-1	
----------------------------------------
4	29	-1	-1	
----------------------------------------
9	30	4	30	
----------------------------------------
9	31	4	31	
----------------------------------------
-1	-1	2	32	
----------------------------------------
9	33	4	33	
----------------------------------------
9	34	4	34	
----------------------------------------
4	35	9	35	
----------------------------------------
9	36	4	36	
----------------------------------------

****************************************
Node 7 Forwarding Table:
1	0	-1	-1	
----------------------------------------
1	1	-1	-1	
----------------------------------------
15	2	1	2	
----------------------------------------
2	3	15	3	
----------------------------------------
1	4	-1	-1	
----------------------------------------
15	5	2	5	
----------------------------------------
2	6	15	6	
----------------------------------------
15	7	1	7	
----------------------------------------
15	8	1	8	
----------------------------------------
15	9	-1	-1	
----------------------------------------
15	10	1	10	
----------------------------------------
1	11	15	11	
----------------------------------------
1	12	15	12	
----------------------------------------
2	13	15	13	
----------------------------------------
15	14	-1	-1	
----------------------------------------
1	15	15	15	
----------------------------------------
1	16	15	16	
----------------------------------------
-1	-1	15	17	
----------------------------------------
2	18	15	18	
----------------------------------------
2	19	15	19	
----------------------------------------
2	20	15	20	
----------------------------------------
15	21	2	21	
----------------------------------------
2	22	15	22	
----------------------------------------
15	23	1	23	
----------------------------------------
-1	-1	15	24	
----------------------------------------
1	25	15	25	
----------------------------------------
15	26	1	26	
----------------------------------------
2	27	15	27	
----------------------------------------
1	28	-1	-1	
----------------------------------------
15	29	1	29	
----------------------------------------
-1	-1	15	30	
----------------------------------------
-1	-1	1	31	
----------------------------------------
15	32	1	32	
----------------------------------------
15	33	2	33	
----------------------------------------
2	34	15	34	
----------------------------------------
15	35	-1	-1	
----------------------------------------
15	36	1	36	
----------------------------------------
1	37	-1	-1	
----------------------------------------
1	38	15	38	
----------------------------------------

****************************************
Node 8 Forwarding Table:
9	0	12	0	
----------------------------------------
5	1	-1	-1	
----------------------------------------
12	2	9	2	
----------------------------------------
12	3	9	3	
----------------------------------------
12	4	-1	-1	
----------------------------------------
12	5	-1	-1	
----------------------------------------
9	6	12	6	
----------------------------------------
9	7	12	7	
----------------------------------------
9	8	5	8	
----------------------------------------
12	9	-1	-1	
----------------------------------------
5	10	-1	-1	
----------------------------------------
12	11	9	11	
----------------------------------------
5	12	12	12	
----------------------------------------
9	13	5	13	
----------------------------------------
-1	-1	9	14	
----------------------------------------
12	15	9	15	
----------------------------------------
5	16	9	16	
----------------------------------------
-1	-1	12	17	
----------------------------------------
12	18	-1	-1	
----------------------------------------
-1	-1	5	19	
----------------------------------------
9	20	12	20	
----------------------------------------
9	21	12	21	
----------------------------------------
-1	-1	12	22	
----------------------------------------
5	23	12	23	
----------------------------------------
9	24	5	24	
----------------------------------------
5	25	9	25	
----------------------------------------
9	26	12	26	
----------------------------------------
5	27	9	27	
----------------------------------------
5	28	9	28	
----------------------------------------
9	29	5	29	
----------------------------------------
12	30	-1	-1	
----------------------------------------
5	31	12	31	
----------------------------------------
5	32	9	32	
----------------------------------------
12	33	9	33	
----------------------------------------
-1	-1	12	34	
----------------------------------------
12	35	5	35	
----------------------------------------
12	36	9	36	
----------------------------------------
5	37	12	37	
----------------------------------------

****************************************
Node 9 Forwarding Table:
6	0	8	0	
----------------------------------------
8	1	6	1	
----------------------------------------
8	2	-1	-1	
----------------------------------------
14	3	6	3	
----------------------------------------
6	4	14	4	
----------------------------------------
14	5	-1	-1	
----------------------------------------
6	6	8	6	
----------------------------------------
14	7	-1	-1	
----------------------------------------
-1	-1	14	8	
----------------------------------------
6	9	8	9	
----------------------------------------
6	10	8	10	
----------------------------------------
6	11	14	11	
----------------------------------------
8	12	-1	-1	
----------------------------------------
6	13	8	13	
----------------------------------------
8	14	14	14	
----------------------------------------
8	15	14	15	
----------------------------------------
8	16	14	16	
----------------------------------------
6	17	14	17	
----------------------------------------
6	18	14	18	
----------------------------------------
6	19	14	19	
----------------------------------------
6	20	-1	-1	
----------------------------------------
6	21	8	21	
----------------------------------------
6	22	8	22	
----------------------------------------
14	23	6	23	
----------------------------------------
-1	-1	6	24	
----------------------------------------
14	25	8	25	
----------------------------------------
8	26	14	26	
----------------------------------------
6	27	8	27	
----------------------------------------
8	28	6	28	
----------------------------------------
8	29	14	29	
----------------------------------------
-1	-1	8	30	
----------------------------------------
8	31	14	31	
----------------------------------------
8	32	6	32	
----------------------------------------
14	33	6	33	
----------------------------------------
14	34	6	34	
----------------------------------------
8	35	6	35	
----------------------------------------
-1	-1	14	36	
----------------------------------------
14	37	-1	-1	
----------------------------------------
14	38	6	38	
----------------------------------------
14	39	-1	-1	
----------------------------------------
14	40	6	40	
----------------------------------------
6	41	-1	-1	
----------------------------------------
14	42	6	42	
----------------------------------------

****************************************
Node 10 Forwarding Table:
-1	-1	3	0	
----------------------------------------
11	1	3	1	
----------------------------------------
11	2	3	2	
----------------------------------------
11	3	3	3	
----------------------------------------
-1	-1	11	4	
----------------------------------------
11	5	-1	-1	
----------------------------------------
3	6	11	6	
----------------------------------------
-1	-1	3	7	
----------------------------------------
-1	-1	3	8	
----------------------------------------
-1	-1	11	9	
----------------------------------------
3	10	11	10	
----------------------------------------
11	11	3	11	
----------------------------------------
11	12	3	12	
----------------------------------------
3	13	11	13	
----------------------------------------
3	14	-1	-1	
----------------------------------------
11	15	-1	-1	
----------------------------------------
11	16	-1	-1	
----------------------------------------
11	17	-1	-1	
----------------------------------------
-1	-1	11	18	
----------------------------------------
11	19	-1	-1	
----------------------------------------
11	20	3	20	
----------------------------------------
3	21	-1	-1	
----------------------------------------
3	22	11	22	
----------------------------------------
11	23	-1	-1	
----------------------------------------

****************************************
Node 11 Forwarding Table:
-1	-1	10	0	
----------------------------------------
17	1	10	1	
----------------------------------------
-1	-1	10	2	
----------------------------------------
5	3	-1	-1	
----------------------------------------
10	4	17	4	
----------------------------------------
17	5	10	5	
----------------------------------------
-1	-1	17	6	
----------------------------------------
10	7	17	7	
----------------------------------------
5	8	-1	-1	
----------------------------------------
-1	-1	17	9	
----------------------------------------
-1	-1	17	10	
----------------------------------------
10	11	17	11	
----------------------------------------
10	12	17	12	
----------------------------------------
-1	-1	17	13	
----------------------------------------
17	14	10	14	
----------------------------------------
-1	-1	10	15	
----------------------------------------
10	16	17	16	
----------------------------------------
5	17	10	17	
----------------------------------------
17	18	10	18	
----------------------------------------
17	19	10	19	
----------------------------------------
-1	-1	5	20	
----------------------------------------
17	21	5	21	
----------------------------------------
10	22	-1	-1	
----------------------------------------
-1	-1	5	23	
----------------------------------------
5	24	10	24	
----------------------------------------
-1	-1	5	25	
----------------------------------------
17	26	10	26	
----------------------------------------
17	27	5	27	
----------------------------------------
-1	-1	5	28	
----------------------------------------
10	29	-1	-1	
----------------------------------------
17	30	10	30	
----------------------------------------

****************************************
Node 12 Forwarding Table:
8	0	17	0	
----------------------------------------
18	1	8	1	
----------------------------------------
17	2	8	2	
----------------------------------------
18	3	8	3	
----------------------------------------
17	4	8	4	
----------------------------------------
8	5	-1	-1	
----------------------------------------
17	6	18	6	
----------------------------------------
18	7	17	7	
----------------------------------------
17	8	-1	-1	
----------------------------------------
8	9	18	9	
----------------------------------------
17	10	18	10	
----------------------------------------
17	11	8	11	
----------------------------------------
18	12	8	12	
----------------------------------------
8	13	-1	-1	
----------------------------------------
-1	-1	8	14	
----------------------------------------
-1	-1	18	15	
----------------------------------------
17	16	-1	-1	
----------------------------------------
8	17	-1	-1	
----------------------------------------
18	18	8	18	
----------------------------------------
8	19	-1	-1	
----------------------------------------
8	20	18	20	
----------------------------------------
8	21	18	21	
----------------------------------------
8	22	18	22	
----------------------------------------
18	23	17	23	
----------------------------------------
8	24	18	24	
----------------------------------------
18	25	-1	-1	
----------------------------------------
18	26	8	26	
----------------------------------------
8	27	18	27	
----------------------------------------
18	28	8	28	
----------------------------------------
18	29	-1	-1	
----------------------------------------
8	30	18	30	
----------------------------------------
18	31	8	31	
----------------------------------------
18	32	-1	-1	
----------------------------------------
-1	-1	8	33	
----------------------------------------
-1	-1	18	34	
----------------------------------------
-1	-1	17	35	
----------------------------------------
8	36	-1	-1	
----------------------------------------
-1	-1	17	37	
----------------------------------------

****************************************
Node 13 Forwarding Table:
16	0	15	0	
----------------------------------------
15	1	21	1	
----------------------------------------
16	2	15	2	
----------------------------------------
16	3	15	3	
----------------------------------------
15	4	21	4	
----------------------------------------
16	5	15	5	
----------------------------------------
16	6	15	6	
----------------------------------------
21	7	15	7	
----------------------------------------
16	8	15	8	
----------------------------------------
-1	-1	21	9	
----------------------------------------
15	10	-1	-1	
----------------------------------------
16	11	-1	-1	
----------------------------------------
15	12	-1	-1	
----------------------------------------
15	13	16	13	
----------------------------------------
16	14	15	14	
----------------------------------------
15	15	16	15	
----------------------------------------
15	16	16	16	
----------------------------------------
15	17	16	17	
----------------------------------------
15	18	-1	-1	
----------------------------------------
15	19	21	19	
----------------------------------------
15	20	16	20	
----------------------------------------
15	21	16	21	
----------------------------------------
-1	-1	16	22	
----------------------------------------
16	23	-1	-1	
----------------------------------------
16	24	21	24	
----------------------------------------
-1	-1	21	25	
----------------------------------------
15	26	-1	-1	
----------------------------------------
-1	-1	21	27	
----------------------------------------
15	28	21	28	
----------------------------------------
21	29	15	29	
----------------------------------------
15	30	16	30	
----------------------------------------
-1	-1	21	31	
----------------------------------------
15	32	21	32	
----------------------------------------
21	33	15	33	
----------------------------------------
16	34	15	34	
----------------------------------------
-1	-1	15	35	
----------------------------------------
16	36	15	36	
----------------------------------------
15	37	-1	-1	
----------------------------------------

****************************************
Node 14 Forwarding Table:
19	0	9	0	
----------------------------------------
9	1	19	1	
----------------------------------------
19	2	9	2	
----------------------------------------
-1	-1	23	3	
----------------------------------------
-1	-1	23	4	
----------------------------------------
19	5	9	5	
----------------------------------------
9	6	19	6	
----------------------------------------
-1	-1	23	7	
----------------------------------------
9	8	-1	-1	
----------------------------------------
-1	-1	19	9	
----------------------------------------
23	10	-1	-1	
----------------------------------------
9	11	23	11	
----------------------------------------
9	12	-1	-1	
----------------------------------------
9	13	23	13	
----------------------------------------
9	14	-1	-1	
----------------------------------------
23	15	19	15	
----------------------------------------
9	16	-1	-1	
----------------------------------------
9	17	23	17	
----------------------------------------
-1	-1	9	18	
----------------------------------------
-1	-1	9	19	
----------------------------------------
9	20	19	20	
----------------------------------------
23	21	19	21	
----------------------------------------
-1	-1	23	22	
----------------------------------------
9	23	-1	-1	
----------------------------------------
9	24	23	24	
----------------------------------------
-1	-1	23	25	
----------------------------------------
23	26	19	26	
----------------------------------------
23	27	-1	-1	
----------------------------------------
19	28	9	28	
----------------------------------------
23	29	9	29	
----------------------------------------
-1	-1	23	30	
----------------------------------------
23	31	-1	-1	
----------------------------------------
9	32	23	32	
----------------------------------------
23	33	19	33	
----------------------------------------
19	34	9	34	
----------------------------------------
19	35	23	35	
----------------------------------------
19	36	9	36	
----------------------------------------
23	37	9	37	
----------------------------------------
19	38	9	38	
----------------------------------------
23	39	-1	-1	
----------------------------------------
-1	-1	9	40	
----------------------------------------

****************************************
Node 15 Forwarding Table:
-1	-1	19	0	
----------------------------------------
13	1	7	1	
----------------------------------------
7	2	13	2	
----------------------------------------
13	3	7	3	
----------------------------------------
13	4	19	4	
----------------------------------------
7	5	19	5	
----------------------------------------
-1	-1	13	6	
----------------------------------------
13	7	7	7	
----------------------------------------
-1	-1	7	8	
----------------------------------------
13	9	7	9	
----------------------------------------
13	10	19	10	
----------------------------------------
13	11	7	11	
----------------------------------------
7	12	-1	-1	
----------------------------------------
19	13	13	13	
----------------------------------------
7	14	-1	-1	
----------------------------------------
7	15	13	15	
----------------------------------------
-1	-1	13	16	
----------------------------------------
13	17	7	17	
----------------------------------------
7	18	13	18	
----------------------------------------
7	19	13	19	
----------------------------------------
7	20	13	20	
----------------------------------------
7	21	13	21	
----------------------------------------
7	22	13	22	
----------------------------------------
7	23	13	23	
----------------------------------------
-1	-1	7	24	
----------------------------------------
19	25	-1	-1	
----------------------------------------
7	26	13	26	
----------------------------------------
19	27	7	27	
----------------------------------------
7	28	13	28	
----------------------------------------
7	29	-1	-1	
----------------------------------------
19	30	7	30	
----------------------------------------
7	31	13	31	
----------------------------------------
19	32	7	32	
----------------------------------------
13	33	-1	-1	
----------------------------------------
7	34	13	34	
----------------------------------------
-1	-1	19	35	
----------------------------------------
19	36	7	36	
----------------------------------------
19	37	7	37	
----------------------------------------
7	38	13	38	
----------------------------------------
13	39	7	39	
----------------------------------------
13	40	7	40	
----------------------------------------
13	41	19	41	
----------------------------------------
-1	-1	19	42	
----------------------------------------
13	43	-1	-1	
----------------------------------------
-1	-1	19	44	
----------------------------------------
7	45	13	45	
----------------------------------------

****************************************
Node 16 Forwarding Table:
-1	-1	13	0	
----------------------------------------
20	1	13	1	
----------------------------------------
-1	-1	13	2	
----------------------------------------
20	3	-1	-1	
----------------------------------------
20	4	13	4	
----------------------------------------
-1	-1	13	5	
----------------------------------------
22	6	13	6	
----------------------------------------
-1	-1	13	7	
----------------------------------------
13	8	-1	-1	
----------------------------------------
22	9	13	9	
----------------------------------------
13	10	22	10	
----------------------------------------
13	11	-1	-1	
----------------------------------------
13	12	22	12	
----------------------------------------
22	13	-1	-1	
----------------------------------------
13	14	22	14	
----------------------------------------
-1	-1	22	15	
----------------------------------------
13	16	20	16	
----------------------------------------
13	17	20	17	
----------------------------------------
22	18	13	18	
----------------------------------------
22	19	-1	-1	
----------------------------------------
-1	-1	13	20	
----------------------------------------
-1	-1	22	21	
----------------------------------------
22	22	-1	-1	
----------------------------------------
-1	-1	22	23	
----------------------------------------
13	24	-1	-1	
----------------------------------------
-1	-1	13	25	
----------------------------------------
20	26	13	26	
----------------------------------------
-1	-1	22	27	
----------------------------------------

****************************************
Node 17 Forwarding Table:
12	0	-1	-1	
----------------------------------------
21	1	12	1	
----------------------------------------
-1	-1	11	2	
----------------------------------------
-1	-1	12	3	
----------------------------------------
11	4	12	4	
----------------------------------------
-1	-1	11	5	
----------------------------------------
12	6	-1	-1	
----------------------------------------
11	7	-1	-1	
----------------------------------------
21	8	12	8	
----------------------------------------
11	9	21	9	
----------------------------------------
-1	-1	12	10	
----------------------------------------
23	11	21	11	
----------------------------------------
21	12	-1	-1	
----------------------------------------
-1	-1	21	13	
----------------------------------------
21	14	12	14	
----------------------------------------
11	15	21	15	
----------------------------------------
11	16	-1	-1	
----------------------------------------
11	17	23	17	
----------------------------------------
11	18	21	18	
----------------------------------------
11	19	23	19	
----------------------------------------
-1	-1	11	20	
----------------------------------------
-1	-1	12	21	
----------------------------------------
11	22	-1	-1	
----------------------------------------
23	23	-1	-1	
----------------------------------------
-1	-1	11	24	
----------------------------------------
12	25	11	25	
----------------------------------------
21	26	-1	-1	
----------------------------------------
21	27	11	27	
----------------------------------------
23	28	-1	-1	
----------------------------------------
-1	-1	11	29	
----------------------------------------
21	30	-1	-1	
----------------------------------------
21	31	-1	-1	
----------------------------------------
21	32	-1	-1	
----------------------------------------
21	33	23	33	
----------------------------------------
21	34	11	34	
----------------------------------------
12	35	21	35	
----------------------------------------
21	36	11	36	
----------------------------------------
12	37	21	37	
----------------------------------------
23	38	-1	-1	
----------------------------------------

****************************************
Node 18 Forwarding Table:
22	0	12	0	
----------------------------------------
-1	-1	12	1	
----------------------------------------
23	2	-1	-1	
----------------------------------------
12	3	-1	-1	
----------------------------------------
-1	-1	12	4	
----------------------------------------
23	5	-1	-1	
----------------------------------------
12	6	-1	-1	
----------------------------------------
12	7	-1	-1	
----------------------------------------
22	8	12	8	
----------------------------------------
12	9	22	9	
----------------------------------------
-1	-1	12	10	
----------------------------------------
-1	-1	23	11	
----------------------------------------
12	12	22	12	
----------------------------------------
12	13	-1	-1	
----------------------------------------
12	14	22	14	
----------------------------------------
22	15	23	15	
----------------------------------------
-1	-1	12	16	
----------------------------------------
-1	-1	23	17	
----------------------------------------
-1	-1	22	18	
----------------------------------------
12	19	22	19	
----------------------------------------
-1	-1	12	20	
----------------------------------------
22	21	12	21	
----------------------------------------
12	22	22	22	
----------------------------------------
22	23	12	23	
----------------------------------------
23	24	22	24	
----------------------------------------
-1	-1	12	25	
----------------------------------------
-1	-1	23	26	
----------------------------------------
12	27	-1	-1	
----------------------------------------
22	28	12	28	
----------------------------------------
-1	-1	12	29	
----------------------------------------
-1	-1	23	30	
----------------------------------------
12	31	23	31	
----------------------------------------
22	32	23	32	
----------------------------------------

****************************************
Node 19 Forwarding Table:
-1	-1	14	0	
----------------------------------------
14	1	-1	-1	
----------------------------------------
15	2	14	2	
----------------------------------------
15	3	14	3	
----------------------------------------
14	4	-1	-1	
----------------------------------------
15	5	-1	-1	
----------------------------------------
15	6	-1	-1	
----------------------------------------
14	7	15	7	
----------------------------------------
14	8	-1	-1	
----------------------------------------
14	9	15	9	
----------------------------------------
14	10	15	10	
----------------------------------------
14	11	15	11	
----------------------------------------
-1	-1	14	12	
----------------------------------------
14	13	15	13	
----------------------------------------
15	14	14	14	
----------------------------------------
-1	-1	15	15	
----------------------------------------
-1	-1	15	16	
----------------------------------------
15	17	14	17	
----------------------------------------
15	18	14	18	
----------------------------------------
15	19	14	19	
----------------------------------------

****************************************
Node 20 Forwarding Table:
-1	-1	16	0	
----------------------------------------
-1	-1	16	1	
----------------------------------------
-1	-1	16	2	
----------------------------------------
21	3	22	3	
----------------------------------------
-1	-1	22	4	
----------------------------------------
21	5	-1	-1	
----------------------------------------
22	6	-1	-1	
----------------------------------------
16	7	-1	-1	
----------------------------------------
16	8	-1	-1	
----------------------------------------
-1	-1	21	9	
----------------------------------------
-1	-1	21	10	
----------------------------------------
-1	-1	16	11	
----------------------------------------

****************************************
Node 21 Forwarding Table:
-1	-1	17	0	
----------------------------------------
13	1	-1	-1	
----------------------------------------
-1	-1	17	2	
----------------------------------------
17	3	-1	-1	
----------------------------------------
17	4	-1	-1	
----------------------------------------
13	5	17	5	
----------------------------------------
17	6	-1	-1	
----------------------------------------
-1	-1	13	7	
----------------------------------------
13	8	17	8	
----------------------------------------
17	9	20	9	
----------------------------------------
17	10	20	10	
----------------------------------------
13	11	-1	-1	
----------------------------------------
13	12	17	12	
----------------------------------------
13	13	17	13	
----------------------------------------
13	14	17	14	
----------------------------------------
13	15	17	15	
----------------------------------------
20	16	17	16	
----------------------------------------
-1	-1	17	17	
----------------------------------------
20	18	17	18	
----------------------------------------
17	19	13	19	
----------------------------------------
13	20	17	20	
----------------------------------------
13	21	-1	-1	
----------------------------------------
17	22	13	22	
----------------------------------------

****************************************
Node 22 Forwarding Table:
-1	-1	18	0	
----------------------------------------
-1	-1	16	1	
----------------------------------------
20	2	-1	-1	
----------------------------------------
20	3	18	3	
----------------------------------------
-1	-1	16	4	
----------------------------------------
16	5	-1	-1	
----------------------------------------
16	6	-1	-1	
----------------------------------------
18	7	16	7	
----------------------------------------
16	8	-1	-1	
----------------------------------------
18	9	-1	-1	
----------------------------------------
18	10	20	10	
----------------------------------------
16	11	18	11	
----------------------------------------
18	12	16	12	
----------------------------------------
18	13	16	13	
----------------------------------------
16	14	18	14	
----------------------------------------
18	15	16	15	
----------------------------------------
16	16	18	16	
----------------------------------------
18	17	-1	-1	
----------------------------------------
-1	-1	18	18	
----------------------------------------
-1	-1	18	19	
----------------------------------------
16	20	-1	-1	
----------------------------------------

****************************************
Node 23 Forwarding Table:
14	0	18	0	
----------------------------------------
14	1	18	1	
----------------------------------------
14	2	17	2	
----------------------------------------
17	3	14	3	
----------------------------------------
14	4	-1	-1	
----------------------------------------
17	5	-1	-1	
----------------------------------------
14	6	-1	-1	
----------------------------------------
18	7	14	7	
----------------------------------------
-1	-1	17	8	
----------------------------------------
14	9	-1	-1	
----------------------------------------
18	10	-1	-1	
----------------------------------------
18	11	14	11	
----------------------------------------
14	12	17	12	
----------------------------------------
14	13	-1	-1	
----------------------------------------
14	14	18	14	
----------------------------------------
-1	-1	14	15	
----------------------------------------
18	16	14	16	
----------------------------------------
-1	-1	14	17	
----------------------------------------
14	18	-1	-1	
----------------------------------------
17	19	14	19	
----------------------------------------
14	20	-1	-1	
----------------------------------------
18	21	14	21	
----------------------------------------
18	22	-1	-1	
----------------------------------------
14	23	17	23	
----------------------------------------
-1	-1	14	24	
----------------------------------------
18	25	14	25	
----------------------------------------

****************************************
