0	2	17
2->6->9->8->12->17
0,0,0,0,0,-1
16
----------------------------------------
1	3	7
3->0->1->7
0,0,0,-1
9
----------------------------------------
2	0	8
0->3->5->8
1,1,0,-1
10
----------------------------------------
3	10	2
10->3->0->1->2
0,2,2,1,-1
13
----------------------------------------
4	22	6
22->18->12->8->9->6
0,0,1,2,1,-1
15
----------------------------------------
5	21	9
21->17->12->8->9
0,1,2,3,-1
13
----------------------------------------
6	5	7
5->3->0->1->7
1,3,3,2,-1
13
----------------------------------------
7	18	8
18->12->8
1,3,-1
6
----------------------------------------
8	19	6
19->14->9->6
0,0,3,-1
9
----------------------------------------
9	11	2
11->10->3->0->1->2
0,1,4,4,3,-1
15
----------------------------------------
10	17	1
17->11->10->3->0->1
2,1,2,5,5,-1
15
----------------------------------------
11	3	19
3->4->6->9->14->19
6,0,3,4,1,-1
14
----------------------------------------
12	11	1
11->10->3->0->1
2,3,7,6,-1
12
----------------------------------------
13	17	8
17->12->8
3,4,-1
6
----------------------------------------
14	15	9
15->19->14->9
0,2,2,-1
8
----------------------------------------
15	4	12
4->6->9->8->12
1,4,6,6,-1
12
----------------------------------------
16	14	18
14->23->18
3,0,-1
6
----------------------------------------
17	16	4
16->13->15->7->1->0->4
0,0,1,2,6,7,-1
18
----------------------------------------
18	3	4
3->4
8,-1
3
----------------------------------------
19	2	21
2->7->15->13->21
3,3,2,1,-1
12
----------------------------------------
20	0	11
0->3->5->11
8,9,2,-1
10
----------------------------------------
21	10	18
10->11->17->12->18
4,4,4,6,-1
13
----------------------------------------
22	17	10
17->11->10
5,5,-1
5
----------------------------------------
23	18	17
18->12->17
4,7,-1
7
----------------------------------------
24	14	18
14->23->18
4,1,-1
6
----------------------------------------
25	11	17
11->17
6,-1
4
----------------------------------------
26	5	7
5->3->0->1->7
3,10,9,7,-1
13
----------------------------------------
27	20	2
20->16->13->15->7->2
0,1,2,3,5,-1
15
----------------------------------------
28	16	9
16->13->15->19->14->9
2,3,4,3,5,-1
14
----------------------------------------
29	21	12
21->17->12
2,8,-1
7
----------------------------------------
30	9	19
9->14->19
8,6,-1
5
----------------------------------------
31	20	16
20->16
1,-1
3
----------------------------------------
32	2	18
2->6->9->8->12->18
5,5,9,7,9,-1
15
----------------------------------------
33	2	19
2->7->15->19
6,6,5,-1
8
----------------------------------------
34	3	21
3->10->11->17->21
11,6,7,9,-1
12
----------------------------------------
35	17	18
17->12->18
10,10,-1
6
----------------------------------------
36	14	21
14->23->17->21
7,2,11,-1
10
----------------------------------------
37	15	17
15->13->21->17
6,4,5,-1
10
----------------------------------------
38	6	5
6->9->8->5
6,10,8,-1
9
----------------------------------------
39	17	21
17->21
13,-1
3
----------------------------------------
40	2	6
2->6
7,-1
3
----------------------------------------
41	20	1
20->16->13->15->7->1
2,4,5,7,7,-1
15
----------------------------------------
42	15	0
15->7->1->0
8,8,9,-1
9
----------------------------------------
43	0	4
0->4
11,-1
3
----------------------------------------
44	0	14
0->4->6->9->14
12,5,8,11,-1
12
----------------------------------------
45	1	0
1->0
10,-1
3
----------------------------------------
46	16	7
16->13->15->7
5,6,9,-1
9
----------------------------------------
47	5	11
5->11
5,-1
3
----------------------------------------
48	21	19
21->13->15->19
7,7,10,-1
8
----------------------------------------
49	22	1
22->16->13->15->7->1
1,6,8,11,10,-1
15
----------------------------------------
50	13	8
13->21->17->12->8
9,8,14,11,-1
13
----------------------------------------
51	5	4
5->3->4
6,12,-1
7
----------------------------------------
52	10	15
10->3->0->1->7->15
7,13,14,12,11,-1
16
----------------------------------------
53	1	6
1->2->6
13,8,-1
6
----------------------------------------
54	11	22
11->17->21->20->22
9,15,9,3,-1
13
----------------------------------------
55	14	13
14->19->15->13
9,7,13,-1
8
----------------------------------------
56	10	15
10->3->0->1->7->15
8,14,15,14,12,-1
16
----------------------------------------
57	16	13
16->13
7,-1
3
----------------------------------------
58	6	13
6->2->7->15->13
10,9,13,15,-1
12
----------------------------------------
59	3	8
3->5->8
15,7,-1
6
----------------------------------------
60	11	17
11->17
10,-1
4
----------------------------------------
61	15	16
15->13->16
16,13,-1
6
----------------------------------------
62	20	9
20->22->18->12->8->9
4,3,8,12,11,-1
15
----------------------------------------
63	10	14
10->11->17->23->14
9,11,17,3,-1
13
----------------------------------------
64	4	1
4->0->1
7,16,-1
6
----------------------------------------
65	3	12
3->5->8->12
16,8,12,-1
9
----------------------------------------
66	3	20
3->10->11->17->21->20
17,10,12,18,10,-1
15
----------------------------------------
67	22	7
22->16->13->15->7
4,9,14,17,-1
12
----------------------------------------
68	1	5
1->0->3->5
16,17,18,-1
10
----------------------------------------
69	2	5
2->6->9->8->5
10,11,13,13,-1
12
----------------------------------------
70	8	23
8->9->14->23
14,14,11,-1
9
----------------------------------------
71	1	22
1->7->15->13->16->22
17,15,18,15,10,-1
15
----------------------------------------
72	4	16
4->0->1->7->15->13->16
8,18,18,16,19,16,-1
18
----------------------------------------
73	11	23
11->17->23
13,19,-1
7
----------------------------------------
74	7	22
7->15->13->16->22
17,20,17,12,-1
12
----------------------------------------
75	12	14
12->8->9->14
14,15,15,-1
9
----------------------------------------
76	12	16
12->18->22->16
15,9,7,-1
9
----------------------------------------
77	17	3
17->11->10->3
20,14,11,-1
9
----------------------------------------
78	4	0
4->0
9,-1
3
----------------------------------------
79	11	6
11->10->3->4->6
15,12,20,10,-1
12
----------------------------------------
80	6	2
6->2
13,-1
3
----------------------------------------
81	17	12
17->12
21,-1
3
----------------------------------------
82	5	23
5->8->9->14->23
11,16,16,13,-1
12
----------------------------------------
83	2	14
2->6->9->14
12,14,17,-1
9
----------------------------------------
84	2	13
2->7->15->13
13,18,21,-1
9
----------------------------------------
85	8	12
8->12
17,-1
3
----------------------------------------
86	1	17
1->0->3->10->11->17
19,20,21,13,16,-1
16
----------------------------------------
87	1	10
1->0->3->10
20,21,22,-1
9
----------------------------------------
88	18	8
18->12->8
10,18,-1
6
----------------------------------------
89	18	19
18->23->14->19
11,7,15,-1
8
----------------------------------------
90	23	17
23->17
8,-1
4
----------------------------------------
91	3	14
3->4->6->9->14
23,11,15,18,-1
12
----------------------------------------
92	2	21
2->7->15->13->21
14,19,22,19,-1
12
----------------------------------------
93	3	23
3->4->6->9->14->23
24,12,16,19,17,-1
15
----------------------------------------
94	2	6
2->6
15,-1
3
----------------------------------------
95	8	10
8->5->11->10
19,12,17,-1
8
----------------------------------------
96	2	9
2->6->9
16,18,-1
6
----------------------------------------
97	2	22
2->7->15->13->16->22
17,20,23,20,14,-1
15
----------------------------------------
98	1	12
1->2->6->9->8->12
21,18,19,21,20,-1
15
----------------------------------------
99	4	22
4->6->9->8->12->18->22
13,20,22,21,20,12,-1
18
----------------------------------------
100	14	4
14->9->6->4
18,23,21,-1
9
----------------------------------------
101	8	18
8->12->18
22,21,-1
6
----------------------------------------
102	5	20
5->8->12->18->22->20
13,23,22,14,10,-1
15
----------------------------------------
103	9	0
9->6->4->0
24,22,15,-1
9
----------------------------------------
104	15	6
15->7->2->6
24,21,19,-1
9
----------------------------------------
105	17	10
17->11->10
24,18,-1
5
----------------------------------------
106	16	23
16->22->18->23
15,11,15,-1
9
----------------------------------------
107	18	10
18->12->17->11->10
16,23,25,19,-1
12
----------------------------------------
108	14	5
14->9->8->5
19,25,24,-1
9
----------------------------------------
109	11	15
11->5->8->9->14->19->15
20,15,25,26,20,9,-1
17
----------------------------------------
110	6	20
6->2->7->15->13->16->20
24,20,22,26,21,16,-1
18
----------------------------------------
111	13	20
13->16->20
22,17,-1
6
----------------------------------------
112	18	1
18->23->14->19->15->7->1
17,11,21,10,27,23,-1
17
----------------------------------------
113	18	13
18->22->16->13
18,12,18,-1
9
----------------------------------------
114	4	16
4->6->9->8->12->18->22->16
16,25,27,26,24,19,13,-1
21
----------------------------------------
115	16	17
16->13->21->17
20,24,12,-1
10
----------------------------------------
116	13	5
13->21->17->11->5
25,13,27,21,-1
13
----------------------------------------
117	7	13
7->15->13
24,28,-1
6
----------------------------------------
118	10	11
10->11
18,-1
3
----------------------------------------
119	11	2
11->5->8->9->6->2
23,17,27,28,26,-1
15
----------------------------------------
120	18	12
18->12
20,-1
3
----------------------------------------
121	1	15
1->7->15
23,25,-1
6
----------------------------------------
122	14	17
14->23->17
22,12,-1
7
----------------------------------------
123	5	14
5->8->9->14
18,28,29,-1
9
----------------------------------------
124	9	10
9->8->5->11->10
30,29,19,24,-1
11
----------------------------------------
125	16	8
16->22->18->12->8
21,14,21,26,-1
12
----------------------------------------
126	5	16
5->8->12->18->22->16
20,31,27,22,15,-1
15
----------------------------------------
127	11	23
11->5->8->9->14->23
25,21,32,31,24,-1
15
----------------------------------------
128	16	6
16->22->18->12->8->9->6
23,16,23,28,33,32,-1
18
----------------------------------------
129	14	22
14->23->18->22
25,14,24,-1
9
----------------------------------------
130	18	12
18->12
25,-1
3
----------------------------------------
131	23	1
23->14->19->15->7->1
15,26,11,30,26,-1
14
----------------------------------------
132	17	0
17->11->10->3->0
29,26,20,25,-1
12
----------------------------------------
133	18	14
18->23->14
26,16,-1
6
----------------------------------------
134	13	17
13->21->17
27,14,-1
7
----------------------------------------
135	8	18
8->12->18
34,30,-1
6
----------------------------------------
136	19	6
19->14->9->6
12,28,33,-1
9
----------------------------------------
137	1	6
1->0->4->6
25,24,17,-1
9
----------------------------------------
138	22	5
22->18->12->8->5
18,28,31,35,-1
12
----------------------------------------
139	18	12
18->12
29,-1
3
----------------------------------------
140	23	4
23->14->9->6->4
17,29,34,30,-1
12
----------------------------------------
141	2	17
2->7->15->13->21->17
22,27,31,28,15,-1
16
----------------------------------------
142	12	4
12->8->9->6->4
33,36,35,31,-1
12
----------------------------------------
143	20	17
20->21->17
9,16,-1
7
----------------------------------------
144	2	7
2->1->7
23,26,-1
6
----------------------------------------
145	14	23
14->23
30,-1
3
----------------------------------------
146	21	14
21->17->23->14
17,33,19,-1
10
----------------------------------------
147	9	23
9->14->23
36,32,-1
6
----------------------------------------
148	18	1
18->23->14->19->15->7->1
30,21,33,13,32,29,-1
17
----------------------------------------
149	12	23
12->18->23
34,31,-1
6
----------------------------------------
150	20	5
20->21->17->11->5
10,18,34,27,-1
13
----------------------------------------
151	12	15
12->17->21->13->15
35,35,19,29,-1
13
----------------------------------------
152	7	16
7->15->13->16
30,34,30,-1
9
----------------------------------------
153	11	12
11->5->8->12
28,24,37,-1
9
----------------------------------------
154	15	9
15->19->14->9
35,14,34,-1
8
----------------------------------------
155	1	10
1->0->3->10
28,25,26,-1
9
----------------------------------------
156	7	11
7->1->0->3->10->11
31,29,26,27,22,-1
15
----------------------------------------
157	19	3
19->15->7->1->0->3
15,36,32,30,27,-1
16
----------------------------------------
158	19	2
19->15->7->2
16,37,33,-1
9
----------------------------------------
159	13	10
13->21->17->11->10
31,20,36,30,-1
12
----------------------------------------
160	6	21
6->2->7->15->13->21
32,25,34,38,32,-1
15
----------------------------------------
161	12	7
12->17->21->13->15->7
37,37,22,33,39,-1
16
----------------------------------------
162	16	1
16->13->15->7->1
25,34,40,36,-1
12
----------------------------------------
163	13	17
13->15->19->14->23->17
35,41,17,35,23,-1
15
----------------------------------------
164	15	0
15->19->14->9->6->4->0
42,18,36,38,33,20,-1
17
----------------------------------------
165	23	9
23->14->9
24,37,-1
6
----------------------------------------
166	20	15
20->16->13->15
11,26,36,-1
9
----------------------------------------
167	2	7
2->1->7
26,32,-1
6
----------------------------------------
168	5	3
5->3
25,-1
4
----------------------------------------
169	15	0
15->19->14->9->6->4->0
44,19,38,40,34,21,-1
17
----------------------------------------
170	22	14
22->18->23->14
19,32,25,-1
9
----------------------------------------
171	16	22
16->22
27,-1
3
----------------------------------------
172	4	9
4->6->9
22,35,-1
6
----------------------------------------
173	4	0
4->0
23,-1
3
----------------------------------------
174	3	5
3->5
30,-1
3
----------------------------------------
175	1	13
1->7->15->13
33,38,45,-1
9
----------------------------------------
176	14	4
14->9->6->4
40,42,36,-1
9
----------------------------------------
