0	2	17
2->6->4->3->10->11->17
0,0,0,0,0,0,-1
13
----------------------------------------
1	3	7
3->4->6->2->7
1,1,1,1,-1
10
----------------------------------------
2	0	8
0->3->5->8
0,2,0,-1
11
----------------------------------------
3	10	2
10->3->0->1->2
1,3,1,0,-1
14
----------------------------------------
4	22	6
22->18->23->14->9->6
0,0,0,0,0,-1
15
----------------------------------------
5	21	9
21->17->23->14->9
0,1,1,1,-1
12
----------------------------------------
6	5	7
5->3->4->6->2->7
1,4,2,3,3,-1
14
----------------------------------------
7	18	8
18->12->8
1,0,-1
8
----------------------------------------
8	19	6
19->14->9->6
0,2,2,-1
11
----------------------------------------
9	11	2
11->5->3->4->6->2
1,2,5,3,5,-1
13
----------------------------------------
10	17	1
17->11->10->3->0->1
2,2,2,6,2,-1
14
----------------------------------------
11	3	19
3->4->6->9->14->19
7,4,6,3,3,-1
13
----------------------------------------
12	11	1
11->5->3->0->1
3,3,8,3,-1
14
----------------------------------------
13	17	8
17->12->8
3,1,-1
6
----------------------------------------
14	15	9
15->19->14->9
0,2,4,-1
11
----------------------------------------
15	4	12
4->3->10->11->17->12
5,9,3,4,4,-1
10
----------------------------------------
16	14	18
14->23->18
5,2,-1
4
----------------------------------------
17	16	4
16->13->15->7->2->6->4
0,0,1,2,5,7,-1
19
----------------------------------------
18	3	4
3->4
10,-1
1
----------------------------------------
19	2	21
2->7->15->13->21
6,3,2,1,-1
12
----------------------------------------
20	0	11
0->3->5->11
4,11,4,-1
10
----------------------------------------
21	10	18
10->11->17->12->18
4,6,5,3,-1
7
----------------------------------------
22	17	10
17->11->10
6,7,-1
3
----------------------------------------
23	18	17
18->12->17
4,4,-1
4
----------------------------------------
24	14	18
14->23->18
6,3,-1
4
----------------------------------------
25	11	17
11->17
8,-1
1
----------------------------------------
26	5	7
5->3->4->6->2->7
5,12,8,8,7,-1
14
----------------------------------------
27	20	2
20->21->13->15->7->2
0,2,2,3,5,-1
15
----------------------------------------
28	16	9
16->22->18->23->14->9
1,1,6,4,7,-1
15
----------------------------------------
29	21	12
21->17->12
3,9,-1
6
----------------------------------------
30	9	19
9->14->19
6,8,-1
6
----------------------------------------
31	20	16
20->16
1,-1
3
----------------------------------------
32	2	18
2->6->9->14->23->18
9,9,7,9,5,-1
16
----------------------------------------
33	2	19
2->7->15->19
10,6,4,-1
14
----------------------------------------
34	3	21
3->10->11->17->21
13,6,9,10,-1
13
----------------------------------------
35	17	18
17->12->18
11,6,-1
4
----------------------------------------
36	14	21
14->23->17->21
10,6,12,-1
8
----------------------------------------
37	15	17
15->13->21->17
5,3,6,-1
8
----------------------------------------
38	6	5
6->4->3->5
10,9,14,-1
6
----------------------------------------
39	17	21
17->21
14,-1
5
----------------------------------------
40	2	6
2->6
11,-1
3
----------------------------------------
41	20	1
20->21->13->15->7->1
2,8,4,6,7,-1
15
----------------------------------------
42	15	0
15->7->1->0
7,8,4,-1
13
----------------------------------------
43	0	4
0->4
6,-1
3
----------------------------------------
44	0	14
0->4->6->9->14
7,11,12,8,-1
13
----------------------------------------
45	1	0
1->0
5,-1
4
----------------------------------------
46	16	7
16->13->15->7
3,5,8,-1
10
----------------------------------------
47	5	11
5->11
7,-1
4
----------------------------------------
48	21	19
21->13->15->19
9,6,9,-1
8
----------------------------------------
49	22	1
22->16->13->15->7->1
2,4,7,10,10,-1
20
----------------------------------------
50	13	8
13->21->17->12->8
8,10,15,7,-1
13
----------------------------------------
51	5	4
5->3->4
8,15,-1
5
----------------------------------------
52	10	15
10->11->17->21->13->15
7,11,16,11,9,-1
11
----------------------------------------
53	1	6
1->2->6
7,12,-1
6
----------------------------------------
54	11	22
11->17->21->20->22
12,17,12,3,-1
14
----------------------------------------
55	14	13
14->19->15->13
12,6,12,-1
8
----------------------------------------
56	10	15
10->11->17->21->13->15
8,13,18,13,11,-1
11
----------------------------------------
57	16	13
16->13
5,-1
5
----------------------------------------
58	6	13
6->2->7->15->13
14,13,11,14,-1
13
----------------------------------------
59	3	8
3->5->8
16,9,-1
9
----------------------------------------
60	11	17
11->17
14,-1
1
----------------------------------------
61	15	16
15->13->16
15,14,-1
6
----------------------------------------
62	20	9
20->22->18->23->14->9
4,4,9,7,13,-1
15
----------------------------------------
63	10	14
10->3->4->6->9->14
9,17,13,15,10,-1
16
----------------------------------------
64	4	1
4->0->1
14,9,-1
7
----------------------------------------
65	3	12
3->5->8->12
18,10,5,-1
14
----------------------------------------
66	3	20
3->4->6->9->14->23->18->22->20
19,15,16,11,15,8,10,5,-1
22
----------------------------------------
67	22	7
22->16->13->15->7
6,7,15,16,-1
15
----------------------------------------
68	1	5
1->0->3->5
9,10,20,-1
10
----------------------------------------
69	2	5
2->1->0->3->5
14,10,11,21,-1
13
----------------------------------------
70	8	23
8->9->14->23
6,12,16,-1
7
----------------------------------------
71	1	22
1->7->15->13->16->22
11,13,17,16,8,-1
20
----------------------------------------
72	4	16
4->6->2->7->15->13->16
16,17,15,14,18,17,-1
19
----------------------------------------
73	11	23
11->5->8->9->14->23
15,13,7,13,17,-1
16
----------------------------------------
74	7	22
7->15->13->16->22
15,19,18,10,-1
15
----------------------------------------
75	12	14
12->17->23->14
9,20,11,-1
4
----------------------------------------
76	12	16
12->18->22->16
10,11,9,-1
10
----------------------------------------
77	17	3
17->11->10->3
21,16,10,-1
8
----------------------------------------
78	4	0
4->0
17,-1
3
----------------------------------------
79	6	2
6->2
18,-1
3
----------------------------------------
80	17	12
17->12
22,-1
1
----------------------------------------
81	5	23
5->11->17->23
14,17,23,-1
7
----------------------------------------
82	2	14
2->6->9->14
17,19,14,-1
12
----------------------------------------
83	2	13
2->7->15->13
18,16,20,-1
10
----------------------------------------
84	8	12
8->12
8,-1
5
----------------------------------------
85	1	17
1->7->15->13->21->17
12,17,21,20,14,-1
17
----------------------------------------
86	1	10
1->2->6->4->3->10
13,19,20,18,23,-1
13
----------------------------------------
87	18	8
18->12->8
12,13,-1
8
----------------------------------------
88	18	19
18->23->14->19
13,13,20,-1
6
----------------------------------------
89	23	17
23->17
14,-1
2
----------------------------------------
90	2	6
2->6
20,-1
3
----------------------------------------
91	8	10
8->12->17->11->10
10,14,26,18,-1
9
----------------------------------------
92	2	22
2->6->9->14->23->18->22
21,22,15,21,15,14,-1
18
----------------------------------------
93	14	4
14->9->6->4
22,16,23,-1
10
----------------------------------------
94	8	18
8->12->18
11,15,-1
8
----------------------------------------
95	5	20
5->8->12->18->22->20
15,12,16,16,11,-1
20
----------------------------------------
96	9	0
9->6->4->0
17,24,20,-1
9
----------------------------------------
97	15	6
15->19->14->9->6
22,8,23,18,-1
16
----------------------------------------
98	17	10
17->11->10
27,19,-1
3
----------------------------------------
99	16	23
16->22->18->23
12,12,17,-1
10
----------------------------------------
100	18	10
18->12->17->11->10
18,17,28,20,-1
7
----------------------------------------
101	14	5
14->23->17->11->5
24,17,29,21,-1
8
----------------------------------------
102	6	20
6->9->14->23->18->22->20
26,19,25,18,19,13,-1
20
----------------------------------------
103	13	20
13->21->20
21,15,-1
5
----------------------------------------
104	18	1
18->12->17->11->10->3->0->1
20,18,30,22,15,24,14,-1
18
----------------------------------------
105	18	13
18->12->17->21->13
21,19,31,16,-1
11
----------------------------------------
106	4	16
4->6->2->7->15->13->16
21,27,22,18,23,23,-1
19
----------------------------------------
107	16	17
16->20->21->17
14,9,17,-1
11
----------------------------------------
108	13	5
13->21->17->11->5
24,18,33,23,-1
12
----------------------------------------
109	7	13
7->15->13
19,24,-1
5
----------------------------------------
110	10	11
10->11
16,-1
2
----------------------------------------
111	11	2
11->10->3->0->1->2
25,17,25,15,15,-1
16
----------------------------------------
112	18	12
18->12
22,-1
3
----------------------------------------
113	1	15
1->7->15
16,20,-1
9
----------------------------------------
114	14	17
14->23->17
26,19,-1
3
----------------------------------------
115	5	14
5->8->9->14
18,13,20,-1
11
----------------------------------------
116	9	10
9->6->4->3->10
21,28,22,26,-1
12
----------------------------------------
117	16	8
16->22->18->12->8
15,14,23,21,-1
15
----------------------------------------
118	5	16
5->8->12->18->22->16
19,15,22,24,15,-1
20
----------------------------------------
119	11	23
11->5->8->9->14->23
26,20,16,22,28,-1
16
----------------------------------------
120	16	6
16->22->18->23->14->9->6
17,16,25,21,29,23,-1
20
----------------------------------------
121	14	22
14->19->15->13->16->22
30,9,26,26,18,-1
18
----------------------------------------
122	18	12
18->12
26,-1
3
----------------------------------------
123	17	0
17->23->14->9->6->4->0
35,22,31,24,30,23,-1
16
----------------------------------------
124	18	14
18->23->14
27,23,-1
4
----------------------------------------
125	13	17
13->21->17
27,19,-1
7
----------------------------------------
126	8	18
8->12->18
17,24,-1
8
----------------------------------------
127	19	6
19->14->9->6
10,33,25,-1
11
----------------------------------------
128	11	22
11->5->8->12->18->22
27,21,18,25,29,-1
19
----------------------------------------
129	1	6
1->0->4->6
17,17,24,-1
8
----------------------------------------
130	22	5
22->18->12->8->5
19,30,26,19,-1
15
----------------------------------------
131	18	12
18->12
31,-1
3
----------------------------------------
132	23	4
23->14->9->6->4
24,34,26,33,-1
11
----------------------------------------
133	12	4
12->8->9->6->4
28,20,27,34,-1
13
----------------------------------------
134	20	17
20->21->17
10,20,-1
8
----------------------------------------
135	2	7
2->1->7
24,18,-1
8
----------------------------------------
136	14	23
14->23
35,-1
1
----------------------------------------
137	21	14
21->17->23->14
21,38,26,-1
8
----------------------------------------
138	9	23
9->8->12->17->23
28,21,29,39,-1
10
----------------------------------------
139	18	1
18->23->14->9->6->2->1
32,28,37,29,35,25,-1
19
----------------------------------------
140	12	23
12->17->23
30,40,-1
3
----------------------------------------
141	20	5
20->22->18->12->8->5
11,20,33,31,22,-1
20
----------------------------------------
142	12	15
12->17->21->13->15
32,41,22,28,-1
9
----------------------------------------
143	7	16
7->15->13->16
22,28,29,-1
10
----------------------------------------
144	15	9
15->13->21->17->12->8->9
29,30,23,42,33,23,-1
16
----------------------------------------
145	1	10
1->0->3->5->11->10
20,18,27,24,28,-1
16
----------------------------------------
146	19	2
19->15->7->2
11,30,23,-1
14
----------------------------------------
147	12	7
12->17->21->13->15->7
34,43,24,31,31,-1
13
----------------------------------------
148	16	1
16->13->15->7->1
20,32,32,25,-1
15
----------------------------------------
149	0	21
0->1->7->15->13->21
19,22,26,33,33,-1
16
----------------------------------------
150	13	17
13->21->17
34,26,-1
7
----------------------------------------
151	15	0
15->7->1->0
34,27,23,-1
13
----------------------------------------
152	23	9
23->14->9
30,38,-1
5
----------------------------------------
153	10	18
10->3->4->6->9->14->23->18
20,28,27,36,32,39,31,-1
20
----------------------------------------
154	15	13
15->13
35,-1
1
----------------------------------------
155	20	15
20->21->13->15
12,27,36,-1
6
----------------------------------------
156	2	7
2->1->7
27,24,-1
8
----------------------------------------
157	5	3
5->3
25,-1
4
----------------------------------------
158	15	0
15->7->1->0
37,29,25,-1
13
----------------------------------------
159	22	14
22->18->23->14
21,35,32,-1
6
----------------------------------------
160	16	22
16->22
21,-1
5
----------------------------------------
161	4	9
4->6->9
28,37,-1
6
----------------------------------------
162	1	6
1->0->4->6
26,22,29,-1
8
----------------------------------------
163	4	0
4->0
30,-1
3
----------------------------------------
164	3	5
3->5
30,-1
4
----------------------------------------
