Node 0 Forwarding Table:
-1	-1	3	0	
----------------------------------------
3	1	1	1	
----------------------------------------
3	2	1	2	
----------------------------------------
3	3	1	3	
----------------------------------------
-1	-1	3	4	
----------------------------------------
1	5	-1	-1	
----------------------------------------
-1	-1	4	6	
----------------------------------------
-1	-1	4	7	
----------------------------------------
1	8	-1	-1	
----------------------------------------
4	9	1	9	
----------------------------------------
1	10	3	10	
----------------------------------------
1	11	3	11	
----------------------------------------
4	12	-1	-1	
----------------------------------------
1	13	3	13	
----------------------------------------
1	14	4	14	
----------------------------------------
1	15	3	15	
----------------------------------------
4	16	-1	-1	
----------------------------------------
3	17	1	17	
----------------------------------------
1	18	4	18	
----------------------------------------
-1	-1	1	19	
----------------------------------------
4	20	-1	-1	
----------------------------------------

****************************************
Node 1 Forwarding Table:
0	0	2	0	
----------------------------------------
0	1	-1	-1	
----------------------------------------
0	2	-1	-1	
----------------------------------------
7	3	-1	-1	
----------------------------------------
7	4	0	4	
----------------------------------------
-1	-1	0	5	
----------------------------------------
7	6	-1	-1	
----------------------------------------
-1	-1	2	7	
----------------------------------------
0	8	-1	-1	
----------------------------------------
-1	-1	0	9	
----------------------------------------
2	10	0	10	
----------------------------------------
-1	-1	7	11	
----------------------------------------
-1	-1	7	12	
----------------------------------------
-1	-1	0	13	
----------------------------------------
2	14	0	14	
----------------------------------------
-1	-1	0	15	
----------------------------------------
0	16	2	16	
----------------------------------------
-1	-1	7	17	
----------------------------------------
-1	-1	0	18	
----------------------------------------
2	19	7	19	
----------------------------------------
0	20	7	20	
----------------------------------------
2	21	7	21	
----------------------------------------

****************************************
Node 2 Forwarding Table:
-1	-1	6	0	
----------------------------------------
6	1	7	1	
----------------------------------------
1	2	-1	-1	
----------------------------------------
6	3	7	3	
----------------------------------------
6	4	-1	-1	
----------------------------------------
7	5	6	5	
----------------------------------------
-1	-1	7	6	
----------------------------------------
6	7	7	7	
----------------------------------------
7	8	-1	-1	
----------------------------------------
-1	-1	6	9	
----------------------------------------
-1	-1	7	10	
----------------------------------------
-1	-1	6	11	
----------------------------------------
1	12	6	12	
----------------------------------------
6	13	7	13	
----------------------------------------
-1	-1	1	14	
----------------------------------------
6	15	-1	-1	
----------------------------------------
-1	-1	6	16	
----------------------------------------
-1	-1	1	17	
----------------------------------------
1	18	-1	-1	
----------------------------------------
7	19	6	19	
----------------------------------------
-1	-1	7	20	
----------------------------------------
-1	-1	1	21	
----------------------------------------
7	22	-1	-1	
----------------------------------------
-1	-1	1	23	
----------------------------------------

****************************************
Node 3 Forwarding Table:
4	0	10	0	
----------------------------------------
-1	-1	4	1	
----------------------------------------
0	2	5	2	
----------------------------------------
10	3	0	3	
----------------------------------------
5	4	4	4	
----------------------------------------
5	5	4	5	
----------------------------------------
10	6	0	6	
----------------------------------------
-1	-1	4	7	
----------------------------------------
5	8	0	8	
----------------------------------------
4	9	10	9	
----------------------------------------
-1	-1	4	10	
----------------------------------------
0	11	5	11	
----------------------------------------
5	12	4	12	
----------------------------------------
-1	-1	10	13	
----------------------------------------
4	14	5	14	
----------------------------------------
5	15	4	15	
----------------------------------------
-1	-1	5	16	
----------------------------------------
-1	-1	5	17	
----------------------------------------
0	18	5	18	
----------------------------------------
0	19	5	19	
----------------------------------------
10	20	-1	-1	
----------------------------------------
0	21	5	21	
----------------------------------------
0	22	10	22	
----------------------------------------
10	23	0	23	
----------------------------------------
4	24	10	24	
----------------------------------------
5	25	-1	-1	
----------------------------------------
-1	-1	5	26	
----------------------------------------

****************************************
Node 4 Forwarding Table:
6	0	3	0	
----------------------------------------
3	1	6	1	
----------------------------------------
3	2	6	2	
----------------------------------------
3	3	6	3	
----------------------------------------
3	4	6	4	
----------------------------------------
-1	-1	3	5	
----------------------------------------
6	6	-1	-1	
----------------------------------------
3	7	-1	-1	
----------------------------------------
3	8	6	8	
----------------------------------------
6	9	3	9	
----------------------------------------
0	10	-1	-1	
----------------------------------------
0	11	6	11	
----------------------------------------
3	12	-1	-1	
----------------------------------------
-1	-1	0	13	
----------------------------------------
-1	-1	0	14	
----------------------------------------
0	15	6	15	
----------------------------------------
6	16	-1	-1	
----------------------------------------
6	17	0	17	
----------------------------------------
6	18	3	18	
----------------------------------------
0	19	6	19	
----------------------------------------
6	20	-1	-1	
----------------------------------------
-1	-1	6	21	
----------------------------------------
-1	-1	0	22	
----------------------------------------

****************************************
Node 5 Forwarding Table:
3	0	8	0	
----------------------------------------
-1	-1	3	1	
----------------------------------------
11	2	3	2	
----------------------------------------
11	3	3	3	
----------------------------------------
3	4	11	4	
----------------------------------------
-1	-1	3	5	
----------------------------------------
3	6	-1	-1	
----------------------------------------
-1	-1	11	7	
----------------------------------------
-1	-1	3	8	
----------------------------------------
3	9	8	9	
----------------------------------------
11	10	8	10	
----------------------------------------
3	11	8	11	
----------------------------------------
3	12	-1	-1	
----------------------------------------
3	13	-1	-1	
----------------------------------------
11	14	8	14	
----------------------------------------
-1	-1	8	15	
----------------------------------------
3	16	11	16	
----------------------------------------
-1	-1	8	17	
----------------------------------------
8	18	-1	-1	
----------------------------------------
8	19	-1	-1	
----------------------------------------
-1	-1	8	20	
----------------------------------------
-1	-1	8	21	
----------------------------------------
11	22	8	22	
----------------------------------------
8	23	-1	-1	
----------------------------------------
8	24	-1	-1	
----------------------------------------
-1	-1	3	25	
----------------------------------------
3	26	-1	-1	
----------------------------------------

****************************************
Node 6 Forwarding Table:
2	0	4	0	
----------------------------------------
4	1	2	1	
----------------------------------------
9	2	-1	-1	
----------------------------------------
4	3	2	3	
----------------------------------------
9	4	-1	-1	
----------------------------------------
4	5	2	5	
----------------------------------------
4	6	9	6	
----------------------------------------
2	7	4	7	
----------------------------------------
4	8	2	8	
----------------------------------------
2	9	9	9	
----------------------------------------
-1	-1	4	10	
----------------------------------------
2	11	-1	-1	
----------------------------------------
4	12	9	12	
----------------------------------------
2	13	-1	-1	
----------------------------------------
-1	-1	2	14	
----------------------------------------
-1	-1	2	15	
----------------------------------------
2	16	9	16	
----------------------------------------
4	17	-1	-1	
----------------------------------------
9	18	4	18	
----------------------------------------
9	19	4	19	
----------------------------------------
9	20	-1	-1	
----------------------------------------
-1	-1	9	21	
----------------------------------------
9	22	4	22	
----------------------------------------
2	23	-1	-1	
----------------------------------------
4	24	-1	-1	
----------------------------------------
9	25	4	25	
----------------------------------------
4	26	9	26	
----------------------------------------

****************************************
Node 7 Forwarding Table:
2	0	-1	-1	
----------------------------------------
2	1	-1	-1	
----------------------------------------
15	2	2	2	
----------------------------------------
2	3	15	3	
----------------------------------------
2	4	-1	-1	
----------------------------------------
15	5	2	5	
----------------------------------------
2	6	15	6	
----------------------------------------
15	7	1	7	
----------------------------------------
15	8	1	8	
----------------------------------------
15	9	-1	-1	
----------------------------------------
15	10	1	10	
----------------------------------------
2	11	15	11	
----------------------------------------
15	12	-1	-1	
----------------------------------------
1	13	15	13	
----------------------------------------
-1	-1	15	14	
----------------------------------------
1	15	15	15	
----------------------------------------
-1	-1	15	16	
----------------------------------------
1	17	15	17	
----------------------------------------
15	18	2	18	
----------------------------------------
2	19	15	19	
----------------------------------------
1	20	-1	-1	
----------------------------------------
-1	-1	15	21	
----------------------------------------
15	22	2	22	
----------------------------------------
15	23	-1	-1	
----------------------------------------
1	24	15	24	
----------------------------------------
1	25	-1	-1	
----------------------------------------

****************************************
Node 8 Forwarding Table:
5	0	-1	-1	
----------------------------------------
12	1	-1	-1	
----------------------------------------
12	2	-1	-1	
----------------------------------------
12	3	-1	-1	
----------------------------------------
5	4	-1	-1	
----------------------------------------
5	5	12	5	
----------------------------------------
5	6	12	6	
----------------------------------------
-1	-1	9	7	
----------------------------------------
5	8	9	8	
----------------------------------------
5	9	9	9	
----------------------------------------
-1	-1	12	10	
----------------------------------------
12	11	-1	-1	
----------------------------------------
-1	-1	12	12	
----------------------------------------
-1	-1	12	13	
----------------------------------------
5	14	12	14	
----------------------------------------
9	15	5	15	
----------------------------------------
9	16	5	16	
----------------------------------------
5	17	9	17	
----------------------------------------
12	18	-1	-1	
----------------------------------------
5	19	12	19	
----------------------------------------
5	20	9	20	
----------------------------------------
-1	-1	12	21	
----------------------------------------
12	22	5	22	
----------------------------------------
12	23	9	23	
----------------------------------------
12	24	5	24	
----------------------------------------
12	25	9	25	
----------------------------------------

****************************************
Node 9 Forwarding Table:
14	0	6	0	
----------------------------------------
14	1	-1	-1	
----------------------------------------
14	2	6	2	
----------------------------------------
6	3	14	3	
----------------------------------------
14	4	-1	-1	
----------------------------------------
14	5	-1	-1	
----------------------------------------
-1	-1	14	6	
----------------------------------------
6	7	14	7	
----------------------------------------
6	8	14	8	
----------------------------------------
14	9	-1	-1	
----------------------------------------
8	10	14	10	
----------------------------------------
8	11	14	11	
----------------------------------------
8	12	14	12	
----------------------------------------
6	13	14	13	
----------------------------------------
14	14	6	14	
----------------------------------------
-1	-1	6	15	
----------------------------------------
14	16	6	16	
----------------------------------------
14	17	8	17	
----------------------------------------
6	18	14	18	
----------------------------------------
14	19	8	19	
----------------------------------------
8	20	14	20	
----------------------------------------
-1	-1	6	21	
----------------------------------------
8	22	14	22	
----------------------------------------
8	23	6	23	
----------------------------------------
8	24	-1	-1	
----------------------------------------
6	25	-1	-1	
----------------------------------------

****************************************
Node 10 Forwarding Table:
3	0	11	0	
----------------------------------------
-1	-1	3	1	
----------------------------------------
11	2	3	2	
----------------------------------------
3	3	11	3	
----------------------------------------
-1	-1	11	4	
----------------------------------------
11	5	-1	-1	
----------------------------------------
3	6	11	6	
----------------------------------------
-1	-1	11	7	
----------------------------------------
11	8	3	8	
----------------------------------------
11	9	-1	-1	
----------------------------------------
11	10	-1	-1	
----------------------------------------
3	11	11	11	
----------------------------------------
11	12	-1	-1	
----------------------------------------
11	13	-1	-1	
----------------------------------------
-1	-1	11	14	
----------------------------------------
11	15	3	15	
----------------------------------------
3	16	-1	-1	
----------------------------------------
11	17	-1	-1	
----------------------------------------

****************************************
Node 11 Forwarding Table:
10	0	17	0	
----------------------------------------
-1	-1	5	1	
----------------------------------------
17	2	10	2	
----------------------------------------
-1	-1	5	3	
----------------------------------------
10	4	17	4	
----------------------------------------
5	5	-1	-1	
----------------------------------------
10	6	17	6	
----------------------------------------
17	7	10	7	
----------------------------------------
-1	-1	17	8	
----------------------------------------
10	9	17	9	
----------------------------------------
5	10	-1	-1	
----------------------------------------
10	11	17	11	
----------------------------------------
-1	-1	17	12	
----------------------------------------
-1	-1	5	13	
----------------------------------------
-1	-1	5	14	
----------------------------------------
17	15	10	15	
----------------------------------------
5	16	10	16	
----------------------------------------
17	17	10	17	
----------------------------------------
10	18	17	18	
----------------------------------------
17	19	10	19	
----------------------------------------
17	20	10	20	
----------------------------------------
10	21	-1	-1	
----------------------------------------
-1	-1	10	22	
----------------------------------------
-1	-1	5	23	
----------------------------------------
17	24	10	24	
----------------------------------------

****************************************
Node 12 Forwarding Table:
18	0	8	0	
----------------------------------------
17	1	8	1	
----------------------------------------
17	2	-1	-1	
----------------------------------------
17	3	18	3	
----------------------------------------
18	4	17	4	
----------------------------------------
17	5	-1	-1	
----------------------------------------
17	6	18	6	
----------------------------------------
17	7	8	7	
----------------------------------------
8	8	17	8	
----------------------------------------
8	9	-1	-1	
----------------------------------------
-1	-1	17	10	
----------------------------------------
-1	-1	18	11	
----------------------------------------
17	12	-1	-1	
----------------------------------------
8	13	-1	-1	
----------------------------------------
18	14	8	14	
----------------------------------------
8	15	17	15	
----------------------------------------
17	16	-1	-1	
----------------------------------------
8	17	18	17	
----------------------------------------
8	18	18	18	
----------------------------------------
18	19	17	19	
----------------------------------------
18	20	17	20	
----------------------------------------
18	21	-1	-1	
----------------------------------------
18	22	8	22	
----------------------------------------
8	23	18	23	
----------------------------------------
18	24	-1	-1	
----------------------------------------
8	25	18	25	
----------------------------------------
18	26	8	26	
----------------------------------------
18	27	-1	-1	
----------------------------------------
-1	-1	8	28	
----------------------------------------
-1	-1	17	29	
----------------------------------------
18	30	8	30	
----------------------------------------
-1	-1	17	31	
----------------------------------------
-1	-1	17	32	
----------------------------------------
17	33	8	33	
----------------------------------------

****************************************
Node 13 Forwarding Table:
16	0	15	0	
----------------------------------------
15	1	21	1	
----------------------------------------
21	2	15	2	
----------------------------------------
15	3	21	3	
----------------------------------------
21	4	15	4	
----------------------------------------
16	5	15	5	
----------------------------------------
21	6	15	6	
----------------------------------------
16	7	15	7	
----------------------------------------
-1	-1	21	8	
----------------------------------------
21	9	15	9	
----------------------------------------
15	10	-1	-1	
----------------------------------------
16	11	-1	-1	
----------------------------------------
15	12	-1	-1	
----------------------------------------
15	13	16	13	
----------------------------------------
16	14	15	14	
----------------------------------------
15	15	16	15	
----------------------------------------
15	16	16	16	
----------------------------------------
15	17	21	17	
----------------------------------------
-1	-1	21	18	
----------------------------------------
21	19	-1	-1	
----------------------------------------
-1	-1	15	20	
----------------------------------------
15	21	-1	-1	
----------------------------------------
16	22	15	22	
----------------------------------------
15	23	16	23	
----------------------------------------
-1	-1	21	24	
----------------------------------------
15	25	21	25	
----------------------------------------
21	26	15	26	
----------------------------------------
15	27	16	27	
----------------------------------------
-1	-1	21	28	
----------------------------------------
21	29	15	29	
----------------------------------------
15	30	21	30	
----------------------------------------

****************************************
Node 14 Forwarding Table:
23	0	9	0	
----------------------------------------
23	1	9	1	
----------------------------------------
19	2	9	2	
----------------------------------------
9	3	19	3	
----------------------------------------
19	4	9	4	
----------------------------------------
-1	-1	23	5	
----------------------------------------
-1	-1	23	6	
----------------------------------------
23	7	9	7	
----------------------------------------
9	8	19	8	
----------------------------------------
9	9	23	9	
----------------------------------------
-1	-1	23	10	
----------------------------------------
9	11	-1	-1	
----------------------------------------
-1	-1	19	12	
----------------------------------------
23	13	9	13	
----------------------------------------
9	14	23	14	
----------------------------------------
9	15	23	15	
----------------------------------------
23	16	-1	-1	
----------------------------------------
9	17	23	17	
----------------------------------------
9	18	-1	-1	
----------------------------------------
23	19	19	19	
----------------------------------------
-1	-1	9	20	
----------------------------------------
19	21	9	21	
----------------------------------------
-1	-1	9	22	
----------------------------------------
9	23	23	23	
----------------------------------------
19	24	9	24	
----------------------------------------
-1	-1	23	25	
----------------------------------------
9	26	-1	-1	
----------------------------------------
9	27	23	27	
----------------------------------------
-1	-1	19	28	
----------------------------------------
23	29	-1	-1	
----------------------------------------
23	30	-1	-1	
----------------------------------------
23	31	19	31	
----------------------------------------

****************************************
Node 15 Forwarding Table:
-1	-1	19	0	
----------------------------------------
13	1	7	1	
----------------------------------------
7	2	13	2	
----------------------------------------
13	3	7	3	
----------------------------------------
7	4	19	4	
----------------------------------------
-1	-1	13	5	
----------------------------------------
13	6	7	6	
----------------------------------------
-1	-1	7	7	
----------------------------------------
13	8	7	8	
----------------------------------------
13	9	19	9	
----------------------------------------
13	10	7	10	
----------------------------------------
13	11	-1	-1	
----------------------------------------
19	12	13	12	
----------------------------------------
7	13	13	13	
----------------------------------------
-1	-1	13	14	
----------------------------------------
13	15	7	15	
----------------------------------------
7	16	13	16	
----------------------------------------
7	17	13	17	
----------------------------------------
7	18	13	18	
----------------------------------------
-1	-1	19	19	
----------------------------------------
13	20	19	20	
----------------------------------------
7	21	13	21	
----------------------------------------
7	22	-1	-1	
----------------------------------------
13	23	7	23	
----------------------------------------
19	24	13	24	
----------------------------------------
7	25	13	25	
----------------------------------------
13	26	-1	-1	
----------------------------------------
7	27	13	27	
----------------------------------------
19	28	7	28	
----------------------------------------
13	29	7	29	
----------------------------------------
7	30	13	30	
----------------------------------------
19	31	-1	-1	
----------------------------------------

****************************************
Node 16 Forwarding Table:
-1	-1	13	0	
----------------------------------------
-1	-1	22	1	
----------------------------------------
20	2	-1	-1	
----------------------------------------
-1	-1	13	3	
----------------------------------------
22	4	13	4	
----------------------------------------
-1	-1	13	5	
----------------------------------------
13	6	-1	-1	
----------------------------------------
22	7	13	7	
----------------------------------------
13	8	22	8	
----------------------------------------
13	9	22	9	
----------------------------------------
22	10	-1	-1	
----------------------------------------
-1	-1	22	11	
----------------------------------------
-1	-1	20	12	
----------------------------------------
-1	-1	22	13	
----------------------------------------
22	14	-1	-1	
----------------------------------------
-1	-1	13	15	
----------------------------------------
13	16	22	16	
----------------------------------------
13	17	-1	-1	
----------------------------------------
-1	-1	22	18	
----------------------------------------

****************************************
Node 17 Forwarding Table:
11	0	-1	-1	
----------------------------------------
21	1	23	1	
----------------------------------------
-1	-1	11	2	
----------------------------------------
-1	-1	12	3	
----------------------------------------
11	4	12	4	
----------------------------------------
11	5	12	5	
----------------------------------------
-1	-1	11	6	
----------------------------------------
12	7	-1	-1	
----------------------------------------
11	8	-1	-1	
----------------------------------------
21	9	12	9	
----------------------------------------
11	10	21	10	
----------------------------------------
-1	-1	12	11	
----------------------------------------
23	12	21	12	
----------------------------------------
21	13	-1	-1	
----------------------------------------
-1	-1	21	14	
----------------------------------------
21	15	12	15	
----------------------------------------
11	16	21	16	
----------------------------------------
11	17	21	17	
----------------------------------------
12	18	-1	-1	
----------------------------------------
12	19	23	19	
----------------------------------------
-1	-1	11	20	
----------------------------------------
-1	-1	12	21	
----------------------------------------
21	22	-1	-1	
----------------------------------------
23	23	-1	-1	
----------------------------------------
12	24	11	24	
----------------------------------------
11	25	12	25	
----------------------------------------
-1	-1	11	26	
----------------------------------------
12	27	11	27	
----------------------------------------
12	28	21	28	
----------------------------------------
21	29	-1	-1	
----------------------------------------
23	30	-1	-1	
----------------------------------------
21	31	-1	-1	
----------------------------------------
21	32	-1	-1	
----------------------------------------
21	33	-1	-1	
----------------------------------------
21	34	23	34	
----------------------------------------
12	35	23	35	
----------------------------------------
12	36	21	36	
----------------------------------------
21	37	11	37	
----------------------------------------
12	38	21	38	
----------------------------------------
23	39	12	39	
----------------------------------------

****************************************
Node 18 Forwarding Table:
22	0	23	0	
----------------------------------------
-1	-1	12	1	
----------------------------------------
23	2	-1	-1	
----------------------------------------
12	3	-1	-1	
----------------------------------------
-1	-1	12	4	
----------------------------------------
23	5	-1	-1	
----------------------------------------
22	6	23	6	
----------------------------------------
23	7	-1	-1	
----------------------------------------
12	8	-1	-1	
----------------------------------------
22	9	23	9	
----------------------------------------
12	10	22	10	
----------------------------------------
-1	-1	12	11	
----------------------------------------
-1	-1	23	12	
----------------------------------------
12	13	-1	-1	
----------------------------------------
12	14	22	14	
----------------------------------------
22	15	23	15	
----------------------------------------
-1	-1	12	16	
----------------------------------------
23	17	22	17	
----------------------------------------
-1	-1	12	18	
----------------------------------------
-1	-1	12	19	
----------------------------------------
22	20	12	20	
----------------------------------------
12	21	22	21	
----------------------------------------
-1	-1	12	22	
----------------------------------------
-1	-1	23	23	
----------------------------------------
12	24	-1	-1	
----------------------------------------
22	25	12	25	
----------------------------------------
-1	-1	12	26	
----------------------------------------
22	27	12	27	
----------------------------------------
22	28	23	28	
----------------------------------------

****************************************
Node 19 Forwarding Table:
-1	-1	14	0	
----------------------------------------
14	1	-1	-1	
----------------------------------------
15	2	14	2	
----------------------------------------
14	3	-1	-1	
----------------------------------------
15	4	-1	-1	
----------------------------------------
15	5	-1	-1	
----------------------------------------
14	6	15	6	
----------------------------------------
14	7	-1	-1	
----------------------------------------
15	8	14	8	
----------------------------------------
15	9	14	9	
----------------------------------------
14	10	15	10	
----------------------------------------
-1	-1	15	11	
----------------------------------------
14	12	15	12	
----------------------------------------

****************************************
Node 20 Forwarding Table:
-1	-1	21	0	
----------------------------------------
-1	-1	16	1	
----------------------------------------
-1	-1	21	2	
----------------------------------------
21	3	22	3	
----------------------------------------
-1	-1	22	4	
----------------------------------------
22	5	-1	-1	
----------------------------------------
22	6	-1	-1	
----------------------------------------
21	7	-1	-1	
----------------------------------------
16	8	21	8	
----------------------------------------
-1	-1	21	9	
----------------------------------------
-1	-1	22	10	
----------------------------------------
-1	-1	22	11	
----------------------------------------

****************************************
Node 21 Forwarding Table:
-1	-1	17	0	
----------------------------------------
13	1	-1	-1	
----------------------------------------
20	2	13	2	
----------------------------------------
-1	-1	17	3	
----------------------------------------
17	4	-1	-1	
----------------------------------------
17	5	-1	-1	
----------------------------------------
13	6	17	6	
----------------------------------------
17	7	-1	-1	
----------------------------------------
20	8	13	8	
----------------------------------------
-1	-1	13	9	
----------------------------------------
13	10	17	10	
----------------------------------------
17	11	13	11	
----------------------------------------
17	12	20	12	
----------------------------------------
13	13	17	13	
----------------------------------------
13	14	20	14	
----------------------------------------
17	15	13	15	
----------------------------------------
20	16	17	16	
----------------------------------------
13	17	17	17	
----------------------------------------
13	18	17	18	
----------------------------------------
20	19	17	19	
----------------------------------------
-1	-1	17	20	
----------------------------------------
17	21	13	21	
----------------------------------------
13	22	17	22	
----------------------------------------
17	23	13	23	
----------------------------------------
13	24	-1	-1	
----------------------------------------

****************************************
Node 22 Forwarding Table:
-1	-1	18	0	
----------------------------------------
16	1	18	1	
----------------------------------------
-1	-1	16	2	
----------------------------------------
20	3	-1	-1	
----------------------------------------
20	4	18	4	
----------------------------------------
-1	-1	16	5	
----------------------------------------
16	6	-1	-1	
----------------------------------------
16	7	-1	-1	
----------------------------------------
18	8	16	8	
----------------------------------------
18	9	20	9	
----------------------------------------
16	10	18	10	
----------------------------------------
18	11	20	11	
----------------------------------------
16	12	18	12	
----------------------------------------
18	13	16	13	
----------------------------------------
16	14	-1	-1	
----------------------------------------
-1	-1	18	15	
----------------------------------------
20	16	18	16	
----------------------------------------
20	17	18	17	
----------------------------------------
16	18	-1	-1	
----------------------------------------

****************************************
Node 23 Forwarding Table:
18	0	14	0	
----------------------------------------
17	1	14	1	
----------------------------------------
14	2	18	2	
----------------------------------------
14	3	18	3	
----------------------------------------
18	4	14	4	
----------------------------------------
14	5	18	5	
----------------------------------------
14	6	17	6	
----------------------------------------
18	7	14	7	
----------------------------------------
14	8	-1	-1	
----------------------------------------
14	9	-1	-1	
----------------------------------------
17	10	14	10	
----------------------------------------
14	11	-1	-1	
----------------------------------------
18	12	14	12	
----------------------------------------
-1	-1	17	13	
----------------------------------------
18	14	-1	-1	
----------------------------------------
14	15	18	15	
----------------------------------------
14	16	17	16	
----------------------------------------
14	17	-1	-1	
----------------------------------------
18	18	14	18	
----------------------------------------
17	19	14	19	
----------------------------------------
17	20	-1	-1	
----------------------------------------
-1	-1	17	21	
----------------------------------------
18	22	14	22	
----------------------------------------

****************************************
