Node 0 Forwarding Table:
-1	-1	3	0	
----------------------------------------
3	1	1	1	
----------------------------------------
3	2	1	2	
----------------------------------------
3	3	1	3	
----------------------------------------
-1	-1	3	4	
----------------------------------------
1	5	-1	-1	
----------------------------------------
-1	-1	4	6	
----------------------------------------
-1	-1	4	7	
----------------------------------------
1	8	-1	-1	
----------------------------------------
4	9	1	9	
----------------------------------------
1	10	3	10	
----------------------------------------
1	11	3	11	
----------------------------------------
4	12	-1	-1	
----------------------------------------
4	13	-1	-1	
----------------------------------------
3	14	1	14	
----------------------------------------
3	15	1	15	
----------------------------------------
4	16	-1	-1	
----------------------------------------
1	17	4	17	
----------------------------------------
1	18	3	18	
----------------------------------------
-1	-1	1	19	
----------------------------------------
1	20	-1	-1	
----------------------------------------
1	21	-1	-1	
----------------------------------------
1	22	4	22	
----------------------------------------
4	23	-1	-1	
----------------------------------------

****************************************
Node 1 Forwarding Table:
0	0	2	0	
----------------------------------------
0	1	-1	-1	
----------------------------------------
0	2	-1	-1	
----------------------------------------
7	3	-1	-1	
----------------------------------------
7	4	0	4	
----------------------------------------
-1	-1	0	5	
----------------------------------------
7	6	-1	-1	
----------------------------------------
-1	-1	2	7	
----------------------------------------
0	8	-1	-1	
----------------------------------------
-1	-1	0	9	
----------------------------------------
2	10	0	10	
----------------------------------------
-1	-1	7	11	
----------------------------------------
-1	-1	7	12	
----------------------------------------
-1	-1	2	13	
----------------------------------------
0	14	-1	-1	
----------------------------------------
0	15	2	15	
----------------------------------------
-1	-1	7	16	
----------------------------------------
-1	-1	0	17	
----------------------------------------
2	18	7	18	
----------------------------------------
2	19	-1	-1	
----------------------------------------
-1	-1	0	20	
----------------------------------------
7	21	-1	-1	
----------------------------------------
0	22	7	22	
----------------------------------------
7	23	0	23	
----------------------------------------
2	24	7	24	
----------------------------------------
7	25	0	25	
----------------------------------------
-1	-1	0	26	
----------------------------------------

****************************************
Node 2 Forwarding Table:
-1	-1	6	0	
----------------------------------------
6	1	7	1	
----------------------------------------
1	2	-1	-1	
----------------------------------------
6	3	7	3	
----------------------------------------
6	4	-1	-1	
----------------------------------------
7	5	6	5	
----------------------------------------
-1	-1	7	6	
----------------------------------------
6	7	7	7	
----------------------------------------
7	8	-1	-1	
----------------------------------------
-1	-1	6	9	
----------------------------------------
-1	-1	7	10	
----------------------------------------
-1	-1	6	11	
----------------------------------------
1	12	6	12	
----------------------------------------
6	13	7	13	
----------------------------------------
-1	-1	1	14	
----------------------------------------
6	15	7	15	
----------------------------------------
6	16	-1	-1	
----------------------------------------
-1	-1	6	17	
----------------------------------------
-1	-1	7	18	
----------------------------------------
1	19	6	19	
----------------------------------------
-1	-1	6	20	
----------------------------------------
-1	-1	6	21	
----------------------------------------
6	22	7	22	
----------------------------------------
1	23	-1	-1	
----------------------------------------
-1	-1	1	24	
----------------------------------------
6	25	1	25	
----------------------------------------
7	26	-1	-1	
----------------------------------------
-1	-1	1	27	
----------------------------------------

****************************************
Node 3 Forwarding Table:
4	0	10	0	
----------------------------------------
-1	-1	4	1	
----------------------------------------
0	2	5	2	
----------------------------------------
10	3	0	3	
----------------------------------------
5	4	4	4	
----------------------------------------
5	5	4	5	
----------------------------------------
10	6	0	6	
----------------------------------------
-1	-1	4	7	
----------------------------------------
5	8	0	8	
----------------------------------------
4	9	10	9	
----------------------------------------
-1	-1	4	10	
----------------------------------------
0	11	5	11	
----------------------------------------
5	12	4	12	
----------------------------------------
-1	-1	10	13	
----------------------------------------
4	14	5	14	
----------------------------------------
5	15	4	15	
----------------------------------------
-1	-1	5	16	
----------------------------------------
10	17	4	17	
----------------------------------------
-1	-1	5	18	
----------------------------------------
-1	-1	4	19	
----------------------------------------
0	20	5	20	
----------------------------------------
0	21	5	21	
----------------------------------------
10	22	-1	-1	
----------------------------------------
4	23	10	23	
----------------------------------------
10	24	0	24	
----------------------------------------
10	25	0	25	
----------------------------------------
4	26	10	26	
----------------------------------------
0	27	5	27	
----------------------------------------
10	28	4	28	
----------------------------------------
5	29	-1	-1	
----------------------------------------
-1	-1	5	30	
----------------------------------------

****************************************
Node 4 Forwarding Table:
6	0	3	0	
----------------------------------------
3	1	6	1	
----------------------------------------
3	2	6	2	
----------------------------------------
3	3	6	3	
----------------------------------------
3	4	6	4	
----------------------------------------
-1	-1	3	5	
----------------------------------------
6	6	-1	-1	
----------------------------------------
3	7	-1	-1	
----------------------------------------
3	8	6	8	
----------------------------------------
6	9	3	9	
----------------------------------------
0	10	-1	-1	
----------------------------------------
0	11	6	11	
----------------------------------------
3	12	-1	-1	
----------------------------------------
3	13	6	13	
----------------------------------------
-1	-1	0	14	
----------------------------------------
3	15	6	15	
----------------------------------------
-1	-1	6	16	
----------------------------------------
-1	-1	0	17	
----------------------------------------
6	18	3	18	
----------------------------------------
6	19	-1	-1	
----------------------------------------
6	20	0	20	
----------------------------------------
-1	-1	6	21	
----------------------------------------
6	22	3	22	
----------------------------------------
6	23	0	23	
----------------------------------------
0	24	6	24	
----------------------------------------
6	25	-1	-1	
----------------------------------------
6	26	-1	-1	
----------------------------------------
3	27	6	27	
----------------------------------------
-1	-1	6	28	
----------------------------------------
0	29	6	29	
----------------------------------------
-1	-1	0	30	
----------------------------------------

****************************************
Node 5 Forwarding Table:
3	0	8	0	
----------------------------------------
-1	-1	3	1	
----------------------------------------
11	2	3	2	
----------------------------------------
11	3	3	3	
----------------------------------------
3	4	11	4	
----------------------------------------
-1	-1	3	5	
----------------------------------------
3	6	-1	-1	
----------------------------------------
-1	-1	11	7	
----------------------------------------
-1	-1	3	8	
----------------------------------------
3	9	8	9	
----------------------------------------
3	10	8	10	
----------------------------------------
3	11	-1	-1	
----------------------------------------
3	12	-1	-1	
----------------------------------------
11	13	8	13	
----------------------------------------
-1	-1	11	14	
----------------------------------------
-1	-1	8	15	
----------------------------------------
11	16	-1	-1	
----------------------------------------
11	17	-1	-1	
----------------------------------------
-1	-1	8	18	
----------------------------------------
-1	-1	8	19	
----------------------------------------
11	20	8	20	
----------------------------------------
11	21	8	21	
----------------------------------------
8	22	-1	-1	
----------------------------------------
8	23	-1	-1	
----------------------------------------
3	24	11	24	
----------------------------------------
-1	-1	3	25	
----------------------------------------
3	26	-1	-1	
----------------------------------------

****************************************
Node 6 Forwarding Table:
2	0	4	0	
----------------------------------------
4	1	2	1	
----------------------------------------
9	2	-1	-1	
----------------------------------------
4	3	2	3	
----------------------------------------
9	4	-1	-1	
----------------------------------------
4	5	2	5	
----------------------------------------
4	6	9	6	
----------------------------------------
2	7	4	7	
----------------------------------------
4	8	2	8	
----------------------------------------
2	9	9	9	
----------------------------------------
-1	-1	4	10	
----------------------------------------
2	11	-1	-1	
----------------------------------------
4	12	9	12	
----------------------------------------
2	13	-1	-1	
----------------------------------------
-1	-1	2	14	
----------------------------------------
4	15	9	15	
----------------------------------------
4	16	9	16	
----------------------------------------
4	17	2	17	
----------------------------------------
-1	-1	2	18	
----------------------------------------
2	19	9	19	
----------------------------------------
2	20	4	20	
----------------------------------------
2	21	-1	-1	
----------------------------------------
2	22	9	22	
----------------------------------------
9	23	4	23	
----------------------------------------
9	24	4	24	
----------------------------------------
9	25	-1	-1	
----------------------------------------
-1	-1	9	26	
----------------------------------------
4	27	2	27	
----------------------------------------
9	28	4	28	
----------------------------------------
9	29	-1	-1	
----------------------------------------
9	30	4	30	
----------------------------------------
9	31	-1	-1	
----------------------------------------
4	32	-1	-1	
----------------------------------------
9	33	4	33	
----------------------------------------
9	34	4	34	
----------------------------------------
9	35	2	35	
----------------------------------------
4	36	9	36	
----------------------------------------
4	37	9	37	
----------------------------------------
4	38	-1	-1	
----------------------------------------

****************************************
Node 7 Forwarding Table:
2	0	-1	-1	
----------------------------------------
2	1	-1	-1	
----------------------------------------
15	2	2	2	
----------------------------------------
2	3	15	3	
----------------------------------------
2	4	-1	-1	
----------------------------------------
15	5	2	5	
----------------------------------------
2	6	15	6	
----------------------------------------
15	7	1	7	
----------------------------------------
15	8	1	8	
----------------------------------------
15	9	-1	-1	
----------------------------------------
15	10	1	10	
----------------------------------------
2	11	15	11	
----------------------------------------
15	12	-1	-1	
----------------------------------------
1	13	15	13	
----------------------------------------
2	14	15	14	
----------------------------------------
-1	-1	15	15	
----------------------------------------
2	16	15	16	
----------------------------------------
1	17	15	17	
----------------------------------------
2	18	15	18	
----------------------------------------
-1	-1	15	19	
----------------------------------------
1	20	15	20	
----------------------------------------
1	21	-1	-1	
----------------------------------------
-1	-1	15	22	
----------------------------------------
15	23	2	23	
----------------------------------------
15	24	-1	-1	
----------------------------------------
15	25	1	25	
----------------------------------------
1	26	15	26	
----------------------------------------
15	27	1	27	
----------------------------------------
1	28	-1	-1	
----------------------------------------
15	29	1	29	
----------------------------------------

****************************************
Node 8 Forwarding Table:
5	0	-1	-1	
----------------------------------------
12	1	-1	-1	
----------------------------------------
12	2	-1	-1	
----------------------------------------
12	3	-1	-1	
----------------------------------------
5	4	-1	-1	
----------------------------------------
5	5	12	5	
----------------------------------------
-1	-1	9	6	
----------------------------------------
5	7	9	7	
----------------------------------------
-1	-1	12	8	
----------------------------------------
12	9	-1	-1	
----------------------------------------
-1	-1	12	10	
----------------------------------------
-1	-1	12	11	
----------------------------------------
5	12	12	12	
----------------------------------------
5	13	9	13	
----------------------------------------
12	14	-1	-1	
----------------------------------------
5	15	12	15	
----------------------------------------
5	16	9	16	
----------------------------------------
-1	-1	12	17	
----------------------------------------
5	18	12	18	
----------------------------------------
12	19	5	19	
----------------------------------------
12	20	9	20	
----------------------------------------
9	21	12	21	
----------------------------------------
12	22	5	22	
----------------------------------------
12	23	9	23	
----------------------------------------

****************************************
Node 9 Forwarding Table:
14	0	6	0	
----------------------------------------
14	1	-1	-1	
----------------------------------------
14	2	6	2	
----------------------------------------
6	3	14	3	
----------------------------------------
14	4	-1	-1	
----------------------------------------
14	5	-1	-1	
----------------------------------------
-1	-1	14	6	
----------------------------------------
6	7	14	7	
----------------------------------------
6	8	14	8	
----------------------------------------
14	9	-1	-1	
----------------------------------------
6	10	14	10	
----------------------------------------
6	11	14	11	
----------------------------------------
8	12	14	12	
----------------------------------------
8	13	14	13	
----------------------------------------
6	14	14	14	
----------------------------------------
6	15	14	15	
----------------------------------------
14	16	6	16	
----------------------------------------
-1	-1	6	17	
----------------------------------------
14	18	6	18	
----------------------------------------
6	19	14	19	
----------------------------------------
8	20	14	20	
----------------------------------------
-1	-1	6	21	
----------------------------------------
8	22	14	22	
----------------------------------------
14	23	6	23	
----------------------------------------
14	24	6	24	
----------------------------------------
14	25	6	25	
----------------------------------------
14	26	6	26	
----------------------------------------
8	27	6	27	
----------------------------------------
-1	-1	8	28	
----------------------------------------
14	29	6	29	
----------------------------------------
8	30	-1	-1	
----------------------------------------
14	31	-1	-1	
----------------------------------------
6	32	14	32	
----------------------------------------
6	33	-1	-1	
----------------------------------------

****************************************
Node 10 Forwarding Table:
3	0	11	0	
----------------------------------------
-1	-1	3	1	
----------------------------------------
11	2	3	2	
----------------------------------------
3	3	11	3	
----------------------------------------
-1	-1	11	4	
----------------------------------------
11	5	-1	-1	
----------------------------------------
3	6	11	6	
----------------------------------------
-1	-1	11	7	
----------------------------------------
-1	-1	11	8	
----------------------------------------
-1	-1	3	9	
----------------------------------------
11	10	3	10	
----------------------------------------
3	11	-1	-1	
----------------------------------------
11	12	-1	-1	
----------------------------------------
11	13	-1	-1	
----------------------------------------
11	14	-1	-1	
----------------------------------------
11	15	3	15	
----------------------------------------
-1	-1	11	16	
----------------------------------------
11	17	3	17	
----------------------------------------
3	18	-1	-1	
----------------------------------------
11	19	-1	-1	
----------------------------------------
-1	-1	3	20	
----------------------------------------

****************************************
Node 11 Forwarding Table:
10	0	17	0	
----------------------------------------
-1	-1	5	1	
----------------------------------------
17	2	10	2	
----------------------------------------
-1	-1	5	3	
----------------------------------------
10	4	17	4	
----------------------------------------
5	5	-1	-1	
----------------------------------------
10	6	17	6	
----------------------------------------
17	7	10	7	
----------------------------------------
-1	-1	17	8	
----------------------------------------
10	9	17	9	
----------------------------------------
5	10	-1	-1	
----------------------------------------
10	11	17	11	
----------------------------------------
-1	-1	17	12	
----------------------------------------
10	13	17	13	
----------------------------------------
-1	-1	17	14	
----------------------------------------
-1	-1	5	15	
----------------------------------------
17	16	10	16	
----------------------------------------
5	17	17	17	
----------------------------------------
17	18	10	18	
----------------------------------------
17	19	10	19	
----------------------------------------
17	20	10	20	
----------------------------------------
17	21	5	21	
----------------------------------------
17	22	10	22	
----------------------------------------
17	23	5	23	
----------------------------------------
10	24	-1	-1	
----------------------------------------
-1	-1	10	25	
----------------------------------------
-1	-1	5	26	
----------------------------------------
-1	-1	5	27	
----------------------------------------
5	28	10	28	
----------------------------------------

****************************************
Node 12 Forwarding Table:
18	0	8	0	
----------------------------------------
17	1	8	1	
----------------------------------------
17	2	-1	-1	
----------------------------------------
17	3	18	3	
----------------------------------------
18	4	17	4	
----------------------------------------
17	5	-1	-1	
----------------------------------------
17	6	18	6	
----------------------------------------
17	7	8	7	
----------------------------------------
8	8	-1	-1	
----------------------------------------
-1	-1	17	9	
----------------------------------------
-1	-1	18	10	
----------------------------------------
17	11	-1	-1	
----------------------------------------
8	12	-1	-1	
----------------------------------------
18	13	8	13	
----------------------------------------
8	14	17	14	
----------------------------------------
8	15	18	15	
----------------------------------------
8	16	18	16	
----------------------------------------
18	17	17	17	
----------------------------------------
18	18	17	18	
----------------------------------------
18	19	17	19	
----------------------------------------
18	20	-1	-1	
----------------------------------------
18	21	8	21	
----------------------------------------
8	22	18	22	
----------------------------------------
18	23	-1	-1	
----------------------------------------
8	24	18	24	
----------------------------------------
8	25	18	25	
----------------------------------------
18	26	8	26	
----------------------------------------
18	27	-1	-1	
----------------------------------------
-1	-1	8	28	
----------------------------------------
8	29	17	29	
----------------------------------------
-1	-1	17	30	
----------------------------------------
18	31	8	31	
----------------------------------------
-1	-1	17	32	
----------------------------------------
17	33	8	33	
----------------------------------------
-1	-1	17	34	
----------------------------------------

****************************************
Node 13 Forwarding Table:
16	0	15	0	
----------------------------------------
15	1	21	1	
----------------------------------------
21	2	15	2	
----------------------------------------
15	3	21	3	
----------------------------------------
21	4	15	4	
----------------------------------------
16	5	15	5	
----------------------------------------
21	6	15	6	
----------------------------------------
16	7	15	7	
----------------------------------------
-1	-1	21	8	
----------------------------------------
21	9	15	9	
----------------------------------------
15	10	-1	-1	
----------------------------------------
21	11	15	11	
----------------------------------------
16	12	-1	-1	
----------------------------------------
15	13	-1	-1	
----------------------------------------
15	14	16	14	
----------------------------------------
16	15	15	15	
----------------------------------------
15	16	16	16	
----------------------------------------
15	17	16	17	
----------------------------------------
15	18	16	18	
----------------------------------------
15	19	-1	-1	
----------------------------------------
15	20	21	20	
----------------------------------------
-1	-1	21	21	
----------------------------------------
21	22	-1	-1	
----------------------------------------
15	23	16	23	
----------------------------------------
-1	-1	21	24	
----------------------------------------
15	25	-1	-1	
----------------------------------------
15	26	16	26	
----------------------------------------
-1	-1	21	27	
----------------------------------------
21	28	15	28	
----------------------------------------
15	29	16	29	
----------------------------------------
15	30	21	30	
----------------------------------------
21	31	15	31	
----------------------------------------
16	32	15	32	
----------------------------------------
15	33	21	33	
----------------------------------------
-1	-1	21	34	
----------------------------------------
15	35	-1	-1	
----------------------------------------
21	36	15	36	
----------------------------------------

****************************************
Node 14 Forwarding Table:
23	0	9	0	
----------------------------------------
23	1	9	1	
----------------------------------------
19	2	9	2	
----------------------------------------
9	3	19	3	
----------------------------------------
19	4	9	4	
----------------------------------------
-1	-1	23	5	
----------------------------------------
-1	-1	23	6	
----------------------------------------
23	7	9	7	
----------------------------------------
9	8	19	8	
----------------------------------------
9	9	23	9	
----------------------------------------
-1	-1	23	10	
----------------------------------------
9	11	-1	-1	
----------------------------------------
-1	-1	19	12	
----------------------------------------
23	13	9	13	
----------------------------------------
9	14	-1	-1	
----------------------------------------
9	15	23	15	
----------------------------------------
9	16	23	16	
----------------------------------------
9	17	23	17	
----------------------------------------
23	18	-1	-1	
----------------------------------------
9	19	-1	-1	
----------------------------------------
23	20	19	20	
----------------------------------------
9	21	23	21	
----------------------------------------
-1	-1	9	22	
----------------------------------------
19	23	9	23	
----------------------------------------
-1	-1	23	24	
----------------------------------------
9	25	23	25	
----------------------------------------
-1	-1	23	26	
----------------------------------------
9	27	-1	-1	
----------------------------------------
9	28	23	28	
----------------------------------------
23	29	9	29	
----------------------------------------
-1	-1	19	30	
----------------------------------------
23	31	9	31	
----------------------------------------
23	32	-1	-1	
----------------------------------------
19	33	9	33	
----------------------------------------
23	34	9	34	
----------------------------------------
-1	-1	23	35	
----------------------------------------
23	36	-1	-1	
----------------------------------------
23	37	9	37	
----------------------------------------
23	38	9	38	
----------------------------------------
9	39	23	39	
----------------------------------------
23	40	-1	-1	
----------------------------------------

****************************************
Node 15 Forwarding Table:
-1	-1	19	0	
----------------------------------------
13	1	7	1	
----------------------------------------
7	2	13	2	
----------------------------------------
13	3	7	3	
----------------------------------------
7	4	19	4	
----------------------------------------
-1	-1	13	5	
----------------------------------------
13	6	7	6	
----------------------------------------
-1	-1	7	7	
----------------------------------------
13	8	7	8	
----------------------------------------
13	9	19	9	
----------------------------------------
13	10	7	10	
----------------------------------------
13	11	-1	-1	
----------------------------------------
19	12	13	12	
----------------------------------------
13	13	-1	-1	
----------------------------------------
7	14	13	14	
----------------------------------------
-1	-1	13	15	
----------------------------------------
13	16	7	16	
----------------------------------------
7	17	13	17	
----------------------------------------
7	18	13	18	
----------------------------------------
7	19	13	19	
----------------------------------------
7	20	13	20	
----------------------------------------
7	21	13	21	
----------------------------------------
-1	-1	19	22	
----------------------------------------
7	23	13	23	
----------------------------------------
7	24	13	24	
----------------------------------------
7	25	-1	-1	
----------------------------------------
19	26	13	26	
----------------------------------------
13	27	-1	-1	
----------------------------------------
7	28	13	28	
----------------------------------------
-1	-1	13	29	
----------------------------------------
19	30	7	30	
----------------------------------------
13	31	7	31	
----------------------------------------
13	32	7	32	
----------------------------------------
7	33	13	33	
----------------------------------------
-1	-1	7	34	
----------------------------------------
-1	-1	13	35	
----------------------------------------
13	36	-1	-1	
----------------------------------------
-1	-1	7	37	
----------------------------------------

****************************************
Node 16 Forwarding Table:
-1	-1	13	0	
----------------------------------------
-1	-1	22	1	
----------------------------------------
20	2	-1	-1	
----------------------------------------
-1	-1	13	3	
----------------------------------------
22	4	13	4	
----------------------------------------
-1	-1	13	5	
----------------------------------------
13	6	-1	-1	
----------------------------------------
22	7	13	7	
----------------------------------------
13	8	22	8	
----------------------------------------
13	9	-1	-1	
----------------------------------------
13	10	22	10	
----------------------------------------
22	11	-1	-1	
----------------------------------------
-1	-1	22	12	
----------------------------------------
13	13	-1	-1	
----------------------------------------
-1	-1	20	14	
----------------------------------------
-1	-1	22	15	
----------------------------------------
22	16	-1	-1	
----------------------------------------
-1	-1	22	17	
----------------------------------------
13	18	22	18	
----------------------------------------
13	19	-1	-1	
----------------------------------------
-1	-1	13	20	
----------------------------------------
-1	-1	22	21	
----------------------------------------

****************************************
Node 17 Forwarding Table:
11	0	-1	-1	
----------------------------------------
21	1	23	1	
----------------------------------------
-1	-1	11	2	
----------------------------------------
-1	-1	12	3	
----------------------------------------
11	4	12	4	
----------------------------------------
11	5	12	5	
----------------------------------------
-1	-1	11	6	
----------------------------------------
12	7	-1	-1	
----------------------------------------
11	8	-1	-1	
----------------------------------------
21	9	12	9	
----------------------------------------
11	10	21	10	
----------------------------------------
-1	-1	12	11	
----------------------------------------
23	12	21	12	
----------------------------------------
21	13	-1	-1	
----------------------------------------
-1	-1	21	14	
----------------------------------------
21	15	12	15	
----------------------------------------
11	16	21	16	
----------------------------------------
11	17	21	17	
----------------------------------------
11	18	21	18	
----------------------------------------
11	19	-1	-1	
----------------------------------------
12	20	23	20	
----------------------------------------
-1	-1	11	21	
----------------------------------------
-1	-1	12	22	
----------------------------------------
11	23	23	23	
----------------------------------------
21	24	-1	-1	
----------------------------------------
23	25	-1	-1	
----------------------------------------
12	26	11	26	
----------------------------------------
-1	-1	11	27	
----------------------------------------
12	28	11	28	
----------------------------------------
23	29	11	29	
----------------------------------------
12	30	11	30	
----------------------------------------
12	31	21	31	
----------------------------------------
21	32	-1	-1	
----------------------------------------
21	33	11	33	
----------------------------------------
23	34	-1	-1	
----------------------------------------
-1	-1	23	35	
----------------------------------------
21	36	-1	-1	
----------------------------------------
21	37	-1	-1	
----------------------------------------
21	38	23	38	
----------------------------------------
12	39	23	39	
----------------------------------------
12	40	23	40	
----------------------------------------
12	41	21	41	
----------------------------------------
21	42	12	42	
----------------------------------------
12	43	21	43	
----------------------------------------
21	44	-1	-1	
----------------------------------------

****************************************
Node 18 Forwarding Table:
22	0	23	0	
----------------------------------------
-1	-1	12	1	
----------------------------------------
23	2	-1	-1	
----------------------------------------
12	3	-1	-1	
----------------------------------------
-1	-1	12	4	
----------------------------------------
23	5	-1	-1	
----------------------------------------
22	6	23	6	
----------------------------------------
23	7	-1	-1	
----------------------------------------
12	8	-1	-1	
----------------------------------------
22	9	23	9	
----------------------------------------
23	10	22	10	
----------------------------------------
12	11	22	11	
----------------------------------------
-1	-1	12	12	
----------------------------------------
-1	-1	23	13	
----------------------------------------
23	14	22	14	
----------------------------------------
12	15	-1	-1	
----------------------------------------
12	16	22	16	
----------------------------------------
22	17	23	17	
----------------------------------------
-1	-1	12	18	
----------------------------------------
23	19	22	19	
----------------------------------------
-1	-1	12	20	
----------------------------------------
-1	-1	12	21	
----------------------------------------
-1	-1	12	22	
----------------------------------------
22	23	12	23	
----------------------------------------
12	24	22	24	
----------------------------------------
22	25	23	25	
----------------------------------------
-1	-1	12	26	
----------------------------------------
-1	-1	23	27	
----------------------------------------
12	28	-1	-1	
----------------------------------------
12	29	22	29	
----------------------------------------
22	30	12	30	
----------------------------------------
-1	-1	12	31	
----------------------------------------
-1	-1	23	32	
----------------------------------------
22	33	12	33	
----------------------------------------
23	34	-1	-1	
----------------------------------------
22	35	23	35	
----------------------------------------

****************************************
Node 19 Forwarding Table:
-1	-1	14	0	
----------------------------------------
14	1	-1	-1	
----------------------------------------
15	2	14	2	
----------------------------------------
14	3	-1	-1	
----------------------------------------
15	4	-1	-1	
----------------------------------------
15	5	-1	-1	
----------------------------------------
14	6	15	6	
----------------------------------------
14	7	-1	-1	
----------------------------------------
15	8	14	8	
----------------------------------------
14	9	15	9	
----------------------------------------
-1	-1	14	10	
----------------------------------------
-1	-1	15	11	
----------------------------------------

****************************************
Node 20 Forwarding Table:
-1	-1	21	0	
----------------------------------------
-1	-1	16	1	
----------------------------------------
-1	-1	21	2	
----------------------------------------
21	3	22	3	
----------------------------------------
-1	-1	22	4	
----------------------------------------
22	5	-1	-1	
----------------------------------------
22	6	-1	-1	
----------------------------------------
22	7	-1	-1	
----------------------------------------
21	8	-1	-1	
----------------------------------------
16	9	21	9	
----------------------------------------
-1	-1	21	10	
----------------------------------------
-1	-1	22	11	
----------------------------------------
-1	-1	21	12	
----------------------------------------

****************************************
Node 21 Forwarding Table:
-1	-1	17	0	
----------------------------------------
13	1	-1	-1	
----------------------------------------
20	2	13	2	
----------------------------------------
-1	-1	17	3	
----------------------------------------
17	4	-1	-1	
----------------------------------------
17	5	-1	-1	
----------------------------------------
13	6	17	6	
----------------------------------------
17	7	-1	-1	
----------------------------------------
20	8	13	8	
----------------------------------------
-1	-1	13	9	
----------------------------------------
13	10	17	10	
----------------------------------------
17	11	13	11	
----------------------------------------
17	12	20	12	
----------------------------------------
17	13	13	13	
----------------------------------------
13	14	17	14	
----------------------------------------
13	15	20	15	
----------------------------------------
17	16	13	16	
----------------------------------------
20	17	17	17	
----------------------------------------
13	18	17	18	
----------------------------------------
13	19	17	19	
----------------------------------------
20	20	17	20	
----------------------------------------
-1	-1	17	21	
----------------------------------------
17	22	13	22	
----------------------------------------
13	23	17	23	
----------------------------------------
17	24	13	24	
----------------------------------------
13	25	-1	-1	
----------------------------------------
13	26	17	26	
----------------------------------------
20	27	13	27	
----------------------------------------

****************************************
Node 22 Forwarding Table:
-1	-1	18	0	
----------------------------------------
16	1	18	1	
----------------------------------------
-1	-1	16	2	
----------------------------------------
20	3	-1	-1	
----------------------------------------
20	4	18	4	
----------------------------------------
18	5	20	5	
----------------------------------------
-1	-1	16	6	
----------------------------------------
16	7	-1	-1	
----------------------------------------
16	8	-1	-1	
----------------------------------------
18	9	16	9	
----------------------------------------
18	10	-1	-1	
----------------------------------------
18	11	20	11	
----------------------------------------
16	12	18	12	
----------------------------------------
18	13	20	13	
----------------------------------------
16	14	18	14	
----------------------------------------
18	15	16	15	
----------------------------------------
16	16	18	16	
----------------------------------------
16	17	-1	-1	
----------------------------------------
18	18	-1	-1	
----------------------------------------
-1	-1	18	19	
----------------------------------------
20	20	18	20	
----------------------------------------
-1	-1	18	21	
----------------------------------------
16	22	-1	-1	
----------------------------------------

****************************************
Node 23 Forwarding Table:
18	0	14	0	
----------------------------------------
17	1	14	1	
----------------------------------------
14	2	18	2	
----------------------------------------
14	3	18	3	
----------------------------------------
18	4	14	4	
----------------------------------------
14	5	18	5	
----------------------------------------
14	6	17	6	
----------------------------------------
18	7	14	7	
----------------------------------------
14	8	18	8	
----------------------------------------
14	9	-1	-1	
----------------------------------------
14	10	-1	-1	
----------------------------------------
17	11	14	11	
----------------------------------------
17	12	-1	-1	
----------------------------------------
18	13	14	13	
----------------------------------------
-1	-1	17	14	
----------------------------------------
14	15	18	15	
----------------------------------------
18	16	-1	-1	
----------------------------------------
14	17	17	17	
----------------------------------------
14	18	18	18	
----------------------------------------
14	19	17	19	
----------------------------------------
14	20	-1	-1	
----------------------------------------
18	21	14	21	
----------------------------------------
17	22	14	22	
----------------------------------------
18	23	14	23	
----------------------------------------
-1	-1	14	24	
----------------------------------------
14	25	-1	-1	
----------------------------------------
17	26	14	26	
----------------------------------------
17	27	-1	-1	
----------------------------------------
18	28	14	28	
----------------------------------------
17	29	-1	-1	
----------------------------------------
-1	-1	14	30	
----------------------------------------
14	31	18	31	
----------------------------------------
18	32	14	32	
----------------------------------------

****************************************
