0	2	17
2->6->4->3->10->11->17
0,0,0,0,0,0,-1
13
----------------------------------------
1	3	7
3->4->6->2->7
1,1,1,1,-1
10
----------------------------------------
2	0	8
0->3->5->8
0,2,0,-1
11
----------------------------------------
3	10	2
10->3->0->1->2
1,3,1,0,-1
14
----------------------------------------
4	22	6
22->18->23->14->9->6
0,0,0,0,0,-1
15
----------------------------------------
5	21	9
21->17->23->14->9
0,1,1,1,-1
12
----------------------------------------
6	5	7
5->3->4->6->2->7
1,4,2,3,3,-1
14
----------------------------------------
7	18	8
18->12->8
1,0,-1
8
----------------------------------------
8	19	6
19->14->9->6
0,2,2,-1
11
----------------------------------------
9	11	2
11->5->3->4->6->2
1,2,5,3,5,-1
13
----------------------------------------
10	17	1
17->11->10->3->0->1
2,2,2,6,2,-1
14
----------------------------------------
11	3	19
3->4->6->9->14->19
7,4,6,3,3,-1
13
----------------------------------------
12	11	1
11->5->3->0->1
3,3,8,3,-1
14
----------------------------------------
13	17	8
17->12->8
3,1,-1
6
----------------------------------------
14	15	9
15->19->14->9
0,2,4,-1
11
----------------------------------------
15	4	12
4->3->10->11->17->12
5,9,3,4,4,-1
10
----------------------------------------
16	14	18
14->23->18
5,2,-1
4
----------------------------------------
17	16	4
16->13->15->7->2->6->4
0,0,1,2,5,7,-1
19
----------------------------------------
18	3	4
3->4
10,-1
1
----------------------------------------
19	2	21
2->7->15->13->21
6,3,2,1,-1
12
----------------------------------------
20	0	11
0->3->5->11
4,11,4,-1
10
----------------------------------------
21	10	18
10->11->17->12->18
4,6,5,3,-1
7
----------------------------------------
22	17	10
17->11->10
6,7,-1
3
----------------------------------------
23	18	17
18->12->17
4,4,-1
4
----------------------------------------
24	14	18
14->23->18
6,3,-1
4
----------------------------------------
25	11	17
11->17
8,-1
1
----------------------------------------
26	5	7
5->3->4->6->2->7
5,12,8,8,7,-1
14
----------------------------------------
27	20	2
20->21->13->15->7->2
0,2,2,3,5,-1
15
----------------------------------------
28	16	9
16->22->18->23->14->9
1,1,6,4,7,-1
15
----------------------------------------
29	21	12
21->17->12
3,9,-1
6
----------------------------------------
30	9	19
9->14->19
6,8,-1
6
----------------------------------------
31	20	16
20->16
1,-1
3
----------------------------------------
32	2	18
2->6->9->14->23->18
9,9,7,9,5,-1
16
----------------------------------------
33	2	19
2->7->15->19
10,6,4,-1
14
----------------------------------------
34	3	21
3->10->11->17->21
13,6,9,10,-1
13
----------------------------------------
35	17	18
17->12->18
11,6,-1
4
----------------------------------------
36	14	21
14->23->17->21
10,6,12,-1
8
----------------------------------------
37	15	17
15->13->21->17
5,3,6,-1
8
----------------------------------------
38	6	5
6->4->3->5
10,9,14,-1
6
----------------------------------------
39	17	21
17->21
14,-1
5
----------------------------------------
40	2	6
2->6
11,-1
3
----------------------------------------
41	20	1
20->21->13->15->7->1
2,8,4,6,7,-1
15
----------------------------------------
42	15	0
15->7->1->0
7,8,4,-1
13
----------------------------------------
43	0	4
0->4
6,-1
3
----------------------------------------
44	0	14
0->4->6->9->14
7,11,12,8,-1
13
----------------------------------------
45	1	0
1->0
5,-1
4
----------------------------------------
46	16	7
16->13->15->7
3,5,8,-1
10
----------------------------------------
47	5	11
5->11
7,-1
4
----------------------------------------
48	21	19
21->13->15->19
9,6,9,-1
8
----------------------------------------
49	22	1
22->16->13->15->7->1
2,4,7,10,10,-1
20
----------------------------------------
50	13	8
13->21->17->12->8
8,10,15,7,-1
13
----------------------------------------
51	5	4
5->3->4
8,15,-1
5
----------------------------------------
52	10	15
10->11->17->21->13->15
7,11,16,11,9,-1
11
----------------------------------------
53	1	6
1->2->6
7,12,-1
6
----------------------------------------
54	11	22
11->17->21->20->22
12,17,12,3,-1
14
----------------------------------------
55	14	13
14->19->15->13
12,6,12,-1
8
----------------------------------------
56	16	13
16->13
5,-1
5
----------------------------------------
57	6	13
6->2->7->15->13
14,13,11,13,-1
13
----------------------------------------
58	3	8
3->5->8
16,9,-1
9
----------------------------------------
59	11	17
11->5->8->12->17
13,10,5,8,-1
15
----------------------------------------
60	15	16
15->13->16
14,13,-1
6
----------------------------------------
61	20	9
20->22->18->23->14->9
4,4,9,7,13,-1
15
----------------------------------------
62	4	1
4->0->1
13,9,-1
7
----------------------------------------
63	3	12
3->5->8->12
17,11,6,-1
14
----------------------------------------
64	22	7
22->16->13->15->7
5,7,14,15,-1
15
----------------------------------------
65	1	5
1->0->3->5
9,10,18,-1
10
----------------------------------------
66	2	5
2->1->0->3->5
14,10,11,19,-1
13
----------------------------------------
67	8	23
8->9->14->23
7,10,14,-1
7
----------------------------------------
68	1	22
1->7->15->13->16->22
11,13,16,15,8,-1
20
----------------------------------------
69	11	23
11->5->8->9->14->23
14,14,8,11,15,-1
16
----------------------------------------
70	7	22
7->15->13->16->22
14,17,16,9,-1
15
----------------------------------------
71	12	14
12->17->23->14
10,19,10,-1
4
----------------------------------------
72	12	16
12->18->22->16
11,10,8,-1
10
----------------------------------------
73	17	3
17->11->10->3
20,15,8,-1
8
----------------------------------------
74	4	0
4->0
14,-1
3
----------------------------------------
75	6	2
6->2
15,-1
3
----------------------------------------
76	17	12
17->12
21,-1
1
----------------------------------------
77	5	23
5->8->9->14->23
15,9,12,17,-1
12
----------------------------------------
78	2	14
2->6->9->14
16,16,13,-1
12
----------------------------------------
79	8	12
8->12
10,-1
5
----------------------------------------
80	1	17
1->7->15->13->21->17
12,15,18,17,13,-1
17
----------------------------------------
81	1	10
1->0->3->5->11->10
13,13,21,16,16,-1
16
----------------------------------------
82	18	8
18->12->8
11,14,-1
8
----------------------------------------
83	18	19
18->23->14->19
12,12,19,-1
6
----------------------------------------
84	23	17
23->17
13,-1
2
----------------------------------------
85	2	6
2->1->0->4->6
17,14,14,15,-1
11
----------------------------------------
86	8	10
8->12->17->11->10
12,15,24,17,-1
9
----------------------------------------
87	1	12
1->0->3->10->11->17->12
15,15,22,11,18,25,-1
15
----------------------------------------
88	14	4
14->9->6->4
20,14,18,-1
10
----------------------------------------
89	8	18
8->12->18
13,17,-1
8
----------------------------------------
90	5	20
5->8->12->18->22->20
17,14,18,14,9,-1
20
----------------------------------------
91	9	0
9->6->4->0
15,19,17,-1
9
----------------------------------------
92	15	6
15->19->14->9->6
19,8,21,16,-1
16
----------------------------------------
93	17	10
17->11->10
26,19,-1
3
----------------------------------------
94	16	23
16->22->18->23
11,10,15,-1
10
----------------------------------------
95	18	10
18->12->17->11->10
16,19,27,20,-1
7
----------------------------------------
96	14	5
14->9->8->5
22,17,15,-1
11
----------------------------------------
97	6	20
6->9->14->23->18->22->20
21,18,23,15,17,11,-1
20
----------------------------------------
98	13	20
13->21->20
18,14,-1
5
----------------------------------------
99	18	13
18->12->17->21->13
18,20,28,15,-1
11
----------------------------------------
100	16	17
16->20->21->17
12,8,16,-1
11
----------------------------------------
101	13	5
13->15->19->14->9->8->5
20,20,9,24,19,16,-1
19
----------------------------------------
102	7	13
7->15->13
16,21,-1
5
----------------------------------------
103	10	11
10->11
14,-1
2
----------------------------------------
104	11	2
11->10->3->0->1->2
22,15,23,17,16,-1
16
----------------------------------------
105	18	12
18->12
19,-1
3
----------------------------------------
106	1	15
1->7->15
17,17,-1
9
----------------------------------------
107	14	17
14->23->17
25,16,-1
3
----------------------------------------
108	5	14
5->8->9->14
20,17,20,-1
11
----------------------------------------
109	9	10
9->6->4->3->10
21,22,18,24,-1
12
----------------------------------------
110	16	8
16->22->18->12->8
13,12,20,22,-1
15
----------------------------------------
111	5	16
5->8->12->18->22->16
21,19,23,21,13,-1
20
----------------------------------------
112	11	23
11->5->8->9->14->23
23,22,20,22,27,-1
16
----------------------------------------
113	16	6
16->13->15->7->2->6
15,22,23,18,19,-1
18
----------------------------------------
114	14	22
14->19->15->13->16->22
28,10,24,23,16,-1
18
----------------------------------------
115	18	12
18->12
22,-1
3
----------------------------------------
116	18	14
18->23->14
23,18,-1
4
----------------------------------------
117	13	17
13->21->17
24,17,-1
7
----------------------------------------
118	8	18
8->12->18
21,25,-1
8
----------------------------------------
119	1	6
1->0->4->6
18,18,19,-1
8
----------------------------------------
120	22	5
22->18->12->8->5
15,25,26,22,-1
15
----------------------------------------
121	18	12
18->12
26,-1
3
----------------------------------------
122	2	17
2->7->15->13->21->17
20,19,25,25,18,-1
17
----------------------------------------
123	12	4
12->8->9->6->4
28,23,23,25,-1
13
----------------------------------------
124	20	17
20->21->17
9,19,-1
8
----------------------------------------
125	2	7
2->1->7
21,19,-1
8
----------------------------------------
126	21	14
21->17->23->14
20,34,19,-1
8
----------------------------------------
127	12	23
12->17->23
29,35,-1
3
----------------------------------------
128	20	5
20->22->18->12->8->5
10,16,27,30,24,-1
20
----------------------------------------
129	12	15
12->17->21->13->15
31,36,21,26,-1
9
----------------------------------------
130	7	16
7->15->13->16
21,27,27,-1
10
----------------------------------------
131	19	2
19->15->7->2
11,28,22,-1
14
----------------------------------------
132	13	10
13->21->17->11->10
28,22,37,24,-1
10
----------------------------------------
133	12	7
12->17->21->13->15->7
32,38,23,29,29,-1
13
----------------------------------------
134	0	21
0->1->7->15->13->21
19,20,24,30,30,-1
16
----------------------------------------
135	23	9
23->17->12->8->9
21,39,33,25,-1
10
----------------------------------------
136	20	15
20->22->18->23->14->19->15
11,17,28,22,31,12,-1
18
----------------------------------------
137	2	7
2->1->7
23,21,-1
8
----------------------------------------
138	5	3
5->3
25,-1
4
----------------------------------------
139	16	22
16->22
18,-1
5
----------------------------------------
140	4	9
4->6->9
21,26,-1
6
----------------------------------------
141	4	0
4->0
22,-1
3
----------------------------------------
142	3	5
3->5
26,-1
4
----------------------------------------
