0	2	17
2->6->9->8->12->17
0,0,0,0,0,-1
5
----------------------------------------
1	3	7
3->0->1->7
0,0,0,-1
3
----------------------------------------
2	0	8
0->3->5->8
1,1,0,-1
3
----------------------------------------
3	10	2
10->3->4->6->2
0,2,0,1,-1
4
----------------------------------------
4	22	6
22->18->12->8->9->6
0,0,1,2,1,-1
5
----------------------------------------
5	21	9
21->17->12->8->9
0,1,2,3,-1
4
----------------------------------------
6	5	7
5->3->0->1->7
1,3,2,1,-1
4
----------------------------------------
7	18	8
18->12->8
1,3,-1
2
----------------------------------------
8	19	6
19->14->9->6
0,0,3,-1
3
----------------------------------------
9	11	2
11->5->3->4->6->2
0,2,4,1,4,-1
5
----------------------------------------
10	17	1
17->11->5->3->0->1
2,1,3,5,3,-1
5
----------------------------------------
11	3	19
3->4->6->9->14->19
6,2,5,4,1,-1
5
----------------------------------------
12	11	1
11->10->3->0->1
2,1,7,4,-1
4
----------------------------------------
13	17	8
17->12->8
3,4,-1
2
----------------------------------------
14	15	9
15->19->14->9
0,2,2,-1
3
----------------------------------------
15	4	12
4->3->10->11->17->12
3,8,2,3,4,-1
5
----------------------------------------
16	14	18
14->23->18
3,0,-1
2
----------------------------------------
17	16	4
16->13->15->7->1->0->4
0,0,1,2,4,5,-1
6
----------------------------------------
18	3	4
3->4
9,-1
1
----------------------------------------
19	2	21
2->7->15->13->21
3,3,2,1,-1
4
----------------------------------------
20	0	11
0->3->10->11
6,10,3,-1
3
----------------------------------------
21	10	18
10->11->17->12->18
4,5,5,6,-1
4
----------------------------------------
22	17	10
17->11->10
6,6,-1
2
----------------------------------------
23	18	17
18->12->17
4,7,-1
2
----------------------------------------
24	14	18
14->23->18
4,1,-1
2
----------------------------------------
25	11	17
11->17
7,-1
1
----------------------------------------
26	5	7
5->3->0->1->7
4,11,7,5,-1
4
----------------------------------------
27	20	2
20->16->13->15->7->2
0,1,2,3,5,-1
5
----------------------------------------
28	16	9
16->22->18->12->8->9
2,1,6,8,6,-1
5
----------------------------------------
29	21	12
21->17->12
2,9,-1
2
----------------------------------------
30	9	19
9->14->19
7,5,-1
2
----------------------------------------
31	20	16
20->16
1,-1
1
----------------------------------------
32	2	18
2->6->9->8->12->18
5,6,8,7,10,-1
5
----------------------------------------
33	2	19
2->7->15->19
6,6,4,-1
3
----------------------------------------
34	3	21
3->5->11->17->21
12,5,8,10,-1
4
----------------------------------------
35	17	18
17->12->18
11,11,-1
2
----------------------------------------
36	14	21
14->23->17->21
6,2,12,-1
3
----------------------------------------
37	15	17
15->13->21->17
5,3,5,-1
3
----------------------------------------
38	6	5
6->4->3->5
7,6,13,-1
3
----------------------------------------
39	17	21
17->21
14,-1
1
----------------------------------------
40	2	6
2->6
7,-1
1
----------------------------------------
41	20	1
20->16->13->15->7->1
2,4,4,6,7,-1
5
----------------------------------------
42	15	0
15->7->1->0
7,8,7,-1
3
----------------------------------------
43	0	4
0->4
9,-1
1
----------------------------------------
44	0	14
0->4->6->9->14
10,8,9,9,-1
4
----------------------------------------
45	1	0
1->0
8,-1
1
----------------------------------------
46	16	7
16->13->15->7
5,5,8,-1
3
----------------------------------------
47	5	11
5->11
7,-1
1
----------------------------------------
48	21	19
21->13->15->19
7,6,9,-1
3
----------------------------------------
49	22	1
22->16->13->15->7->1
2,6,7,10,10,-1
5
----------------------------------------
50	13	8
13->21->17->12->8
8,8,15,12,-1
4
----------------------------------------
51	5	4
5->3->4
8,14,-1
2
----------------------------------------
52	10	15
10->3->0->1->7->15
6,15,12,10,11,-1
5
----------------------------------------
53	1	6
1->2->6
11,8,-1
2
----------------------------------------
54	11	22
11->17->21->20->22
10,16,9,3,-1
4
----------------------------------------
55	14	13
14->19->15->13
8,6,12,-1
3
----------------------------------------
56	10	15
10->3->0->1->7->15
7,16,13,12,12,-1
5
----------------------------------------
57	16	13
16->13
7,-1
1
----------------------------------------
58	6	13
6->2->7->15->13
11,9,13,14,-1
4
----------------------------------------
59	3	8
3->5->8
17,9,-1
2
----------------------------------------
60	11	17
11->17
11,-1
1
----------------------------------------
61	15	16
15->13->16
15,12,-1
2
----------------------------------------
62	20	9
20->21->17->12->8->9
4,10,18,13,10,-1
5
----------------------------------------
63	10	14
10->11->17->23->14
8,12,19,3,-1
4
----------------------------------------
64	4	1
4->0->1
10,14,-1
2
----------------------------------------
65	3	12
3->5->8->12
18,10,11,-1
3
----------------------------------------
66	3	20
3->5->11->17->21->20
19,11,13,20,11,-1
5
----------------------------------------
67	22	7
22->16->13->15->7
4,9,13,16,-1
4
----------------------------------------
68	1	5
1->0->3->5
14,15,20,-1
3
----------------------------------------
69	2	5
2->1->0->3->5
10,15,16,21,-1
4
----------------------------------------
70	8	23
8->9->14->23
12,11,10,-1
3
----------------------------------------
71	1	22
1->7->15->13->16->22
16,15,17,14,10,-1
5
----------------------------------------
72	4	16
4->0->1->7->15->13->16
11,17,17,16,18,15,-1
6
----------------------------------------
73	11	23
11->5->8->9->14->23
14,14,13,12,11,-1
5
----------------------------------------
74	7	22
7->15->13->16->22
17,19,16,12,-1
4
----------------------------------------
75	12	14
12->8->9->14
15,14,13,-1
3
----------------------------------------
76	12	16
12->18->22->16
16,9,7,-1
3
----------------------------------------
77	17	3
17->11->5->3
21,15,15,-1
3
----------------------------------------
78	4	0
4->0
12,-1
1
----------------------------------------
79	11	6
11->5->3->4->6
16,16,23,13,-1
4
----------------------------------------
80	6	2
6->2
13,-1
1
----------------------------------------
81	17	12
17->12
22,-1
1
----------------------------------------
82	5	23
5->11->17->23
17,17,23,-1
3
----------------------------------------
83	2	14
2->6->9->14
12,14,14,-1
3
----------------------------------------
84	2	13
2->7->15->13
13,18,20,-1
3
----------------------------------------
85	8	12
8->12
15,-1
1
----------------------------------------
86	1	17
1->7->15->13->21->17
18,19,21,18,12,-1
5
----------------------------------------
87	1	10
1->0->3->5->11->10
19,19,24,18,18,-1
5
----------------------------------------
88	18	8
18->12->8
10,19,-1
2
----------------------------------------
89	18	19
18->23->14->19
11,7,14,-1
3
----------------------------------------
90	23	17
23->17
8,-1
1
----------------------------------------
91	3	14
3->4->6->9->14
25,14,15,15,-1
4
----------------------------------------
92	2	21
2->7->15->13->21
14,20,22,19,-1
4
----------------------------------------
93	3	23
3->4->6->9->14->23
26,15,16,16,16,-1
5
----------------------------------------
94	2	6
2->6
15,-1
1
----------------------------------------
95	8	10
8->5->3->10
17,19,27,-1
3
----------------------------------------
96	2	9
2->6->9
16,18,-1
2
----------------------------------------
97	2	22
2->7->15->13->16->22
17,21,23,20,14,-1
5
----------------------------------------
98	1	12
1->0->3->5->8->12
20,20,28,20,18,-1
5
----------------------------------------
99	4	22
4->3->5->8->12->18->22
16,29,21,19,21,12,-1
6
----------------------------------------
100	14	4
14->9->6->4
17,18,19,-1
3
----------------------------------------
101	3	13
3->0->1->7->15->13
30,21,21,22,24,-1
5
----------------------------------------
102	8	18
8->12->18
20,22,-1
2
----------------------------------------
103	5	20
5->8->12->18->22->20
22,21,23,14,10,-1
5
----------------------------------------
104	9	0
9->6->4->0
19,20,18,-1
3
----------------------------------------
105	15	6
15->7->2->6
25,23,18,-1
3
----------------------------------------
106	17	10
17->11->10
26,19,-1
2
----------------------------------------
107	16	23
16->22->18->23
15,11,15,-1
3
----------------------------------------
108	18	10
18->12->17->11->10
16,24,27,20,-1
4
----------------------------------------
109	14	5
14->9->8->5
18,20,22,-1
3
----------------------------------------
110	3	13
3->0->1->7->15->13
31,23,22,24,26,-1
5
----------------------------------------
111	6	20
6->2->7->15->13->16->20
22,19,25,27,23,16,-1
6
----------------------------------------
112	13	20
13->16->20
24,17,-1
2
----------------------------------------
113	18	1
18->23->14->9->6->2->1
17,11,19,21,23,20,-1
6
----------------------------------------
114	18	13
18->22->16->13
18,12,18,-1
3
----------------------------------------
115	4	16
4->0->1->7->15->13->16
19,24,24,26,28,26,-1
6
----------------------------------------
116	16	17
16->13->21->17
20,27,14,-1
3
----------------------------------------
117	13	5
13->21->17->11->5
28,15,29,21,-1
4
----------------------------------------
118	7	13
7->15->13
27,29,-1
2
----------------------------------------
119	10	11
10->11
13,-1
1
----------------------------------------
120	11	2
11->5->3->4->6->2
23,25,32,20,24,-1
5
----------------------------------------
121	18	12
18->12
19,-1
1
----------------------------------------
122	1	15
1->7->15
25,28,-1
2
----------------------------------------
123	14	17
14->23->17
20,12,-1
2
----------------------------------------
124	5	14
5->8->9->14
26,23,22,-1
3
----------------------------------------
125	9	10
9->6->4->3->10
23,25,21,33,-1
4
----------------------------------------
126	16	8
16->22->18->12->8
21,13,20,26,-1
4
----------------------------------------
127	5	16
5->8->12->18->22->16
27,25,27,21,14,-1
5
----------------------------------------
128	11	23
11->5->8->9->14->23
24,28,26,24,22,-1
5
----------------------------------------
129	16	6
16->13->15->7->2->6
23,30,31,29,22,-1
5
----------------------------------------
130	14	22
14->23->18->22
23,14,22,-1
3
----------------------------------------
131	18	12
18->12
23,-1
1
----------------------------------------
132	23	1
23->14->9->6->2->1
15,24,25,27,23,-1
5
----------------------------------------
133	17	0
17->11->5->3->0
31,25,29,34,-1
4
----------------------------------------
134	18	14
18->23->14
24,16,-1
2
----------------------------------------
135	13	17
13->21->17
31,16,-1
2
----------------------------------------
136	8	18
8->12->18
27,29,-1
2
----------------------------------------
137	19	6
19->14->9->6
8,26,26,-1
3
----------------------------------------
138	11	22
11->5->8->12->18->22
26,30,28,30,26,-1
5
----------------------------------------
139	1	6
1->0->4->6
27,26,22,-1
3
----------------------------------------
140	22	5
22->18->12->8->5
17,27,31,29,-1
4
----------------------------------------
141	18	12
18->12
28,-1
1
----------------------------------------
142	23	4
23->14->9->6->4
17,27,27,30,-1
4
----------------------------------------
143	2	17
2->7->15->13->21->17
24,30,32,32,17,-1
5
----------------------------------------
144	12	4
12->8->5->3->0->4
33,30,32,35,27,-1
5
----------------------------------------
145	20	17
20->21->17
9,18,-1
2
----------------------------------------
146	2	7
2->1->7
25,28,-1
2
----------------------------------------
147	14	23
14->23
28,-1
1
----------------------------------------
148	21	14
21->17->23->14
19,35,19,-1
3
----------------------------------------
149	9	23
9->14->23
28,30,-1
2
----------------------------------------
150	12	23
12->17->23
34,36,-1
2
----------------------------------------
151	20	5
20->21->17->11->5
10,20,37,27,-1
4
----------------------------------------
152	12	15
12->17->21->13->15
35,38,21,33,-1
4
----------------------------------------
153	11	12
11->5->8->12
28,34,31,-1
3
----------------------------------------
154	15	9
15->19->14->9
34,9,31,-1
3
----------------------------------------
155	1	10
1->0->3->5->11->10
29,28,36,35,29,-1
5
----------------------------------------
156	7	11
7->1->0->3->5->11
32,30,29,37,36,-1
5
----------------------------------------
157	19	3
19->14->9->6->4->3
10,32,30,31,25,-1
5
----------------------------------------
158	19	2
19->15->7->2
11,35,33,-1
3
----------------------------------------
159	13	10
13->15->7->1->0->3->10
34,36,34,31,30,39,-1
6
----------------------------------------
160	12	7
12->17->21->13->15->7
37,39,22,35,37,-1
5
----------------------------------------
161	16	1
16->13->15->7->1
24,36,38,36,-1
4
----------------------------------------
162	13	17
13->16->22->18->12->17
37,25,18,29,38,-1
5
----------------------------------------
163	15	0
15->19->14->9->6->4->0
39,12,33,31,32,26,-1
6
----------------------------------------
164	23	9
23->14->9
22,34,-1
2
----------------------------------------
165	10	18
10->3->4->6->9->14->23->18
17,40,27,33,33,35,23,-1
7
----------------------------------------
166	20	15
20->16->13->15
11,26,38,-1
3
----------------------------------------
167	2	7
2->1->7
27,33,-1
2
----------------------------------------
168	5	3
5->3
37,-1
1
----------------------------------------
169	15	0
15->19->14->9->6->4->0
41,13,36,34,34,28,-1
6
----------------------------------------
170	22	14
22->18->23->14
19,31,24,-1
3
----------------------------------------
171	16	22
16->22
27,-1
1
----------------------------------------
172	4	9
4->6->9
29,35,-1
2
----------------------------------------
173	4	0
4->0
30,-1
1
----------------------------------------
174	3	5
3->5
42,-1
1
----------------------------------------
175	1	13
1->7->15->13
34,38,42,-1
3
----------------------------------------
176	14	4
14->9->6->4
38,36,36,-1
3
----------------------------------------
