Node 0 Forwarding Table:
3	0	1	0	
----------------------------------------
-1	-1	3	1	
----------------------------------------
3	2	1	2	
----------------------------------------
3	3	1	3	
----------------------------------------
3	4	1	4	
----------------------------------------
1	5	4	5	
----------------------------------------
-1	-1	3	6	
----------------------------------------
3	7	1	7	
----------------------------------------
1	8	-1	-1	
----------------------------------------
-1	-1	4	9	
----------------------------------------
-1	-1	4	10	
----------------------------------------
1	11	-1	-1	
----------------------------------------
3	12	1	12	
----------------------------------------
3	13	1	13	
----------------------------------------
4	14	1	14	
----------------------------------------
1	15	3	15	
----------------------------------------
1	16	3	16	
----------------------------------------
4	17	1	17	
----------------------------------------
4	18	-1	-1	
----------------------------------------
1	19	3	19	
----------------------------------------
1	20	3	20	
----------------------------------------
3	21	1	21	
----------------------------------------
4	22	-1	-1	
----------------------------------------
3	23	1	23	
----------------------------------------
4	24	1	24	
----------------------------------------
3	25	-1	-1	
----------------------------------------
1	26	4	26	
----------------------------------------
3	27	4	27	
----------------------------------------
1	28	3	28	
----------------------------------------
1	29	3	29	
----------------------------------------
1	30	3	30	
----------------------------------------
4	31	-1	-1	
----------------------------------------
4	32	-1	-1	
----------------------------------------
4	33	-1	-1	
----------------------------------------

****************************************
Node 1 Forwarding Table:
0	0	7	0	
----------------------------------------
0	1	7	1	
----------------------------------------
0	2	-1	-1	
----------------------------------------
0	3	-1	-1	
----------------------------------------
7	4	0	4	
----------------------------------------
0	5	7	5	
----------------------------------------
7	6	-1	-1	
----------------------------------------
7	7	0	7	
----------------------------------------
-1	-1	0	8	
----------------------------------------
7	9	-1	-1	
----------------------------------------
0	10	7	10	
----------------------------------------
-1	-1	2	11	
----------------------------------------
0	12	7	12	
----------------------------------------
0	13	-1	-1	
----------------------------------------
-1	-1	0	14	
----------------------------------------
2	15	0	15	
----------------------------------------
-1	-1	7	16	
----------------------------------------
0	17	7	17	
----------------------------------------
-1	-1	7	18	
----------------------------------------
-1	-1	0	19	
----------------------------------------
-1	-1	0	20	
----------------------------------------
0	21	7	21	
----------------------------------------
0	22	7	22	
----------------------------------------
2	23	-1	-1	
----------------------------------------
0	24	7	24	
----------------------------------------
-1	-1	7	25	
----------------------------------------
2	26	-1	-1	
----------------------------------------
-1	-1	0	27	
----------------------------------------
2	28	7	28	
----------------------------------------
-1	-1	0	29	
----------------------------------------
7	30	0	30	
----------------------------------------
7	31	0	31	
----------------------------------------
7	32	-1	-1	
----------------------------------------
2	33	7	33	
----------------------------------------
-1	-1	7	34	
----------------------------------------

****************************************
Node 2 Forwarding Table:
-1	-1	6	0	
----------------------------------------
6	1	-1	-1	
----------------------------------------
6	2	-1	-1	
----------------------------------------
-1	-1	7	3	
----------------------------------------
7	4	-1	-1	
----------------------------------------
-1	-1	6	5	
----------------------------------------
-1	-1	7	6	
----------------------------------------
-1	-1	6	7	
----------------------------------------
1	8	6	8	
----------------------------------------
6	9	7	9	
----------------------------------------
-1	-1	1	10	
----------------------------------------
6	11	-1	-1	
----------------------------------------
-1	-1	6	12	
----------------------------------------
-1	-1	7	13	
----------------------------------------
-1	-1	7	14	
----------------------------------------
-1	-1	6	15	
----------------------------------------
-1	-1	6	16	
----------------------------------------
-1	-1	7	17	
----------------------------------------
7	18	6	18	
----------------------------------------
6	19	7	19	
----------------------------------------
6	20	1	20	
----------------------------------------
6	21	-1	-1	
----------------------------------------
7	22	6	22	
----------------------------------------
6	23	1	23	
----------------------------------------
-1	-1	7	24	
----------------------------------------
-1	-1	1	25	
----------------------------------------
7	26	-1	-1	
----------------------------------------
-1	-1	1	27	
----------------------------------------

****************************************
Node 3 Forwarding Table:
-1	-1	0	0	
----------------------------------------
0	1	5	1	
----------------------------------------
10	2	4	2	
----------------------------------------
5	3	0	3	
----------------------------------------
5	4	4	4	
----------------------------------------
5	5	0	5	
----------------------------------------
-1	-1	4	6	
----------------------------------------
10	7	0	7	
----------------------------------------
4	8	10	8	
----------------------------------------
-1	-1	4	9	
----------------------------------------
0	10	10	10	
----------------------------------------
5	11	0	11	
----------------------------------------
-1	-1	5	12	
----------------------------------------
4	13	5	13	
----------------------------------------
5	14	4	14	
----------------------------------------
10	15	0	15	
----------------------------------------
10	16	0	16	
----------------------------------------
-1	-1	5	17	
----------------------------------------
-1	-1	5	18	
----------------------------------------
-1	-1	5	19	
----------------------------------------
0	20	5	20	
----------------------------------------
0	21	5	21	
----------------------------------------
5	22	-1	-1	
----------------------------------------
5	23	4	23	
----------------------------------------
0	24	5	24	
----------------------------------------
-1	-1	4	25	
----------------------------------------
-1	-1	4	26	
----------------------------------------
5	27	10	27	
----------------------------------------
0	28	5	28	
----------------------------------------
4	29	5	29	
----------------------------------------
-1	-1	0	30	
----------------------------------------
-1	-1	0	31	
----------------------------------------
5	32	4	32	
----------------------------------------
4	33	10	33	
----------------------------------------
5	34	0	34	
----------------------------------------
5	35	0	35	
----------------------------------------
0	36	5	36	
----------------------------------------
0	37	5	37	
----------------------------------------
4	38	-1	-1	
----------------------------------------
0	39	10	39	
----------------------------------------
10	40	4	40	
----------------------------------------
5	41	-1	-1	
----------------------------------------
-1	-1	5	42	
----------------------------------------

****************************************
Node 4 Forwarding Table:
3	0	6	0	
----------------------------------------
3	1	6	1	
----------------------------------------
3	2	6	2	
----------------------------------------
-1	-1	3	3	
----------------------------------------
0	4	-1	-1	
----------------------------------------
3	5	-1	-1	
----------------------------------------
6	6	3	6	
----------------------------------------
0	7	-1	-1	
----------------------------------------
0	8	6	8	
----------------------------------------
3	9	-1	-1	
----------------------------------------
-1	-1	0	10	
----------------------------------------
-1	-1	0	11	
----------------------------------------
-1	-1	0	12	
----------------------------------------
3	13	6	13	
----------------------------------------
3	14	6	14	
----------------------------------------
3	15	6	15	
----------------------------------------
-1	-1	3	16	
----------------------------------------
6	17	-1	-1	
----------------------------------------
6	18	0	18	
----------------------------------------
-1	-1	0	19	
----------------------------------------
3	20	6	20	
----------------------------------------
6	21	3	21	
----------------------------------------
0	22	6	22	
----------------------------------------
6	23	-1	-1	
----------------------------------------
0	24	-1	-1	
----------------------------------------
6	25	3	25	
----------------------------------------
6	26	0	26	
----------------------------------------
3	27	6	27	
----------------------------------------
6	28	0	28	
----------------------------------------
-1	-1	6	29	
----------------------------------------
-1	-1	0	30	
----------------------------------------
6	31	-1	-1	
----------------------------------------

****************************************
Node 5 Forwarding Table:
3	0	8	0	
----------------------------------------
-1	-1	3	1	
----------------------------------------
11	2	3	2	
----------------------------------------
11	3	3	3	
----------------------------------------
-1	-1	3	4	
----------------------------------------
3	5	11	5	
----------------------------------------
3	6	-1	-1	
----------------------------------------
-1	-1	11	7	
----------------------------------------
-1	-1	3	8	
----------------------------------------
3	9	8	9	
----------------------------------------
3	10	8	10	
----------------------------------------
3	11	11	11	
----------------------------------------
3	12	-1	-1	
----------------------------------------
3	13	-1	-1	
----------------------------------------
11	14	8	14	
----------------------------------------
11	15	3	15	
----------------------------------------
11	16	3	16	
----------------------------------------
-1	-1	11	17	
----------------------------------------
3	18	11	18	
----------------------------------------
8	19	3	19	
----------------------------------------
3	20	8	20	
----------------------------------------
3	21	8	21	
----------------------------------------
-1	-1	8	22	
----------------------------------------
8	23	-1	-1	
----------------------------------------
11	24	-1	-1	
----------------------------------------
11	25	3	25	
----------------------------------------
-1	-1	8	26	
----------------------------------------
-1	-1	8	27	
----------------------------------------
11	28	8	28	
----------------------------------------
11	29	3	29	
----------------------------------------
11	30	8	30	
----------------------------------------
8	31	-1	-1	
----------------------------------------
8	32	3	32	
----------------------------------------
11	33	-1	-1	
----------------------------------------
11	34	8	34	
----------------------------------------
3	35	11	35	
----------------------------------------
3	36	11	36	
----------------------------------------
-1	-1	3	37	
----------------------------------------
3	38	-1	-1	
----------------------------------------

****************************************
Node 6 Forwarding Table:
2	0	9	0	
----------------------------------------
4	1	2	1	
----------------------------------------
9	2	-1	-1	
----------------------------------------
9	3	-1	-1	
----------------------------------------
4	4	2	4	
----------------------------------------
4	5	9	5	
----------------------------------------
2	6	9	6	
----------------------------------------
-1	-1	4	7	
----------------------------------------
2	8	-1	-1	
----------------------------------------
4	9	9	9	
----------------------------------------
2	10	-1	-1	
----------------------------------------
-1	-1	2	11	
----------------------------------------
4	12	-1	-1	
----------------------------------------
-1	-1	2	13	
----------------------------------------
2	14	9	14	
----------------------------------------
4	15	9	15	
----------------------------------------
4	16	9	16	
----------------------------------------
2	17	-1	-1	
----------------------------------------
2	18	9	18	
----------------------------------------
9	19	4	19	
----------------------------------------
9	20	4	20	
----------------------------------------
2	21	-1	-1	
----------------------------------------
-1	-1	2	22	
----------------------------------------
9	23	2	23	
----------------------------------------
4	24	2	24	
----------------------------------------
9	25	4	25	
----------------------------------------
2	26	-1	-1	
----------------------------------------
9	27	2	27	
----------------------------------------
9	28	-1	-1	
----------------------------------------
4	29	-1	-1	
----------------------------------------
9	30	4	30	
----------------------------------------
9	31	4	31	
----------------------------------------
9	32	4	32	
----------------------------------------
4	33	9	33	
----------------------------------------
9	34	4	34	
----------------------------------------
4	35	9	35	
----------------------------------------
9	36	4	36	
----------------------------------------

****************************************
Node 7 Forwarding Table:
1	0	-1	-1	
----------------------------------------
1	1	-1	-1	
----------------------------------------
15	2	1	2	
----------------------------------------
2	3	15	3	
----------------------------------------
1	4	-1	-1	
----------------------------------------
15	5	2	5	
----------------------------------------
2	6	15	6	
----------------------------------------
15	7	1	7	
----------------------------------------
15	8	1	8	
----------------------------------------
15	9	-1	-1	
----------------------------------------
15	10	1	10	
----------------------------------------
1	11	15	11	
----------------------------------------
1	12	15	12	
----------------------------------------
2	13	15	13	
----------------------------------------
15	14	-1	-1	
----------------------------------------
1	15	15	15	
----------------------------------------
1	16	15	16	
----------------------------------------
-1	-1	15	17	
----------------------------------------
2	18	15	18	
----------------------------------------
1	19	15	19	
----------------------------------------
2	20	15	20	
----------------------------------------
2	21	15	21	
----------------------------------------
1	22	15	22	
----------------------------------------
15	23	2	23	
----------------------------------------
1	24	15	24	
----------------------------------------
2	25	15	25	
----------------------------------------
1	26	15	26	
----------------------------------------
-1	-1	15	27	
----------------------------------------
1	28	15	28	
----------------------------------------
15	29	2	29	
----------------------------------------
2	30	15	30	
----------------------------------------
1	31	-1	-1	
----------------------------------------
-1	-1	1	32	
----------------------------------------
15	33	2	33	
----------------------------------------
15	34	1	34	
----------------------------------------
15	35	-1	-1	
----------------------------------------
15	36	1	36	
----------------------------------------
1	37	-1	-1	
----------------------------------------
1	38	15	38	
----------------------------------------

****************************************
Node 8 Forwarding Table:
9	0	12	0	
----------------------------------------
5	1	-1	-1	
----------------------------------------
12	2	9	2	
----------------------------------------
12	3	9	3	
----------------------------------------
12	4	-1	-1	
----------------------------------------
12	5	-1	-1	
----------------------------------------
12	6	9	6	
----------------------------------------
9	7	12	7	
----------------------------------------
12	8	-1	-1	
----------------------------------------
5	9	-1	-1	
----------------------------------------
12	10	9	10	
----------------------------------------
5	11	12	11	
----------------------------------------
-1	-1	9	12	
----------------------------------------
5	13	9	13	
----------------------------------------
12	14	9	14	
----------------------------------------
-1	-1	12	15	
----------------------------------------
12	16	-1	-1	
----------------------------------------
-1	-1	5	17	
----------------------------------------
5	18	12	18	
----------------------------------------
5	19	12	19	
----------------------------------------
-1	-1	12	20	
----------------------------------------
5	21	12	21	
----------------------------------------
9	22	5	22	
----------------------------------------
5	23	9	23	
----------------------------------------
12	24	-1	-1	
----------------------------------------
5	25	12	25	
----------------------------------------
5	26	9	26	
----------------------------------------
-1	-1	12	27	
----------------------------------------
5	28	12	28	
----------------------------------------
12	29	5	29	
----------------------------------------
12	30	5	30	
----------------------------------------
5	31	12	31	
----------------------------------------

****************************************
Node 9 Forwarding Table:
6	0	8	0	
----------------------------------------
8	1	6	1	
----------------------------------------
8	2	-1	-1	
----------------------------------------
14	3	6	3	
----------------------------------------
6	4	14	4	
----------------------------------------
14	5	-1	-1	
----------------------------------------
8	6	-1	-1	
----------------------------------------
-1	-1	14	7	
----------------------------------------
6	8	8	8	
----------------------------------------
6	9	14	9	
----------------------------------------
8	10	-1	-1	
----------------------------------------
8	11	14	11	
----------------------------------------
8	12	14	12	
----------------------------------------
8	13	14	13	
----------------------------------------
6	14	14	14	
----------------------------------------
6	15	14	15	
----------------------------------------
6	16	14	16	
----------------------------------------
6	17	-1	-1	
----------------------------------------
14	18	6	18	
----------------------------------------
-1	-1	6	19	
----------------------------------------
14	20	8	20	
----------------------------------------
14	21	6	21	
----------------------------------------
8	22	14	22	
----------------------------------------
-1	-1	6	23	
----------------------------------------
8	24	14	24	
----------------------------------------
14	25	6	25	
----------------------------------------
14	26	6	26	
----------------------------------------
14	27	6	27	
----------------------------------------
-1	-1	14	28	
----------------------------------------
14	29	-1	-1	
----------------------------------------
14	30	6	30	
----------------------------------------
14	31	6	31	
----------------------------------------
14	32	-1	-1	
----------------------------------------
6	33	14	33	
----------------------------------------
14	34	6	34	
----------------------------------------
6	35	-1	-1	
----------------------------------------
14	36	6	36	
----------------------------------------

****************************************
Node 10 Forwarding Table:
-1	-1	3	0	
----------------------------------------
11	1	3	1	
----------------------------------------
3	2	11	2	
----------------------------------------
3	3	11	3	
----------------------------------------
-1	-1	11	4	
----------------------------------------
11	5	-1	-1	
----------------------------------------
-1	-1	3	6	
----------------------------------------
-1	-1	3	7	
----------------------------------------
-1	-1	11	8	
----------------------------------------
11	9	-1	-1	
----------------------------------------
3	10	-1	-1	
----------------------------------------
11	11	-1	-1	
----------------------------------------
11	12	-1	-1	
----------------------------------------
-1	-1	11	13	
----------------------------------------
3	14	-1	-1	
----------------------------------------
11	15	-1	-1	
----------------------------------------
3	16	-1	-1	
----------------------------------------
-1	-1	3	17	
----------------------------------------

****************************************
Node 11 Forwarding Table:
-1	-1	5	0	
----------------------------------------
17	1	5	1	
----------------------------------------
-1	-1	10	2	
----------------------------------------
10	3	17	3	
----------------------------------------
10	4	-1	-1	
----------------------------------------
10	5	17	5	
----------------------------------------
17	6	10	6	
----------------------------------------
-1	-1	17	7	
----------------------------------------
5	8	17	8	
----------------------------------------
5	9	-1	-1	
----------------------------------------
-1	-1	17	10	
----------------------------------------
-1	-1	17	11	
----------------------------------------
10	12	17	12	
----------------------------------------
5	13	17	13	
----------------------------------------
-1	-1	5	14	
----------------------------------------
17	15	5	15	
----------------------------------------
-1	-1	5	16	
----------------------------------------
5	17	17	17	
----------------------------------------
5	18	10	18	
----------------------------------------
17	19	10	19	
----------------------------------------
17	20	10	20	
----------------------------------------
17	21	5	21	
----------------------------------------
10	22	-1	-1	
----------------------------------------
-1	-1	5	23	
----------------------------------------
-1	-1	5	24	
----------------------------------------
17	25	5	25	
----------------------------------------
-1	-1	5	26	
----------------------------------------
17	27	5	27	
----------------------------------------
-1	-1	5	28	
----------------------------------------
5	29	10	29	
----------------------------------------
5	30	-1	-1	
----------------------------------------

****************************************
Node 12 Forwarding Table:
8	0	17	0	
----------------------------------------
18	1	8	1	
----------------------------------------
17	2	8	2	
----------------------------------------
18	3	8	3	
----------------------------------------
17	4	8	4	
----------------------------------------
17	5	-1	-1	
----------------------------------------
17	6	18	6	
----------------------------------------
18	7	17	7	
----------------------------------------
18	8	8	8	
----------------------------------------
17	9	-1	-1	
----------------------------------------
8	10	18	10	
----------------------------------------
17	11	18	11	
----------------------------------------
17	12	8	12	
----------------------------------------
17	13	8	13	
----------------------------------------
8	14	-1	-1	
----------------------------------------
-1	-1	8	15	
----------------------------------------
-1	-1	18	16	
----------------------------------------
17	17	-1	-1	
----------------------------------------
8	18	-1	-1	
----------------------------------------
18	19	8	19	
----------------------------------------
8	20	-1	-1	
----------------------------------------
8	21	18	21	
----------------------------------------
8	22	18	22	
----------------------------------------
8	23	18	23	
----------------------------------------
18	24	17	24	
----------------------------------------
18	25	-1	-1	
----------------------------------------
18	26	8	26	
----------------------------------------
8	27	18	27	
----------------------------------------
18	28	-1	-1	
----------------------------------------
8	29	18	29	
----------------------------------------
8	30	18	30	
----------------------------------------
18	31	8	31	
----------------------------------------
18	32	-1	-1	
----------------------------------------
-1	-1	8	33	
----------------------------------------
-1	-1	17	34	
----------------------------------------
-1	-1	17	35	
----------------------------------------
8	36	-1	-1	
----------------------------------------
-1	-1	17	37	
----------------------------------------
18	38	17	38	
----------------------------------------

****************************************
Node 13 Forwarding Table:
16	0	15	0	
----------------------------------------
15	1	21	1	
----------------------------------------
16	2	15	2	
----------------------------------------
15	3	21	3	
----------------------------------------
16	4	15	4	
----------------------------------------
16	5	15	5	
----------------------------------------
21	6	15	6	
----------------------------------------
16	7	15	7	
----------------------------------------
-1	-1	21	8	
----------------------------------------
15	9	-1	-1	
----------------------------------------
16	10	-1	-1	
----------------------------------------
15	11	-1	-1	
----------------------------------------
15	12	16	12	
----------------------------------------
16	13	15	13	
----------------------------------------
15	14	16	14	
----------------------------------------
15	15	16	15	
----------------------------------------
15	16	16	16	
----------------------------------------
15	17	-1	-1	
----------------------------------------
15	18	21	18	
----------------------------------------
15	19	21	19	
----------------------------------------
15	20	16	20	
----------------------------------------
15	21	-1	-1	
----------------------------------------
15	22	-1	-1	
----------------------------------------
15	23	16	23	
----------------------------------------
-1	-1	16	24	
----------------------------------------
16	25	-1	-1	
----------------------------------------
15	26	16	26	
----------------------------------------
16	27	21	27	
----------------------------------------
-1	-1	21	28	
----------------------------------------
15	29	-1	-1	
----------------------------------------
16	30	15	30	
----------------------------------------
-1	-1	21	31	
----------------------------------------
15	32	21	32	
----------------------------------------
21	33	15	33	
----------------------------------------
-1	-1	15	34	
----------------------------------------
21	35	15	35	
----------------------------------------
16	36	15	36	
----------------------------------------
-1	-1	16	37	
----------------------------------------
16	38	15	38	
----------------------------------------
15	39	-1	-1	
----------------------------------------

****************************************
Node 14 Forwarding Table:
19	0	9	0	
----------------------------------------
9	1	19	1	
----------------------------------------
19	2	9	2	
----------------------------------------
-1	-1	23	3	
----------------------------------------
-1	-1	23	4	
----------------------------------------
9	5	19	5	
----------------------------------------
-1	-1	23	6	
----------------------------------------
9	7	-1	-1	
----------------------------------------
-1	-1	19	8	
----------------------------------------
23	9	-1	-1	
----------------------------------------
9	10	23	10	
----------------------------------------
9	11	23	11	
----------------------------------------
9	12	-1	-1	
----------------------------------------
9	13	-1	-1	
----------------------------------------
23	14	19	14	
----------------------------------------
9	15	-1	-1	
----------------------------------------
9	16	23	16	
----------------------------------------
-1	-1	9	17	
----------------------------------------
-1	-1	9	18	
----------------------------------------
23	19	9	19	
----------------------------------------
-1	-1	23	20	
----------------------------------------
9	21	-1	-1	
----------------------------------------
9	22	23	22	
----------------------------------------
-1	-1	23	23	
----------------------------------------
23	24	9	24	
----------------------------------------
23	25	-1	-1	
----------------------------------------
19	26	9	26	
----------------------------------------
23	27	9	27	
----------------------------------------
-1	-1	23	28	
----------------------------------------
23	29	-1	-1	
----------------------------------------
9	30	23	30	
----------------------------------------
19	31	9	31	
----------------------------------------
19	32	9	32	
----------------------------------------
19	33	9	33	
----------------------------------------
23	34	9	34	
----------------------------------------
9	35	23	35	
----------------------------------------
19	36	9	36	
----------------------------------------
23	37	-1	-1	
----------------------------------------
-1	-1	9	38	
----------------------------------------

****************************************
Node 15 Forwarding Table:
-1	-1	19	0	
----------------------------------------
13	1	7	1	
----------------------------------------
7	2	13	2	
----------------------------------------
13	3	7	3	
----------------------------------------
7	4	19	4	
----------------------------------------
-1	-1	13	5	
----------------------------------------
13	6	7	6	
----------------------------------------
-1	-1	7	7	
----------------------------------------
13	8	7	8	
----------------------------------------
13	9	19	9	
----------------------------------------
13	10	7	10	
----------------------------------------
7	11	-1	-1	
----------------------------------------
19	12	13	12	
----------------------------------------
7	13	-1	-1	
----------------------------------------
7	14	13	14	
----------------------------------------
-1	-1	13	15	
----------------------------------------
13	16	7	16	
----------------------------------------
7	17	13	17	
----------------------------------------
7	18	13	18	
----------------------------------------
7	19	13	19	
----------------------------------------
7	20	13	20	
----------------------------------------
7	21	13	21	
----------------------------------------
7	22	13	22	
----------------------------------------
7	23	13	23	
----------------------------------------
7	24	13	24	
----------------------------------------
-1	-1	7	25	
----------------------------------------
7	26	13	26	
----------------------------------------
7	27	13	27	
----------------------------------------
7	28	13	28	
----------------------------------------
7	29	13	29	
----------------------------------------
7	30	-1	-1	
----------------------------------------
13	31	7	31	
----------------------------------------
7	32	13	32	
----------------------------------------
13	33	-1	-1	
----------------------------------------
-1	-1	19	34	
----------------------------------------
19	35	7	35	
----------------------------------------
13	36	7	36	
----------------------------------------
13	37	7	37	
----------------------------------------
13	38	7	38	
----------------------------------------
-1	-1	19	39	
----------------------------------------
13	40	-1	-1	
----------------------------------------
-1	-1	19	41	
----------------------------------------
7	42	13	42	
----------------------------------------

****************************************
Node 16 Forwarding Table:
-1	-1	13	0	
----------------------------------------
20	1	13	1	
----------------------------------------
-1	-1	22	2	
----------------------------------------
20	3	-1	-1	
----------------------------------------
20	4	13	4	
----------------------------------------
-1	-1	13	5	
----------------------------------------
22	6	13	6	
----------------------------------------
-1	-1	13	7	
----------------------------------------
13	8	-1	-1	
----------------------------------------
22	9	13	9	
----------------------------------------
13	10	22	10	
----------------------------------------
13	11	-1	-1	
----------------------------------------
13	12	22	12	
----------------------------------------
22	13	-1	-1	
----------------------------------------
13	14	22	14	
----------------------------------------
-1	-1	22	15	
----------------------------------------
13	16	20	16	
----------------------------------------
13	17	20	17	
----------------------------------------
22	18	13	18	
----------------------------------------
13	19	-1	-1	
----------------------------------------
-1	-1	13	20	
----------------------------------------
-1	-1	22	21	
----------------------------------------
22	22	-1	-1	
----------------------------------------
-1	-1	13	23	
----------------------------------------
-1	-1	13	24	
----------------------------------------
13	25	22	25	
----------------------------------------
20	26	13	26	
----------------------------------------
-1	-1	22	27	
----------------------------------------

****************************************
Node 17 Forwarding Table:
12	0	-1	-1	
----------------------------------------
21	1	12	1	
----------------------------------------
-1	-1	11	2	
----------------------------------------
-1	-1	12	3	
----------------------------------------
11	4	12	4	
----------------------------------------
11	5	12	5	
----------------------------------------
-1	-1	11	6	
----------------------------------------
12	7	-1	-1	
----------------------------------------
11	8	-1	-1	
----------------------------------------
21	9	12	9	
----------------------------------------
11	10	21	10	
----------------------------------------
-1	-1	12	11	
----------------------------------------
23	12	21	12	
----------------------------------------
21	13	-1	-1	
----------------------------------------
-1	-1	21	14	
----------------------------------------
21	15	12	15	
----------------------------------------
11	16	21	16	
----------------------------------------
11	17	-1	-1	
----------------------------------------
21	18	12	18	
----------------------------------------
11	19	23	19	
----------------------------------------
11	20	21	20	
----------------------------------------
-1	-1	11	21	
----------------------------------------
-1	-1	12	22	
----------------------------------------
11	23	23	23	
----------------------------------------
21	24	-1	-1	
----------------------------------------
23	25	-1	-1	
----------------------------------------
-1	-1	11	26	
----------------------------------------
12	27	11	27	
----------------------------------------
21	28	-1	-1	
----------------------------------------
21	29	11	29	
----------------------------------------
23	30	-1	-1	
----------------------------------------
-1	-1	11	31	
----------------------------------------
21	32	-1	-1	
----------------------------------------
21	33	-1	-1	
----------------------------------------
21	34	-1	-1	
----------------------------------------
21	35	23	35	
----------------------------------------
12	36	23	36	
----------------------------------------
21	37	11	37	
----------------------------------------
12	38	21	38	
----------------------------------------
12	39	21	39	
----------------------------------------
12	40	-1	-1	
----------------------------------------

****************************************
Node 18 Forwarding Table:
22	0	12	0	
----------------------------------------
-1	-1	12	1	
----------------------------------------
23	2	-1	-1	
----------------------------------------
12	3	-1	-1	
----------------------------------------
-1	-1	12	4	
----------------------------------------
23	5	-1	-1	
----------------------------------------
22	6	12	6	
----------------------------------------
12	7	-1	-1	
----------------------------------------
12	8	-1	-1	
----------------------------------------
12	9	22	9	
----------------------------------------
-1	-1	12	10	
----------------------------------------
-1	-1	23	11	
----------------------------------------
12	12	22	12	
----------------------------------------
12	13	-1	-1	
----------------------------------------
12	14	22	14	
----------------------------------------
22	15	23	15	
----------------------------------------
-1	-1	12	16	
----------------------------------------
-1	-1	23	17	
----------------------------------------
-1	-1	22	18	
----------------------------------------
-1	-1	12	19	
----------------------------------------
22	20	12	20	
----------------------------------------
12	21	22	21	
----------------------------------------
23	22	22	22	
----------------------------------------
-1	-1	12	23	
----------------------------------------
-1	-1	23	24	
----------------------------------------
12	25	-1	-1	
----------------------------------------
12	26	22	26	
----------------------------------------
22	27	12	27	
----------------------------------------
-1	-1	12	28	
----------------------------------------
22	29	12	29	
----------------------------------------
23	30	-1	-1	
----------------------------------------
22	31	23	31	
----------------------------------------

****************************************
Node 19 Forwarding Table:
-1	-1	14	0	
----------------------------------------
14	1	-1	-1	
----------------------------------------
15	2	14	2	
----------------------------------------
14	3	-1	-1	
----------------------------------------
15	4	-1	-1	
----------------------------------------
15	5	-1	-1	
----------------------------------------
14	6	15	6	
----------------------------------------
14	7	-1	-1	
----------------------------------------
-1	-1	14	8	
----------------------------------------
15	9	14	9	
----------------------------------------
-1	-1	14	10	
----------------------------------------
-1	-1	15	11	
----------------------------------------
15	12	14	12	
----------------------------------------
15	13	14	13	
----------------------------------------

****************************************
Node 20 Forwarding Table:
-1	-1	16	0	
----------------------------------------
-1	-1	16	1	
----------------------------------------
-1	-1	16	2	
----------------------------------------
21	3	22	3	
----------------------------------------
-1	-1	21	4	
----------------------------------------
21	5	-1	-1	
----------------------------------------
22	6	-1	-1	
----------------------------------------
16	7	-1	-1	
----------------------------------------
16	8	-1	-1	
----------------------------------------
-1	-1	21	9	
----------------------------------------
-1	-1	21	10	
----------------------------------------
-1	-1	16	11	
----------------------------------------

****************************************
Node 21 Forwarding Table:
-1	-1	17	0	
----------------------------------------
13	1	-1	-1	
----------------------------------------
-1	-1	17	2	
----------------------------------------
17	3	-1	-1	
----------------------------------------
17	4	-1	-1	
----------------------------------------
13	5	17	5	
----------------------------------------
17	6	-1	-1	
----------------------------------------
-1	-1	13	7	
----------------------------------------
13	8	17	8	
----------------------------------------
17	9	20	9	
----------------------------------------
20	10	17	10	
----------------------------------------
17	11	20	11	
----------------------------------------
13	12	17	12	
----------------------------------------
13	13	-1	-1	
----------------------------------------
13	14	17	14	
----------------------------------------
13	15	17	15	
----------------------------------------
13	16	17	16	
----------------------------------------
13	17	17	17	
----------------------------------------
20	18	17	18	
----------------------------------------
-1	-1	17	19	
----------------------------------------
20	20	17	20	
----------------------------------------
17	21	13	21	
----------------------------------------
17	22	13	22	
----------------------------------------

****************************************
Node 22 Forwarding Table:
-1	-1	18	0	
----------------------------------------
16	1	18	1	
----------------------------------------
-1	-1	16	2	
----------------------------------------
20	3	-1	-1	
----------------------------------------
-1	-1	16	4	
----------------------------------------
16	5	-1	-1	
----------------------------------------
16	6	-1	-1	
----------------------------------------
18	7	16	7	
----------------------------------------
16	8	-1	-1	
----------------------------------------
18	9	-1	-1	
----------------------------------------
18	10	20	10	
----------------------------------------
16	11	18	11	
----------------------------------------
18	12	16	12	
----------------------------------------
16	13	18	13	
----------------------------------------
18	14	16	14	
----------------------------------------
18	15	-1	-1	
----------------------------------------
18	16	-1	-1	
----------------------------------------
-1	-1	18	17	
----------------------------------------
16	18	18	18	
----------------------------------------
-1	-1	18	19	
----------------------------------------
16	20	-1	-1	
----------------------------------------

****************************************
Node 23 Forwarding Table:
14	0	18	0	
----------------------------------------
14	1	18	1	
----------------------------------------
14	2	17	2	
----------------------------------------
17	3	14	3	
----------------------------------------
14	4	-1	-1	
----------------------------------------
14	5	-1	-1	
----------------------------------------
17	6	-1	-1	
----------------------------------------
18	7	14	7	
----------------------------------------
-1	-1	17	8	
----------------------------------------
14	9	-1	-1	
----------------------------------------
18	10	-1	-1	
----------------------------------------
18	11	14	11	
----------------------------------------
14	12	17	12	
----------------------------------------
14	13	-1	-1	
----------------------------------------
14	14	18	14	
----------------------------------------
-1	-1	14	15	
----------------------------------------
18	16	14	16	
----------------------------------------
-1	-1	14	17	
----------------------------------------
14	18	-1	-1	
----------------------------------------
17	19	14	19	
----------------------------------------
14	20	-1	-1	
----------------------------------------
17	21	-1	-1	
----------------------------------------
-1	-1	14	22	
----------------------------------------
14	23	18	23	
----------------------------------------
18	24	14	24	
----------------------------------------

****************************************
