0	2	17
2->6->9->8->12->17
0,0,0,0,0,-1
5
----------------------------------------
1	3	7
3->0->1->7
0,0,0,-1
3
----------------------------------------
2	0	8
0->3->5->8
1,1,0,-1
3
----------------------------------------
3	10	2
10->3->4->6->2
0,2,0,1,-1
4
----------------------------------------
4	22	6
22->18->12->8->9->6
0,0,1,2,1,-1
5
----------------------------------------
5	21	9
21->17->12->8->9
0,1,2,3,-1
4
----------------------------------------
6	5	7
5->3->0->1->7
1,3,2,1,-1
4
----------------------------------------
7	18	8
18->12->8
1,3,-1
2
----------------------------------------
8	19	6
19->14->9->6
0,0,3,-1
3
----------------------------------------
9	11	2
11->5->3->4->6->2
0,2,4,1,4,-1
5
----------------------------------------
10	17	1
17->11->5->3->0->1
2,1,3,5,3,-1
5
----------------------------------------
11	3	19
3->4->6->9->14->19
6,2,5,4,1,-1
5
----------------------------------------
12	11	1
11->10->3->0->1
2,1,7,4,-1
4
----------------------------------------
13	17	8
17->12->8
3,4,-1
2
----------------------------------------
14	15	9
15->19->14->9
0,2,2,-1
3
----------------------------------------
15	4	12
4->3->10->11->17->12
3,8,2,3,4,-1
5
----------------------------------------
16	14	18
14->23->18
3,0,-1
2
----------------------------------------
17	16	4
16->13->15->7->1->0->4
0,0,1,2,4,5,-1
6
----------------------------------------
18	3	4
3->4
9,-1
1
----------------------------------------
19	2	21
2->7->15->13->21
3,3,2,1,-1
4
----------------------------------------
20	0	11
0->3->10->11
6,10,3,-1
3
----------------------------------------
21	10	18
10->11->17->12->18
4,5,5,6,-1
4
----------------------------------------
22	17	10
17->11->10
6,6,-1
2
----------------------------------------
23	18	17
18->12->17
4,7,-1
2
----------------------------------------
24	14	18
14->23->18
4,1,-1
2
----------------------------------------
25	11	17
11->17
7,-1
1
----------------------------------------
26	5	7
5->3->0->1->7
4,11,7,5,-1
4
----------------------------------------
27	20	2
20->16->13->15->7->2
0,1,2,3,5,-1
5
----------------------------------------
28	16	9
16->22->18->12->8->9
2,1,6,8,6,-1
5
----------------------------------------
29	21	12
21->17->12
2,9,-1
2
----------------------------------------
30	9	19
9->14->19
7,5,-1
2
----------------------------------------
31	20	16
20->16
1,-1
1
----------------------------------------
32	2	18
2->6->9->8->12->18
5,6,8,7,10,-1
5
----------------------------------------
33	2	19
2->7->15->19
6,6,4,-1
3
----------------------------------------
34	3	21
3->5->11->17->21
12,5,8,10,-1
4
----------------------------------------
35	17	18
17->12->18
11,11,-1
2
----------------------------------------
36	14	21
14->23->17->21
6,2,12,-1
3
----------------------------------------
37	15	17
15->13->21->17
5,3,5,-1
3
----------------------------------------
38	6	5
6->4->3->5
7,6,13,-1
3
----------------------------------------
39	17	21
17->21
14,-1
1
----------------------------------------
40	2	6
2->6
7,-1
1
----------------------------------------
41	20	1
20->16->13->15->7->1
2,4,4,6,7,-1
5
----------------------------------------
42	15	0
15->7->1->0
7,8,7,-1
3
----------------------------------------
43	0	4
0->4
9,-1
1
----------------------------------------
44	0	14
0->4->6->9->14
10,8,9,9,-1
4
----------------------------------------
45	1	0
1->0
8,-1
1
----------------------------------------
46	16	7
16->13->15->7
5,5,8,-1
3
----------------------------------------
47	5	11
5->11
7,-1
1
----------------------------------------
48	21	19
21->13->15->19
7,6,9,-1
3
----------------------------------------
49	22	1
22->16->13->15->7->1
2,6,7,10,10,-1
5
----------------------------------------
50	13	8
13->21->17->12->8
8,8,15,12,-1
4
----------------------------------------
51	5	4
5->3->4
8,14,-1
2
----------------------------------------
52	10	15
10->3->0->1->7->15
6,15,12,10,11,-1
5
----------------------------------------
53	1	6
1->2->6
11,8,-1
2
----------------------------------------
54	11	22
11->17->21->20->22
10,16,9,3,-1
4
----------------------------------------
55	14	13
14->19->15->13
8,6,12,-1
3
----------------------------------------
56	10	15
10->3->0->1->7->15
7,16,13,12,12,-1
5
----------------------------------------
57	16	13
16->13
7,-1
1
----------------------------------------
58	6	13
6->2->7->15->13
11,9,13,14,-1
4
----------------------------------------
59	3	8
3->5->8
17,9,-1
2
----------------------------------------
60	11	17
11->17
11,-1
1
----------------------------------------
61	15	16
15->13->16
15,12,-1
2
----------------------------------------
62	20	9
20->21->17->12->8->9
4,10,18,13,10,-1
5
----------------------------------------
63	10	14
10->11->17->23->14
8,12,19,3,-1
4
----------------------------------------
64	4	1
4->0->1
10,14,-1
2
----------------------------------------
65	3	12
3->5->8->12
18,10,11,-1
3
----------------------------------------
66	22	7
22->16->13->15->7
4,9,13,16,-1
4
----------------------------------------
67	1	5
1->0->3->5
14,15,19,-1
3
----------------------------------------
68	2	5
2->1->0->3->5
10,15,16,20,-1
4
----------------------------------------
69	8	23
8->9->14->23
12,11,10,-1
3
----------------------------------------
70	1	22
1->7->15->13->16->22
16,15,17,14,10,-1
5
----------------------------------------
71	11	23
11->5->8->9->14->23
13,13,13,12,11,-1
5
----------------------------------------
72	7	22
7->15->13->16->22
16,18,15,11,-1
4
----------------------------------------
73	12	14
12->8->9->14
15,14,13,-1
3
----------------------------------------
74	12	16
12->18->22->16
16,9,7,-1
3
----------------------------------------
75	17	3
17->11->5->3
20,14,14,-1
3
----------------------------------------
76	4	0
4->0
11,-1
1
----------------------------------------
77	11	6
11->5->3->4->6
15,15,22,12,-1
4
----------------------------------------
78	6	2
6->2
13,-1
1
----------------------------------------
79	17	12
17->12
21,-1
1
----------------------------------------
80	5	23
5->8->9->14->23
16,15,14,13,-1
4
----------------------------------------
81	2	14
2->6->9->14
12,14,15,-1
3
----------------------------------------
82	2	13
2->7->15->13
13,17,19,-1
3
----------------------------------------
83	8	12
8->12
16,-1
1
----------------------------------------
84	1	17
1->7->15->13->21->17
17,18,20,17,11,-1
5
----------------------------------------
85	1	10
1->0->3->5->11->10
18,18,23,17,16,-1
5
----------------------------------------
86	18	8
18->12->8
10,19,-1
2
----------------------------------------
87	18	19
18->23->14->19
11,7,15,-1
3
----------------------------------------
88	23	17
23->17
8,-1
1
----------------------------------------
89	3	14
3->4->6->9->14
24,13,15,16,-1
4
----------------------------------------
90	2	21
2->7->15->13->21
14,19,21,18,-1
4
----------------------------------------
91	3	23
3->4->6->9->14->23
25,14,16,17,17,-1
5
----------------------------------------
92	2	6
2->6
15,-1
1
----------------------------------------
93	8	10
8->5->3->10
18,18,26,-1
3
----------------------------------------
94	2	9
2->7->15->19->14->9
16,20,22,8,18,-1
5
----------------------------------------
95	1	12
1->0->3->5->8->12
19,19,27,19,19,-1
5
----------------------------------------
96	4	22
4->3->5->8->12->18->22
15,28,20,20,21,12,-1
6
----------------------------------------
97	14	4
14->9->6->4
19,19,18,-1
3
----------------------------------------
98	8	18
8->12->18
21,22,-1
2
----------------------------------------
99	5	20
5->8->12->18->22->20
21,22,23,14,9,-1
5
----------------------------------------
100	9	0
9->6->4->0
20,19,17,-1
3
----------------------------------------
101	15	6
15->19->14->9->6
23,9,20,21,-1
4
----------------------------------------
102	17	10
17->11->10
24,17,-1
2
----------------------------------------
103	16	23
16->22->18->23
13,10,15,-1
3
----------------------------------------
104	18	10
18->12->17->11->10
16,24,25,18,-1
4
----------------------------------------
105	14	5
14->9->8->5
21,22,23,-1
3
----------------------------------------
106	6	20
6->9->8->12->17->21->20
21,23,24,25,26,13,-1
6
----------------------------------------
107	13	20
13->16->20
19,14,-1
2
----------------------------------------
108	18	1
18->23->14->9->6->2->1
17,11,22,24,22,17,-1
6
----------------------------------------
109	18	13
18->22->16->13
18,11,15,-1
3
----------------------------------------
110	16	17
16->13->21->17
16,21,14,-1
3
----------------------------------------
111	13	5
13->21->17->11->5
22,15,28,19,-1
4
----------------------------------------
112	7	13
7->15->13
21,24,-1
2
----------------------------------------
113	10	11
10->11
13,-1
1
----------------------------------------
114	18	12
18->12
19,-1
1
----------------------------------------
115	1	15
1->7->15
21,22,-1
2
----------------------------------------
116	14	17
14->23->17
23,12,-1
2
----------------------------------------
117	5	14
5->8->9->14
24,25,25,-1
3
----------------------------------------
118	9	10
9->6->4->3->10
26,23,18,29,-1
4
----------------------------------------
119	16	8
16->22->18->12->8
17,12,20,27,-1
4
----------------------------------------
120	5	16
5->8->12->18->22->16
25,27,28,21,13,-1
5
----------------------------------------
121	11	23
11->5->8->9->14->23
21,26,28,27,25,-1
5
----------------------------------------
122	16	6
16->13->15->7->2->6
19,24,26,23,18,-1
5
----------------------------------------
123	14	22
14->23->18->22
26,14,22,-1
3
----------------------------------------
124	18	12
18->12
23,-1
1
----------------------------------------
125	23	1
23->14->9->6->2->1
15,27,28,25,19,-1
5
----------------------------------------
126	17	0
17->21->13->15->7->1->0
30,16,25,27,24,23,-1
6
----------------------------------------
127	18	14
18->23->14
24,16,-1
2
----------------------------------------
128	13	17
13->21->17
26,17,-1
2
----------------------------------------
129	19	6
19->14->9->6
10,29,29,-1
3
----------------------------------------
130	18	12
18->12
25,-1
1
----------------------------------------
131	20	17
20->22->18->12->17
8,15,26,31,-1
4
----------------------------------------
132	2	7
2->1->7
20,24,-1
2
----------------------------------------
133	21	14
21->17->23->14
18,33,17,-1
3
----------------------------------------
134	12	23
12->17->23
32,34,-1
2
----------------------------------------
135	12	15
12->17->21->13->15
33,35,19,27,-1
4
----------------------------------------
136	19	2
19->15->7->2
11,29,26,-1
3
----------------------------------------
137	13	10
13->21->17->11->10
28,20,36,22,-1
4
----------------------------------------
138	12	7
12->17->21->13->15->7
34,37,21,29,30,-1
5
----------------------------------------
139	13	17
13->16->22->18->12->17
30,20,16,27,35,-1
5
----------------------------------------
140	2	7
2->1->7
22,25,-1
2
----------------------------------------
141	5	3
5->3
27,-1
1
----------------------------------------
142	22	14
22->18->23->14
17,28,19,-1
3
----------------------------------------
143	16	22
16->22
21,-1
1
----------------------------------------
144	4	9
4->6->9
19,27,-1
2
----------------------------------------
145	4	0
4->0
20,-1
1
----------------------------------------
146	3	5
3->10->11->5
31,16,23,-1
3
----------------------------------------
