Node 0 Forwarding Table:
3	0	1	0	
----------------------------------------
-1	-1	3	1	
----------------------------------------
3	2	1	2	
----------------------------------------
3	3	1	3	
----------------------------------------
3	4	1	4	
----------------------------------------
1	5	4	5	
----------------------------------------
-1	-1	3	6	
----------------------------------------
3	7	1	7	
----------------------------------------
1	8	-1	-1	
----------------------------------------
-1	-1	4	9	
----------------------------------------
-1	-1	4	10	
----------------------------------------
1	11	-1	-1	
----------------------------------------
3	12	1	12	
----------------------------------------
3	13	1	13	
----------------------------------------
4	14	1	14	
----------------------------------------
1	15	3	15	
----------------------------------------
1	16	3	16	
----------------------------------------
4	17	-1	-1	
----------------------------------------
1	18	3	18	
----------------------------------------
1	19	3	19	
----------------------------------------
4	20	-1	-1	
----------------------------------------
1	21	-1	-1	
----------------------------------------
4	22	-1	-1	
----------------------------------------

****************************************
Node 1 Forwarding Table:
0	0	7	0	
----------------------------------------
0	1	7	1	
----------------------------------------
0	2	-1	-1	
----------------------------------------
0	3	-1	-1	
----------------------------------------
7	4	0	4	
----------------------------------------
0	5	7	5	
----------------------------------------
7	6	-1	-1	
----------------------------------------
7	7	0	7	
----------------------------------------
-1	-1	0	8	
----------------------------------------
7	9	-1	-1	
----------------------------------------
0	10	7	10	
----------------------------------------
-1	-1	2	11	
----------------------------------------
0	12	7	12	
----------------------------------------
0	13	-1	-1	
----------------------------------------
-1	-1	0	14	
----------------------------------------
2	15	0	15	
----------------------------------------
-1	-1	7	16	
----------------------------------------
-1	-1	7	17	
----------------------------------------
-1	-1	0	18	
----------------------------------------
-1	-1	0	19	
----------------------------------------
2	20	-1	-1	
----------------------------------------
-1	-1	7	21	
----------------------------------------
2	22	-1	-1	
----------------------------------------
7	23	0	23	
----------------------------------------
2	24	7	24	
----------------------------------------
2	25	7	25	
----------------------------------------

****************************************
Node 2 Forwarding Table:
-1	-1	6	0	
----------------------------------------
6	1	-1	-1	
----------------------------------------
6	2	-1	-1	
----------------------------------------
-1	-1	7	3	
----------------------------------------
7	4	-1	-1	
----------------------------------------
-1	-1	6	5	
----------------------------------------
-1	-1	7	6	
----------------------------------------
-1	-1	6	7	
----------------------------------------
1	8	6	8	
----------------------------------------
6	9	7	9	
----------------------------------------
-1	-1	1	10	
----------------------------------------
6	11	-1	-1	
----------------------------------------
-1	-1	6	12	
----------------------------------------
-1	-1	7	13	
----------------------------------------
-1	-1	7	14	
----------------------------------------
-1	-1	6	15	
----------------------------------------
-1	-1	7	16	
----------------------------------------
6	17	1	17	
----------------------------------------
7	18	6	18	
----------------------------------------
6	19	1	19	
----------------------------------------
-1	-1	1	20	
----------------------------------------
7	21	-1	-1	
----------------------------------------
-1	-1	1	22	
----------------------------------------

****************************************
Node 3 Forwarding Table:
-1	-1	0	0	
----------------------------------------
0	1	5	1	
----------------------------------------
10	2	4	2	
----------------------------------------
5	3	0	3	
----------------------------------------
5	4	4	4	
----------------------------------------
5	5	0	5	
----------------------------------------
-1	-1	4	6	
----------------------------------------
10	7	0	7	
----------------------------------------
4	8	10	8	
----------------------------------------
-1	-1	4	9	
----------------------------------------
0	10	10	10	
----------------------------------------
5	11	0	11	
----------------------------------------
-1	-1	5	12	
----------------------------------------
4	13	5	13	
----------------------------------------
5	14	4	14	
----------------------------------------
10	15	0	15	
----------------------------------------
10	16	0	16	
----------------------------------------
-1	-1	5	17	
----------------------------------------
-1	-1	5	18	
----------------------------------------
0	19	5	19	
----------------------------------------
0	20	5	20	
----------------------------------------
5	21	-1	-1	
----------------------------------------
5	22	4	22	
----------------------------------------
0	23	5	23	
----------------------------------------
-1	-1	4	24	
----------------------------------------
-1	-1	4	25	
----------------------------------------
5	26	10	26	
----------------------------------------
0	27	5	27	
----------------------------------------
4	28	5	28	
----------------------------------------
4	29	10	29	
----------------------------------------
5	30	-1	-1	
----------------------------------------
-1	-1	10	31	
----------------------------------------

****************************************
Node 4 Forwarding Table:
3	0	6	0	
----------------------------------------
3	1	6	1	
----------------------------------------
3	2	6	2	
----------------------------------------
-1	-1	3	3	
----------------------------------------
0	4	-1	-1	
----------------------------------------
3	5	-1	-1	
----------------------------------------
6	6	3	6	
----------------------------------------
0	7	-1	-1	
----------------------------------------
0	8	6	8	
----------------------------------------
3	9	-1	-1	
----------------------------------------
-1	-1	0	10	
----------------------------------------
-1	-1	0	11	
----------------------------------------
3	12	6	12	
----------------------------------------
3	13	6	13	
----------------------------------------
3	14	6	14	
----------------------------------------
-1	-1	3	15	
----------------------------------------
6	16	-1	-1	
----------------------------------------
6	17	0	17	
----------------------------------------
6	18	3	18	
----------------------------------------
-1	-1	6	19	
----------------------------------------
-1	-1	0	20	
----------------------------------------

****************************************
Node 5 Forwarding Table:
3	0	8	0	
----------------------------------------
-1	-1	3	1	
----------------------------------------
11	2	3	2	
----------------------------------------
11	3	3	3	
----------------------------------------
-1	-1	3	4	
----------------------------------------
3	5	11	5	
----------------------------------------
3	6	-1	-1	
----------------------------------------
-1	-1	11	7	
----------------------------------------
-1	-1	3	8	
----------------------------------------
3	9	8	9	
----------------------------------------
3	10	8	10	
----------------------------------------
3	11	-1	-1	
----------------------------------------
3	12	-1	-1	
----------------------------------------
11	13	8	13	
----------------------------------------
11	14	3	14	
----------------------------------------
11	15	3	15	
----------------------------------------
-1	-1	8	16	
----------------------------------------
3	17	11	17	
----------------------------------------
8	18	3	18	
----------------------------------------
3	19	8	19	
----------------------------------------
3	20	8	20	
----------------------------------------
-1	-1	8	21	
----------------------------------------
8	22	-1	-1	
----------------------------------------
11	23	-1	-1	
----------------------------------------
-1	-1	8	24	
----------------------------------------
-1	-1	8	25	
----------------------------------------
11	26	8	26	
----------------------------------------
-1	-1	3	27	
----------------------------------------
11	28	-1	-1	
----------------------------------------

****************************************
Node 6 Forwarding Table:
2	0	9	0	
----------------------------------------
4	1	2	1	
----------------------------------------
9	2	-1	-1	
----------------------------------------
9	3	-1	-1	
----------------------------------------
4	4	2	4	
----------------------------------------
4	5	9	5	
----------------------------------------
2	6	9	6	
----------------------------------------
-1	-1	4	7	
----------------------------------------
2	8	-1	-1	
----------------------------------------
4	9	9	9	
----------------------------------------
2	10	-1	-1	
----------------------------------------
-1	-1	2	11	
----------------------------------------
4	12	-1	-1	
----------------------------------------
-1	-1	2	13	
----------------------------------------
2	14	9	14	
----------------------------------------
4	15	9	15	
----------------------------------------
4	16	9	16	
----------------------------------------
2	17	-1	-1	
----------------------------------------
9	18	4	18	
----------------------------------------
9	19	4	19	
----------------------------------------
9	20	-1	-1	
----------------------------------------
-1	-1	9	21	
----------------------------------------
9	22	2	22	
----------------------------------------
9	23	4	23	
----------------------------------------
2	24	-1	-1	
----------------------------------------
9	25	2	25	
----------------------------------------
9	26	-1	-1	
----------------------------------------
4	27	9	27	
----------------------------------------

****************************************
Node 7 Forwarding Table:
1	0	-1	-1	
----------------------------------------
1	1	-1	-1	
----------------------------------------
15	2	1	2	
----------------------------------------
2	3	15	3	
----------------------------------------
1	4	-1	-1	
----------------------------------------
15	5	2	5	
----------------------------------------
2	6	15	6	
----------------------------------------
15	7	1	7	
----------------------------------------
15	8	1	8	
----------------------------------------
15	9	-1	-1	
----------------------------------------
15	10	1	10	
----------------------------------------
1	11	15	11	
----------------------------------------
1	12	15	12	
----------------------------------------
2	13	15	13	
----------------------------------------
15	14	-1	-1	
----------------------------------------
1	15	15	15	
----------------------------------------
-1	-1	15	16	
----------------------------------------
2	17	15	17	
----------------------------------------
1	18	15	18	
----------------------------------------
2	19	15	19	
----------------------------------------
2	20	15	20	
----------------------------------------
-1	-1	15	21	
----------------------------------------
1	22	15	22	
----------------------------------------
15	23	2	23	
----------------------------------------
15	24	1	24	
----------------------------------------
1	25	-1	-1	
----------------------------------------
15	26	2	26	
----------------------------------------
15	27	-1	-1	
----------------------------------------
1	28	-1	-1	
----------------------------------------

****************************************
Node 8 Forwarding Table:
9	0	12	0	
----------------------------------------
5	1	-1	-1	
----------------------------------------
12	2	9	2	
----------------------------------------
12	3	9	3	
----------------------------------------
12	4	-1	-1	
----------------------------------------
12	5	-1	-1	
----------------------------------------
12	6	9	6	
----------------------------------------
9	7	12	7	
----------------------------------------
12	8	-1	-1	
----------------------------------------
5	9	-1	-1	
----------------------------------------
12	10	9	10	
----------------------------------------
5	11	12	11	
----------------------------------------
-1	-1	9	12	
----------------------------------------
5	13	9	13	
----------------------------------------
12	14	9	14	
----------------------------------------
5	15	9	15	
----------------------------------------
-1	-1	12	16	
----------------------------------------
12	17	-1	-1	
----------------------------------------
-1	-1	5	18	
----------------------------------------
5	19	12	19	
----------------------------------------
5	20	12	20	
----------------------------------------
-1	-1	12	21	
----------------------------------------
5	22	12	22	
----------------------------------------
9	23	5	23	
----------------------------------------
9	24	12	24	
----------------------------------------
5	25	9	25	
----------------------------------------
12	26	-1	-1	
----------------------------------------
5	27	12	27	
----------------------------------------
5	28	9	28	
----------------------------------------

****************************************
Node 9 Forwarding Table:
6	0	8	0	
----------------------------------------
8	1	6	1	
----------------------------------------
8	2	-1	-1	
----------------------------------------
14	3	6	3	
----------------------------------------
6	4	14	4	
----------------------------------------
14	5	-1	-1	
----------------------------------------
8	6	-1	-1	
----------------------------------------
-1	-1	14	7	
----------------------------------------
6	8	8	8	
----------------------------------------
6	9	14	9	
----------------------------------------
8	10	-1	-1	
----------------------------------------
8	11	14	11	
----------------------------------------
8	12	14	12	
----------------------------------------
8	13	14	13	
----------------------------------------
8	14	14	14	
----------------------------------------
6	15	14	15	
----------------------------------------
6	16	14	16	
----------------------------------------
6	17	14	17	
----------------------------------------
14	18	-1	-1	
----------------------------------------
14	19	6	19	
----------------------------------------
-1	-1	6	20	
----------------------------------------
14	21	6	21	
----------------------------------------
14	22	8	22	
----------------------------------------
6	23	8	23	
----------------------------------------
14	24	6	24	
----------------------------------------
8	25	14	25	
----------------------------------------
-1	-1	6	26	
----------------------------------------
8	27	14	27	
----------------------------------------
14	28	6	28	
----------------------------------------
14	29	6	29	
----------------------------------------
6	30	-1	-1	
----------------------------------------

****************************************
Node 10 Forwarding Table:
-1	-1	3	0	
----------------------------------------
11	1	3	1	
----------------------------------------
3	2	11	2	
----------------------------------------
3	3	11	3	
----------------------------------------
-1	-1	11	4	
----------------------------------------
11	5	-1	-1	
----------------------------------------
-1	-1	3	6	
----------------------------------------
-1	-1	3	7	
----------------------------------------
-1	-1	11	8	
----------------------------------------
11	9	-1	-1	
----------------------------------------
3	10	-1	-1	
----------------------------------------
11	11	-1	-1	
----------------------------------------
11	12	-1	-1	
----------------------------------------
-1	-1	11	13	
----------------------------------------
3	14	-1	-1	
----------------------------------------
11	15	-1	-1	
----------------------------------------
3	16	11	16	
----------------------------------------

****************************************
Node 11 Forwarding Table:
-1	-1	5	0	
----------------------------------------
17	1	5	1	
----------------------------------------
-1	-1	10	2	
----------------------------------------
10	3	17	3	
----------------------------------------
10	4	-1	-1	
----------------------------------------
10	5	17	5	
----------------------------------------
17	6	10	6	
----------------------------------------
-1	-1	17	7	
----------------------------------------
5	8	17	8	
----------------------------------------
5	9	-1	-1	
----------------------------------------
-1	-1	17	10	
----------------------------------------
-1	-1	17	11	
----------------------------------------
10	12	17	12	
----------------------------------------
-1	-1	5	13	
----------------------------------------
17	14	5	14	
----------------------------------------
-1	-1	5	15	
----------------------------------------
5	16	10	16	
----------------------------------------
17	17	10	17	
----------------------------------------
17	18	10	18	
----------------------------------------
17	19	5	19	
----------------------------------------
10	20	-1	-1	
----------------------------------------
-1	-1	5	21	
----------------------------------------
17	22	10	22	
----------------------------------------
10	23	5	23	
----------------------------------------

****************************************
Node 12 Forwarding Table:
8	0	17	0	
----------------------------------------
18	1	8	1	
----------------------------------------
17	2	8	2	
----------------------------------------
18	3	8	3	
----------------------------------------
17	4	8	4	
----------------------------------------
17	5	-1	-1	
----------------------------------------
17	6	18	6	
----------------------------------------
18	7	17	7	
----------------------------------------
18	8	8	8	
----------------------------------------
17	9	-1	-1	
----------------------------------------
8	10	18	10	
----------------------------------------
17	11	18	11	
----------------------------------------
17	12	8	12	
----------------------------------------
17	13	8	13	
----------------------------------------
8	14	-1	-1	
----------------------------------------
-1	-1	8	15	
----------------------------------------
-1	-1	18	16	
----------------------------------------
17	17	-1	-1	
----------------------------------------
8	18	-1	-1	
----------------------------------------
18	19	8	19	
----------------------------------------
8	20	-1	-1	
----------------------------------------
8	21	18	21	
----------------------------------------
8	22	18	22	
----------------------------------------
8	23	18	23	
----------------------------------------
18	24	17	24	
----------------------------------------
8	25	17	25	
----------------------------------------
18	26	-1	-1	
----------------------------------------
18	27	8	27	
----------------------------------------
8	28	18	28	
----------------------------------------
18	29	-1	-1	
----------------------------------------
18	30	-1	-1	
----------------------------------------
18	31	17	31	
----------------------------------------
-1	-1	17	32	
----------------------------------------
-1	-1	17	33	
----------------------------------------
-1	-1	17	34	
----------------------------------------
18	35	17	35	
----------------------------------------

****************************************
Node 13 Forwarding Table:
16	0	15	0	
----------------------------------------
15	1	21	1	
----------------------------------------
16	2	15	2	
----------------------------------------
15	3	21	3	
----------------------------------------
16	4	15	4	
----------------------------------------
16	5	15	5	
----------------------------------------
21	6	15	6	
----------------------------------------
16	7	15	7	
----------------------------------------
-1	-1	21	8	
----------------------------------------
15	9	-1	-1	
----------------------------------------
16	10	-1	-1	
----------------------------------------
15	11	-1	-1	
----------------------------------------
15	12	16	12	
----------------------------------------
16	13	15	13	
----------------------------------------
15	14	16	14	
----------------------------------------
15	15	16	15	
----------------------------------------
15	16	-1	-1	
----------------------------------------
15	17	21	17	
----------------------------------------
15	18	21	18	
----------------------------------------
-1	-1	16	19	
----------------------------------------
16	20	-1	-1	
----------------------------------------
16	21	21	21	
----------------------------------------
-1	-1	21	22	
----------------------------------------
15	23	-1	-1	
----------------------------------------
16	24	15	24	
----------------------------------------
21	25	15	25	
----------------------------------------
-1	-1	21	26	
----------------------------------------
21	27	15	27	
----------------------------------------
-1	-1	21	28	
----------------------------------------
21	29	15	29	
----------------------------------------
-1	-1	16	30	
----------------------------------------

****************************************
Node 14 Forwarding Table:
19	0	9	0	
----------------------------------------
9	1	19	1	
----------------------------------------
19	2	9	2	
----------------------------------------
-1	-1	23	3	
----------------------------------------
-1	-1	23	4	
----------------------------------------
9	5	19	5	
----------------------------------------
-1	-1	23	6	
----------------------------------------
9	7	-1	-1	
----------------------------------------
-1	-1	19	8	
----------------------------------------
23	9	-1	-1	
----------------------------------------
9	10	23	10	
----------------------------------------
9	11	23	11	
----------------------------------------
9	12	-1	-1	
----------------------------------------
9	13	23	13	
----------------------------------------
9	14	-1	-1	
----------------------------------------
23	15	19	15	
----------------------------------------
9	16	-1	-1	
----------------------------------------
9	17	23	17	
----------------------------------------
19	18	9	18	
----------------------------------------
-1	-1	9	19	
----------------------------------------
19	20	9	20	
----------------------------------------
-1	-1	9	21	
----------------------------------------
23	22	9	22	
----------------------------------------
-1	-1	23	23	
----------------------------------------
9	24	-1	-1	
----------------------------------------
9	25	23	25	
----------------------------------------
-1	-1	23	26	
----------------------------------------
23	27	9	27	
----------------------------------------
23	28	-1	-1	
----------------------------------------
19	29	9	29	
----------------------------------------
23	30	-1	-1	
----------------------------------------
23	31	-1	-1	
----------------------------------------

****************************************
Node 15 Forwarding Table:
-1	-1	19	0	
----------------------------------------
13	1	7	1	
----------------------------------------
7	2	13	2	
----------------------------------------
13	3	7	3	
----------------------------------------
7	4	19	4	
----------------------------------------
-1	-1	13	5	
----------------------------------------
13	6	7	6	
----------------------------------------
-1	-1	7	7	
----------------------------------------
13	8	7	8	
----------------------------------------
13	9	19	9	
----------------------------------------
13	10	7	10	
----------------------------------------
7	11	-1	-1	
----------------------------------------
19	12	13	12	
----------------------------------------
7	13	-1	-1	
----------------------------------------
7	14	13	14	
----------------------------------------
-1	-1	13	15	
----------------------------------------
13	16	7	16	
----------------------------------------
7	17	13	17	
----------------------------------------
7	18	13	18	
----------------------------------------
7	19	13	19	
----------------------------------------
7	20	13	20	
----------------------------------------
7	21	13	21	
----------------------------------------
7	22	19	22	
----------------------------------------
-1	-1	19	23	
----------------------------------------
7	24	13	24	
----------------------------------------
7	25	-1	-1	
----------------------------------------
13	26	7	26	
----------------------------------------
13	27	7	27	
----------------------------------------
13	28	-1	-1	
----------------------------------------
19	29	7	29	
----------------------------------------
13	30	7	30	
----------------------------------------

****************************************
Node 16 Forwarding Table:
-1	-1	13	0	
----------------------------------------
20	1	13	1	
----------------------------------------
-1	-1	22	2	
----------------------------------------
20	3	-1	-1	
----------------------------------------
20	4	13	4	
----------------------------------------
-1	-1	13	5	
----------------------------------------
22	6	13	6	
----------------------------------------
-1	-1	13	7	
----------------------------------------
13	8	-1	-1	
----------------------------------------
22	9	13	9	
----------------------------------------
13	10	22	10	
----------------------------------------
13	11	22	11	
----------------------------------------
22	12	-1	-1	
----------------------------------------
-1	-1	22	13	
----------------------------------------
13	14	20	14	
----------------------------------------
22	15	13	15	
----------------------------------------
-1	-1	13	16	
----------------------------------------
-1	-1	22	17	
----------------------------------------
22	18	-1	-1	
----------------------------------------
-1	-1	13	19	
----------------------------------------
13	20	22	20	
----------------------------------------
-1	-1	22	21	
----------------------------------------

****************************************
Node 17 Forwarding Table:
12	0	-1	-1	
----------------------------------------
21	1	12	1	
----------------------------------------
-1	-1	11	2	
----------------------------------------
-1	-1	12	3	
----------------------------------------
11	4	12	4	
----------------------------------------
11	5	12	5	
----------------------------------------
-1	-1	11	6	
----------------------------------------
12	7	-1	-1	
----------------------------------------
11	8	-1	-1	
----------------------------------------
21	9	12	9	
----------------------------------------
11	10	21	10	
----------------------------------------
-1	-1	12	11	
----------------------------------------
23	12	21	12	
----------------------------------------
21	13	-1	-1	
----------------------------------------
-1	-1	21	14	
----------------------------------------
21	15	12	15	
----------------------------------------
11	16	21	16	
----------------------------------------
11	17	-1	-1	
----------------------------------------
21	18	12	18	
----------------------------------------
11	19	23	19	
----------------------------------------
-1	-1	11	20	
----------------------------------------
-1	-1	12	21	
----------------------------------------
21	22	-1	-1	
----------------------------------------
23	23	-1	-1	
----------------------------------------
-1	-1	11	24	
----------------------------------------
12	25	11	25	
----------------------------------------
12	26	21	26	
----------------------------------------
21	27	-1	-1	
----------------------------------------
21	28	11	28	
----------------------------------------
23	29	-1	-1	
----------------------------------------
-1	-1	21	30	
----------------------------------------
21	31	-1	-1	
----------------------------------------
12	32	-1	-1	
----------------------------------------
21	33	23	33	
----------------------------------------
12	34	23	34	
----------------------------------------
12	35	21	35	
----------------------------------------
21	36	11	36	
----------------------------------------
12	37	21	37	
----------------------------------------
12	38	-1	-1	
----------------------------------------

****************************************
Node 18 Forwarding Table:
22	0	12	0	
----------------------------------------
-1	-1	12	1	
----------------------------------------
23	2	-1	-1	
----------------------------------------
12	3	-1	-1	
----------------------------------------
-1	-1	12	4	
----------------------------------------
23	5	-1	-1	
----------------------------------------
22	6	12	6	
----------------------------------------
12	7	-1	-1	
----------------------------------------
12	8	-1	-1	
----------------------------------------
12	9	22	9	
----------------------------------------
-1	-1	12	10	
----------------------------------------
-1	-1	23	11	
----------------------------------------
12	12	22	12	
----------------------------------------
12	13	-1	-1	
----------------------------------------
12	14	22	14	
----------------------------------------
22	15	23	15	
----------------------------------------
-1	-1	12	16	
----------------------------------------
-1	-1	23	17	
----------------------------------------
-1	-1	22	18	
----------------------------------------
-1	-1	12	19	
----------------------------------------
22	20	12	20	
----------------------------------------
12	21	22	21	
----------------------------------------
23	22	22	22	
----------------------------------------
-1	-1	12	23	
----------------------------------------
-1	-1	23	24	
----------------------------------------
-1	-1	12	25	
----------------------------------------
22	26	12	26	
----------------------------------------
22	27	12	27	
----------------------------------------
22	28	23	28	
----------------------------------------

****************************************
Node 19 Forwarding Table:
-1	-1	14	0	
----------------------------------------
14	1	-1	-1	
----------------------------------------
15	2	14	2	
----------------------------------------
14	3	-1	-1	
----------------------------------------
15	4	-1	-1	
----------------------------------------
15	5	-1	-1	
----------------------------------------
14	6	15	6	
----------------------------------------
14	7	-1	-1	
----------------------------------------
15	8	14	8	
----------------------------------------
15	9	14	9	
----------------------------------------
-1	-1	14	10	
----------------------------------------
-1	-1	15	11	
----------------------------------------

****************************************
Node 20 Forwarding Table:
-1	-1	16	0	
----------------------------------------
-1	-1	16	1	
----------------------------------------
-1	-1	16	2	
----------------------------------------
21	3	22	3	
----------------------------------------
-1	-1	21	4	
----------------------------------------
22	5	-1	-1	
----------------------------------------
21	6	-1	-1	
----------------------------------------
16	7	-1	-1	
----------------------------------------
-1	-1	22	8	
----------------------------------------

****************************************
Node 21 Forwarding Table:
-1	-1	17	0	
----------------------------------------
13	1	-1	-1	
----------------------------------------
-1	-1	17	2	
----------------------------------------
17	3	-1	-1	
----------------------------------------
17	4	-1	-1	
----------------------------------------
13	5	17	5	
----------------------------------------
17	6	-1	-1	
----------------------------------------
-1	-1	13	7	
----------------------------------------
13	8	17	8	
----------------------------------------
17	9	20	9	
----------------------------------------
20	10	17	10	
----------------------------------------
13	11	17	11	
----------------------------------------
13	12	-1	-1	
----------------------------------------
17	13	20	13	
----------------------------------------
13	14	17	14	
----------------------------------------
13	15	17	15	
----------------------------------------
17	16	13	16	
----------------------------------------
13	17	17	17	
----------------------------------------
-1	-1	17	18	
----------------------------------------
17	19	13	19	
----------------------------------------
13	20	17	20	
----------------------------------------
17	21	13	21	
----------------------------------------

****************************************
Node 22 Forwarding Table:
-1	-1	18	0	
----------------------------------------
16	1	18	1	
----------------------------------------
-1	-1	16	2	
----------------------------------------
20	3	-1	-1	
----------------------------------------
-1	-1	16	4	
----------------------------------------
16	5	-1	-1	
----------------------------------------
16	6	-1	-1	
----------------------------------------
18	7	16	7	
----------------------------------------
18	8	-1	-1	
----------------------------------------
18	9	20	9	
----------------------------------------
16	10	18	10	
----------------------------------------
18	11	16	11	
----------------------------------------
16	12	18	12	
----------------------------------------
18	13	16	13	
----------------------------------------
18	14	-1	-1	
----------------------------------------
20	15	18	15	
----------------------------------------
16	16	18	16	
----------------------------------------
-1	-1	18	17	
----------------------------------------
16	18	-1	-1	
----------------------------------------

****************************************
Node 23 Forwarding Table:
14	0	18	0	
----------------------------------------
14	1	18	1	
----------------------------------------
14	2	17	2	
----------------------------------------
17	3	14	3	
----------------------------------------
14	4	-1	-1	
----------------------------------------
14	5	-1	-1	
----------------------------------------
14	6	-1	-1	
----------------------------------------
18	7	14	7	
----------------------------------------
-1	-1	17	8	
----------------------------------------
14	9	-1	-1	
----------------------------------------
18	10	-1	-1	
----------------------------------------
18	11	14	11	
----------------------------------------
14	12	17	12	
----------------------------------------
14	13	-1	-1	
----------------------------------------
14	14	18	14	
----------------------------------------
-1	-1	14	15	
----------------------------------------
18	16	14	16	
----------------------------------------
17	17	14	17	
----------------------------------------
17	18	-1	-1	
----------------------------------------
18	19	14	19	
----------------------------------------

****************************************
