0	2	17
2->6->9->14->23->17
0,0,0,0,0,-1
2.3
----------------------------------------
1	3	7
3->0->1->7
0,0,0,-1
1.3
----------------------------------------
2	0	8
0->3->5->8
1,1,0,-1
1.5
----------------------------------------
3	10	2
10->3->4->6->2
0,2,0,1,-1
2.0
----------------------------------------
4	22	6
22->16->13->15->7->2->6
0,0,0,0,1,2,-1
2.1
----------------------------------------
5	21	9
21->17->23->14->9
0,1,1,1,-1
2.2
----------------------------------------
6	5	7
5->3->0->1->7
1,3,2,1,-1
1.7000000000000002
----------------------------------------
7	18	8
18->12->8
0,0,-1
0.8999999999999999
----------------------------------------
8	19	6
19->14->9->6
0,2,2,-1
1.3
----------------------------------------
9	11	2
11->10->3->0->1->2
0,1,4,3,2,-1
2.3999999999999995
----------------------------------------
10	17	1
17->21->13->15->7->1
2,1,1,1,3,-1
2.4
----------------------------------------
11	3	19
3->0->1->7->15->19
5,4,4,4,2,-1
2.0999999999999996
----------------------------------------
12	11	1
11->10->3->0->1
1,2,6,5,-1
2.1999999999999997
----------------------------------------
13	17	8
17->12->8
3,1,-1
0.8999999999999999
----------------------------------------
14	15	9
15->7->2->6->9
3,5,4,4,-1
1.4
----------------------------------------
15	4	12
4->3->5->8->12
1,7,2,3,-1
1.7
----------------------------------------
16	14	18
14->23->18
3,2,-1
0.9
----------------------------------------
17	16	4
16->13->15->7->1->0->4
1,2,4,6,6,6,-1
1.7
----------------------------------------
18	3	4
3->4
8,-1
0.4
----------------------------------------
19	2	21
2->7->15->13->21
5,7,5,3,-1
1.7000000000000002
----------------------------------------
20	0	11
0->4->3->5->11
7,4,9,3,-1
1.7
----------------------------------------
21	10	18
10->3->5->8->12->18
3,10,4,4,3,-1
2.5999999999999996
----------------------------------------
22	17	10
17->11->10
4,3,-1
1.5
----------------------------------------
23	18	17
18->23->17
3,3,-1
1.3
----------------------------------------
24	14	18
14->23->18
4,4,-1
0.9
----------------------------------------
25	11	17
11->17
4,-1
0.7
----------------------------------------
26	5	7
5->3->0->1->7
5,11,8,7,-1
1.7000000000000002
----------------------------------------
27	20	2
20->16->13->15->7->2
0,2,4,6,9,-1
1.5
----------------------------------------
28	16	9
16->13->15->7->2->6->9
3,5,7,10,7,5,-1
1.9
----------------------------------------
29	21	12
21->17->12
3,7,-1
1.4
----------------------------------------
30	9	19
9->14->19
5,5,-1
0.9
----------------------------------------
31	20	16
20->16
1,-1
0.4
----------------------------------------
32	2	18
2->6->9->14->23->18
8,6,6,6,5,-1
1.7999999999999998
----------------------------------------
33	2	19
2->7->15->19
9,11,8,-1
1.2999999999999998
----------------------------------------
34	3	21
3->0->1->7->15->13->21
12,9,8,12,9,6,-1
2.5
----------------------------------------
35	17	18
17->23->18
8,6,-1
1.3
----------------------------------------
36	14	21
14->23->17->21
7,7,9,-1
2.0999999999999996
----------------------------------------
37	15	17
15->13->21->17
10,7,6,-1
1.8
----------------------------------------
38	6	5
6->4->3->5
7,5,13,-1
1.4
----------------------------------------
39	17	21
17->21
11,-1
0.7
----------------------------------------
40	2	6
2->6
10,-1
0.4
----------------------------------------
41	20	1
20->16->13->15->7->1
2,5,8,11,13,-1
1.5
----------------------------------------
42	15	0
15->7->1->0
12,14,10,-1
1.0
----------------------------------------
43	0	4
0->4
11,-1
0.19999999999999996
----------------------------------------
44	0	14
0->4->6->9->14
12,7,9,7,-1
1.2999999999999998
----------------------------------------
45	1	0
1->0
11,-1
0.4
----------------------------------------
46	16	7
16->13->15->7
6,9,13,-1
0.6
----------------------------------------
47	5	11
5->11
7,-1
0.7
----------------------------------------
48	21	19
21->13->15->19
8,10,14,-1
1.8
----------------------------------------
49	22	1
22->16->13->15->7->1
1,7,11,15,16,-1
1.7000000000000002
----------------------------------------
50	13	8
13->21->17->12->8
12,9,12,5,-1
2.4000000000000004
----------------------------------------
51	5	4
5->3->4
8,14,-1
0.8
----------------------------------------
52	10	15
10->11->17->21->13->15
5,6,13,10,13,-1
3.3
----------------------------------------
53	1	6
1->0->4->6
13,14,9,-1
1.2
----------------------------------------
54	11	22
11->17->21->20->22
7,14,11,3,-1
2.6
----------------------------------------
55	14	13
14->19->15->13
9,5,17,-1
1.8
----------------------------------------
56	10	15
10->11->17->21->13->15
6,8,15,12,15,-1
3.3
----------------------------------------
57	16	13
16->13
8,-1
0.19999999999999996
----------------------------------------
58	6	13
6->2->7->15->13
11,11,17,19,-1
1.3
----------------------------------------
59	3	8
3->5->8
15,9,-1
1.1
----------------------------------------
60	11	17
11->17
9,-1
0.7
----------------------------------------
61	15	16
15->13->16
20,18,-1
0.5
----------------------------------------
62	20	9
20->21->17->23->14->9
4,13,17,8,10,-1
2.5
----------------------------------------
63	10	14
10->3->4->6->9->14
7,16,10,12,9,-1
2.1
----------------------------------------
64	4	1
4->6->2->1
11,13,12,-1
1.2
----------------------------------------
65	3	12
3->5->8->12
17,10,7,-1
1.3
----------------------------------------
66	3	20
3->5->11->17->21->20
18,11,10,18,14,-1
2.8
----------------------------------------
67	22	7
22->18->23->14->9->6->2->7
3,7,9,12,10,14,13,-1
3.1
----------------------------------------
68	1	5
1->0->3->5
15,15,19,-1
1.2000000000000002
----------------------------------------
69	2	5
2->1->0->3->5
14,16,16,20,-1
1.4
----------------------------------------
70	8	23
8->9->14->23
8,11,13,-1
1.2999999999999998
----------------------------------------
71	1	22
1->7->15->13->16->22
17,19,21,19,10,-1
1.7000000000000002
----------------------------------------
72	4	16
4->6->9->14->23->18->22->16
12,15,12,14,11,8,5,-1
3.4
----------------------------------------
73	11	23
11->5->8->9->14->23
11,14,9,13,15,-1
2.6999999999999997
----------------------------------------
74	7	22
7->15->13->16->22
20,22,20,12,-1
1.2
----------------------------------------
75	12	14
12->8->9->14
7,10,14,-1
0.9999999999999999
----------------------------------------
76	12	16
12->18->22->16
8,9,7,-1
2.1
----------------------------------------
77	17	3
17->11->5->3
19,12,15,-1
1.7999999999999998
----------------------------------------
78	4	0
4->0
13,-1
0.19999999999999996
----------------------------------------
79	11	6
11->5->3->4->6
13,16,22,14,-1
2.1
----------------------------------------
80	6	2
6->2
17,-1
0.4
----------------------------------------
81	17	12
17->12
20,-1
0.7
----------------------------------------
82	5	23
5->8->9->14->23
17,11,15,17,-1
2.0
----------------------------------------
83	2	14
2->7->15->19->14
16,21,23,6,-1
2.0999999999999996
----------------------------------------
84	2	13
2->7->15->13
17,22,24,-1
0.9
----------------------------------------
85	8	12
8->12
12,-1
0.19999999999999996
----------------------------------------
86	1	17
1->7->15->13->21->17
18,23,25,22,15,-1
2.4000000000000004
----------------------------------------
87	18	8
18->12->8
10,11,-1
0.8999999999999999
----------------------------------------
88	18	19
18->23->14->19
11,14,19,-1
1.7000000000000002
----------------------------------------
89	23	17
23->17
15,-1
0.9
----------------------------------------
90	3	14
3->4->6->9->14
23,15,18,16,-1
1.5
----------------------------------------
91	3	23
3->4->6->9->14->23
24,16,19,17,21,-1
2.0
----------------------------------------
92	2	6
2->1->0->4->6
18,19,18,17,-1
1.4
----------------------------------------
93	8	10
8->5->3->10
14,18,25,-1
1.7000000000000002
----------------------------------------
94	1	12
1->2->6->9->8->12
20,19,21,18,15,-1
1.9
----------------------------------------
95	14	4
14->9->6->4
22,19,22,-1
1.1
----------------------------------------
96	8	18
8->12->18
16,13,-1
0.8999999999999999
----------------------------------------
97	9	0
9->6->4->0
20,23,19,-1
1.2
----------------------------------------
98	15	6
15->19->14->9->6
26,8,23,21,-1
2.0
----------------------------------------
99	17	10
17->11->10
23,14,-1
1.5
----------------------------------------
100	16	23
16->22->18->23
14,8,13,-1
1.7999999999999998
----------------------------------------
101	18	10
18->12->8->5->3->10
14,14,17,19,26,-1
2.6
----------------------------------------
102	14	5
14->9->8->5
24,22,18,-1
1.5
----------------------------------------
103	13	20
13->16->20
23,15,-1
0.6
----------------------------------------
104	18	1
18->23->14->9->6->2->1
15,18,25,23,25,20,-1
1.9999999999999998
----------------------------------------
105	18	13
18->22->16->13
16,9,16,-1
1.5999999999999999
----------------------------------------
106	16	17
16->20->21->17
17,7,16,-1
1.4
----------------------------------------
107	13	5
13->21->17->11->5
25,17,25,15,-1
2.9000000000000004
----------------------------------------
108	7	13
7->15->13
24,27,-1
0.4
----------------------------------------
109	10	11
10->11
11,-1
0.8
----------------------------------------
110	11	2
11->5->3->4->6->2
17,22,27,20,26,-1
2.5
----------------------------------------
111	18	12
18->12
17,-1
0.7
----------------------------------------
112	1	15
1->7->15
22,25,-1
0.6
----------------------------------------
113	14	17
14->9->8->12->17
26,24,19,16,-1
1.6999999999999997
----------------------------------------
114	5	14
5->11->17->23->14
23,18,27,19,-1
2.8
----------------------------------------
115	9	10
9->6->4->3->10
25,27,21,28,-1
2.0
----------------------------------------
116	16	8
16->20->21->17->12->8
18,8,18,28,17,-1
2.3
----------------------------------------
117	16	6
16->22->18->23->14->9->6
19,10,18,20,28,26,-1
2.8
----------------------------------------
118	14	22
14->23->18->22
29,21,19,-1
1.7000000000000002
----------------------------------------
119	18	12
18->12
20,-1
0.7
----------------------------------------
120	17	0
17->11->5->3->0
29,19,24,29,-1
2.1999999999999997
----------------------------------------
121	18	14
18->23->14
21,22,-1
0.9
----------------------------------------
122	13	17
13->21->17
27,19,-1
1.5
----------------------------------------
123	8	18
8->12->18
21,19,-1
0.8999999999999999
----------------------------------------
124	19	6
19->14->9->6
9,31,27,-1
1.3
----------------------------------------
125	11	22
11->5->8->12->18->22
20,25,22,20,23,-1
3.0999999999999996
----------------------------------------
126	22	5
22->18->12->8->5
13,24,21,23,-1
2.4
----------------------------------------
127	18	12
18->12
25,-1
0.7
----------------------------------------
128	20	17
20->22->18->23->17
9,14,26,23,-1
3.0
----------------------------------------
129	2	7
2->1->7
22,23,-1
0.7
----------------------------------------
130	21	14
21->13->15->19->14
20,28,29,10,-1
2.6
----------------------------------------
131	12	23
12->18->23
23,27,-1
1.1
----------------------------------------
132	7	16
7->15->13->16
27,30,29,-1
0.6
----------------------------------------
133	11	12
11->5->8->12
21,27,24,-1
1.5999999999999999
----------------------------------------
134	19	2
19->15->7->2
11,31,28,-1
1.2999999999999998
----------------------------------------
135	13	17
13->16->22->18->23->17
30,21,15,28,25,-1
2.9
----------------------------------------
136	23	9
23->18->12->8->9
26,29,25,25,-1
2.0
----------------------------------------
137	2	7
2->1->7
24,24,-1
0.7
----------------------------------------
138	5	3
5->11->10->3
28,22,13,-1
2.1
----------------------------------------
139	22	14
22->18->23->14
16,30,27,-1
1.7000000000000002
----------------------------------------
140	16	22
16->22
22,-1
0.6
----------------------------------------
141	4	9
4->6->9
22,30,-1
1.0
----------------------------------------
142	4	0
4->0
23,-1
0.19999999999999996
----------------------------------------
143	3	5
3->10->11->5
31,14,23,-1
2.0999999999999996
----------------------------------------
