0	2	17
2->6->9->14->23->17
0,0,0,0,0,-1
2.3
----------------------------------------
1	3	7
3->0->1->7
0,0,0,-1
1.3
----------------------------------------
2	0	8
0->3->5->8
1,1,0,-1
1.5
----------------------------------------
3	10	2
10->3->4->6->2
0,2,0,1,-1
2.0
----------------------------------------
4	22	6
22->16->13->15->7->2->6
0,0,0,0,1,2,-1
2.1
----------------------------------------
5	21	9
21->17->23->14->9
0,1,1,1,-1
2.2
----------------------------------------
6	5	7
5->3->0->1->7
1,3,2,1,-1
1.7000000000000002
----------------------------------------
7	18	8
18->12->8
0,0,-1
0.8999999999999999
----------------------------------------
8	19	6
19->14->9->6
0,2,2,-1
1.3
----------------------------------------
9	11	2
11->10->3->0->1->2
0,1,4,3,2,-1
2.3999999999999995
----------------------------------------
10	17	1
17->21->13->15->7->1
2,1,1,1,3,-1
2.4
----------------------------------------
11	3	19
3->0->1->7->15->19
5,4,4,4,2,-1
2.0999999999999996
----------------------------------------
12	11	1
11->10->3->0->1
1,2,6,5,-1
2.1999999999999997
----------------------------------------
13	17	8
17->12->8
3,1,-1
0.8999999999999999
----------------------------------------
14	15	9
15->7->2->6->9
3,5,4,4,-1
1.4
----------------------------------------
15	4	12
4->3->5->8->12
1,7,2,3,-1
1.7
----------------------------------------
16	14	18
14->23->18
3,2,-1
0.9
----------------------------------------
17	16	4
16->13->15->7->1->0->4
1,2,4,6,6,6,-1
1.7
----------------------------------------
18	3	4
3->4
8,-1
0.4
----------------------------------------
19	2	21
2->7->15->13->21
5,7,5,3,-1
1.7000000000000002
----------------------------------------
20	0	11
0->4->3->5->11
7,4,9,3,-1
1.7
----------------------------------------
21	10	18
10->3->5->8->12->18
3,10,4,4,3,-1
2.5999999999999996
----------------------------------------
22	17	10
17->11->10
4,3,-1
1.5
----------------------------------------
23	18	17
18->23->17
3,3,-1
1.3
----------------------------------------
24	14	18
14->23->18
4,4,-1
0.9
----------------------------------------
25	11	17
11->17
4,-1
0.7
----------------------------------------
26	5	7
5->3->0->1->7
5,11,8,7,-1
1.7000000000000002
----------------------------------------
27	20	2
20->16->13->15->7->2
0,2,4,6,9,-1
1.5
----------------------------------------
28	16	9
16->13->15->7->2->6->9
3,5,7,10,7,5,-1
1.9
----------------------------------------
29	21	12
21->17->12
3,7,-1
1.4
----------------------------------------
30	9	19
9->14->19
5,5,-1
0.9
----------------------------------------
31	20	16
20->16
1,-1
0.4
----------------------------------------
32	2	18
2->6->9->14->23->18
8,6,6,6,5,-1
1.7999999999999998
----------------------------------------
33	2	19
2->7->15->19
9,11,8,-1
1.2999999999999998
----------------------------------------
34	3	21
3->0->1->7->15->13->21
12,9,8,12,9,6,-1
2.5
----------------------------------------
35	17	18
17->23->18
8,6,-1
1.3
----------------------------------------
36	14	21
14->23->17->21
7,7,9,-1
2.0999999999999996
----------------------------------------
37	15	17
15->13->21->17
10,7,6,-1
1.8
----------------------------------------
38	6	5
6->4->3->5
7,5,13,-1
1.4
----------------------------------------
39	17	21
17->21
11,-1
0.7
----------------------------------------
40	2	6
2->6
10,-1
0.4
----------------------------------------
41	20	1
20->16->13->15->7->1
2,5,8,11,13,-1
1.5
----------------------------------------
42	15	0
15->7->1->0
12,14,10,-1
1.0
----------------------------------------
43	0	4
0->4
11,-1
0.19999999999999996
----------------------------------------
44	0	14
0->4->6->9->14
12,7,9,7,-1
1.2999999999999998
----------------------------------------
45	1	0
1->0
11,-1
0.4
----------------------------------------
46	16	7
16->13->15->7
6,9,13,-1
0.6
----------------------------------------
47	5	11
5->11
7,-1
0.7
----------------------------------------
48	21	19
21->13->15->19
8,10,14,-1
1.8
----------------------------------------
49	22	1
22->16->13->15->7->1
1,7,11,15,16,-1
1.7000000000000002
----------------------------------------
50	13	8
13->15->7->2->6->9->8
12,16,17,11,10,8,-1
2.4000000000000004
----------------------------------------
51	5	4
5->3->4
8,14,-1
0.8
----------------------------------------
52	10	15
10->3->0->1->7->15
5,15,14,13,18,-1
2.0
----------------------------------------
53	1	6
1->2->6
14,12,-1
0.6
----------------------------------------
54	11	22
11->17->21->20->22
6,12,9,3,-1
2.6
----------------------------------------
55	14	13
14->19->15->13
9,5,18,-1
1.8
----------------------------------------
56	10	15
10->3->0->1->7->15
6,16,15,15,19,-1
2.0
----------------------------------------
57	16	13
16->13
8,-1
0.19999999999999996
----------------------------------------
58	6	13
6->2->7->15->13
12,13,20,20,-1
1.3
----------------------------------------
59	3	8
3->5->8
17,9,-1
1.1
----------------------------------------
60	11	17
11->17
7,-1
0.7
----------------------------------------
61	15	16
15->13->16
21,16,-1
0.5
----------------------------------------
62	20	9
20->21->17->23->14->9
4,10,14,8,10,-1
2.5
----------------------------------------
63	10	14
10->3->4->6->9->14
7,18,9,13,10,-1
2.1
----------------------------------------
64	4	1
4->0->1
10,16,-1
0.6
----------------------------------------
65	3	12
3->5->8->12
19,10,7,-1
1.3
----------------------------------------
66	3	20
3->0->1->7->15->13->16->20
20,17,17,21,22,17,10,-1
2.3
----------------------------------------
67	22	7
22->16->13->15->7
3,11,18,23,-1
1.2000000000000002
----------------------------------------
68	1	5
1->0->3->5
18,18,21,-1
1.2000000000000002
----------------------------------------
69	2	5
2->1->0->3->5
14,19,19,22,-1
1.4
----------------------------------------
70	8	23
8->9->14->23
8,11,12,-1
1.2999999999999998
----------------------------------------
71	1	22
1->7->15->13->16->22
20,23,24,19,12,-1
1.7000000000000002
----------------------------------------
72	4	16
4->6->9->14->23->18->22->16
11,14,12,13,10,7,5,-1
3.4
----------------------------------------
73	11	23
11->17->23
8,15,-1
1.6
----------------------------------------
74	7	22
7->15->13->16->22
24,25,20,14,-1
1.2
----------------------------------------
75	12	14
12->8->9->14
6,9,13,-1
0.9999999999999999
----------------------------------------
76	12	16
12->18->22->16
7,8,7,-1
2.1
----------------------------------------
77	17	3
17->11->5->3
16,9,13,-1
1.7999999999999998
----------------------------------------
78	4	0
4->0
12,-1
0.19999999999999996
----------------------------------------
79	11	6
11->5->3->4->6
10,14,24,13,-1
2.1
----------------------------------------
80	6	2
6->2
16,-1
0.4
----------------------------------------
81	17	12
17->12
17,-1
0.7
----------------------------------------
82	5	23
5->8->9->14->23
15,10,14,15,-1
2.0
----------------------------------------
83	2	14
2->7->15->19->14
16,25,26,6,-1
2.0999999999999996
----------------------------------------
84	2	13
2->7->15->13
17,26,27,-1
0.9
----------------------------------------
85	8	12
8->12
11,-1
0.19999999999999996
----------------------------------------
86	1	17
1->7->15->13->21->17
21,27,28,22,11,-1
2.4000000000000004
----------------------------------------
87	1	10
1->0->3->5->11->10
22,21,25,16,11,-1
2.7
----------------------------------------
88	18	8
18->12->8
9,10,-1
0.8999999999999999
----------------------------------------
89	18	19
18->23->14->19
10,13,17,-1
1.7000000000000002
----------------------------------------
90	23	17
23->17
14,-1
0.9
----------------------------------------
91	3	14
3->4->6->9->14
26,14,17,15,-1
1.5
----------------------------------------
92	2	21
2->7->15->13->21
18,28,29,23,-1
1.7000000000000002
----------------------------------------
93	3	23
3->4->6->9->14->23
27,15,18,16,19,-1
2.0
----------------------------------------
94	2	6
2->1->0->4->6
19,23,22,16,-1
1.4
----------------------------------------
95	8	10
8->5->3->10
13,17,28,-1
1.7000000000000002
----------------------------------------
96	2	9
2->7->15->19->14->9
20,29,30,8,20,-1
2.1999999999999997
----------------------------------------
97	2	22
2->7->15->13->16->22
21,30,31,24,16,-1
1.7000000000000002
----------------------------------------
98	1	12
1->7->15->13->21->17->12
24,31,32,25,13,20,-1
3.1000000000000005
----------------------------------------
99	4	22
4->6->9->14->23->18->22
17,20,18,21,16,11,-1
2.8
----------------------------------------
100	14	4
14->9->6->4
22,19,21,-1
1.1
----------------------------------------
101	3	13
3->5->11->17->21->13
29,18,12,21,14,-1
3.3
----------------------------------------
102	8	18
8->12->18
14,12,-1
0.8999999999999999
----------------------------------------
103	5	20
5->11->17->21->20
19,13,22,15,-1
2.3999999999999995
----------------------------------------
104	9	0
9->6->4->0
20,22,19,-1
1.2
----------------------------------------
105	15	6
15->19->14->9->6
33,9,23,21,-1
2.0
----------------------------------------
106	17	10
17->11->10
23,14,-1
1.5
----------------------------------------
107	16	23
16->22->18->23
17,10,13,-1
1.7999999999999998
----------------------------------------
108	18	10
18->12->8->5->3->10
14,13,15,20,30,-1
2.6
----------------------------------------
109	14	5
14->9->8->5
24,22,16,-1
1.5
----------------------------------------
110	11	15
11->17->21->13->15
15,24,16,27,-1
2.5
----------------------------------------
111	3	13
3->5->11->17->21->13
31,22,16,25,17,-1
3.3
----------------------------------------
112	6	20
6->9->14->23->17->21->20
24,23,25,18,26,18,-1
2.8999999999999995
----------------------------------------
113	13	20
13->16->20
29,18,-1
0.6
----------------------------------------
114	18	1
18->23->14->9->6->2->1
15,19,26,24,25,22,-1
1.9999999999999998
----------------------------------------
115	18	13
18->22->16->13
16,11,19,-1
1.5999999999999999
----------------------------------------
116	4	16
4->6->9->14->23->18->22->16
20,26,25,27,20,17,12,-1
3.4
----------------------------------------
117	16	17
16->20->21->17
21,9,19,-1
1.4
----------------------------------------
118	13	5
13->15->7->1->0->3->5
31,35,32,26,24,32,-1
2.1
----------------------------------------
119	7	13
7->15->13
33,36,-1
0.4
----------------------------------------
120	10	11
10->11
12,-1
0.8
----------------------------------------
121	11	2
11->5->3->4->6->2
18,24,33,21,27,-1
2.5
----------------------------------------
122	18	12
18->12
18,-1
0.7
----------------------------------------
123	1	15
1->7->15
27,34,-1
0.6
----------------------------------------
124	14	17
14->23->17
28,21,-1
1.4
----------------------------------------
125	9	10
9->6->4->3->10
26,28,22,34,-1
2.0
----------------------------------------
126	16	8
16->20->21->17->12->8
22,10,20,29,15,-1
2.3
----------------------------------------
127	16	6
16->22->18->23->14->9->6
23,13,19,22,29,27,-1
2.8
----------------------------------------
128	14	22
14->19->15->13->16->22
30,10,38,33,24,-1
2.6
----------------------------------------
129	18	12
18->12
20,-1
0.7
----------------------------------------
130	23	1
23->14->9->6->2->1
23,31,28,30,24,-1
1.5999999999999999
----------------------------------------
131	17	0
17->11->5->3->0
30,19,25,35,-1
2.1999999999999997
----------------------------------------
132	18	14
18->23->14
21,24,-1
0.9
----------------------------------------
133	13	17
13->21->17
34,21,-1
1.5
----------------------------------------
134	8	18
8->12->18
18,17,-1
0.8999999999999999
----------------------------------------
135	19	6
19->14->9->6
11,33,29,-1
1.3
----------------------------------------
136	11	22
11->5->8->12->18->22
20,26,19,18,23,-1
3.0999999999999996
----------------------------------------
137	1	6
1->0->4->6
29,26,23,-1
1.2
----------------------------------------
138	22	5
22->18->12->8->5
16,24,19,20,-1
2.4
----------------------------------------
139	18	12
18->12
25,-1
0.7
----------------------------------------
140	23	4
23->14->9->6->4
25,34,30,33,-1
1.6
----------------------------------------
141	2	17
2->7->15->13->21->17
25,35,39,35,22,-1
2.4000000000000004
----------------------------------------
142	12	4
12->18->23->14->9->6->4
21,26,26,35,31,34,-1
2.7
----------------------------------------
143	20	17
20->21->17
11,23,-1
1.0
----------------------------------------
144	2	7
2->1->7
26,30,-1
0.7
----------------------------------------
145	14	23
14->9->8->12->18->23
36,32,21,22,27,-1
2.0999999999999996
----------------------------------------
146	21	14
21->17->23->14
24,34,28,-1
2.1
----------------------------------------
147	9	23
9->8->12->18->23
33,22,23,28,-1
2.0
----------------------------------------
148	18	1
18->22->16->13->15->7->1
29,17,25,36,40,37,-1
2.5
----------------------------------------
149	12	23
12->18->23
24,30,-1
1.1
----------------------------------------
150	20	5
20->21->17->11->5
12,25,35,21,-1
2.4
----------------------------------------
151	12	15
12->8->9->6->2->7->15
25,23,34,35,27,38,-1
2.3
----------------------------------------
152	11	12
11->5->8->12
22,29,24,-1
1.5999999999999999
----------------------------------------
153	1	10
1->0->3->5->11->10
32,27,36,30,23,-1
2.7
----------------------------------------
154	19	2
19->15->7->2
12,42,39,-1
1.2999999999999998
----------------------------------------
155	13	17
13->16->22->18->23->17
37,26,18,31,31,-1
2.9
----------------------------------------
156	23	9
23->18->12->8->9
32,32,27,25,-1
2.0
----------------------------------------
157	10	18
10->3->5->8->12->18
15,37,31,26,28,-1
2.5999999999999996
----------------------------------------
158	15	13
15->13
43,-1
0.30000000000000004
----------------------------------------
159	2	7
2->1->7
29,33,-1
0.7
----------------------------------------
160	5	3
5->3
32,-1
0.4
----------------------------------------
161	22	14
22->18->23->14
19,34,33,-1
1.7000000000000002
----------------------------------------
162	16	22
16->22
27,-1
0.6
----------------------------------------
163	4	9
4->6->9
26,36,-1
1.0
----------------------------------------
164	4	0
4->0
27,-1
0.19999999999999996
----------------------------------------
165	3	5
3->10->11->5
39,16,24,-1
2.0999999999999996
----------------------------------------
