Node 0 Forwarding Table:
3	0	1	0	
----------------------------------------
-1	-1	3	1	
----------------------------------------
3	2	1	2	
----------------------------------------
3	3	1	3	
----------------------------------------
3	4	1	4	
----------------------------------------
3	5	1	5	
----------------------------------------
1	6	4	6	
----------------------------------------
-1	-1	4	7	
----------------------------------------
3	8	1	8	
----------------------------------------
3	9	1	9	
----------------------------------------
1	10	-1	-1	
----------------------------------------
-1	-1	4	11	
----------------------------------------
-1	-1	4	12	
----------------------------------------
1	13	-1	-1	
----------------------------------------
1	14	4	14	
----------------------------------------
1	15	3	15	
----------------------------------------
1	16	3	16	
----------------------------------------
4	17	-1	-1	
----------------------------------------
1	18	4	18	
----------------------------------------
4	19	-1	-1	
----------------------------------------
3	20	-1	-1	
----------------------------------------
4	21	-1	-1	
----------------------------------------

****************************************
Node 1 Forwarding Table:
0	0	7	0	
----------------------------------------
0	1	7	1	
----------------------------------------
0	2	2	2	
----------------------------------------
7	3	-1	-1	
----------------------------------------
0	4	7	4	
----------------------------------------
0	5	-1	-1	
----------------------------------------
7	6	0	6	
----------------------------------------
0	7	7	7	
----------------------------------------
0	8	7	8	
----------------------------------------
7	9	-1	-1	
----------------------------------------
7	10	0	10	
----------------------------------------
-1	-1	0	11	
----------------------------------------
7	12	-1	-1	
----------------------------------------
-1	-1	0	13	
----------------------------------------
2	14	-1	-1	
----------------------------------------
-1	-1	0	15	
----------------------------------------
2	16	0	16	
----------------------------------------
-1	-1	7	17	
----------------------------------------
-1	-1	7	18	
----------------------------------------
2	19	0	19	
----------------------------------------
-1	-1	2	20	
----------------------------------------
2	21	-1	-1	
----------------------------------------
-1	-1	7	22	
----------------------------------------
2	23	7	23	
----------------------------------------
2	24	7	24	
----------------------------------------

****************************************
Node 2 Forwarding Table:
-1	-1	6	0	
----------------------------------------
6	1	-1	-1	
----------------------------------------
7	2	6	2	
----------------------------------------
1	3	-1	-1	
----------------------------------------
7	4	6	4	
----------------------------------------
-1	-1	7	5	
----------------------------------------
7	6	-1	-1	
----------------------------------------
7	7	6	7	
----------------------------------------
-1	-1	6	8	
----------------------------------------
-1	-1	7	9	
----------------------------------------
-1	-1	6	10	
----------------------------------------
6	11	7	11	
----------------------------------------
6	12	1	12	
----------------------------------------
6	13	7	13	
----------------------------------------
-1	-1	1	14	
----------------------------------------
6	15	-1	-1	
----------------------------------------
-1	-1	7	16	
----------------------------------------
-1	-1	7	17	
----------------------------------------
-1	-1	1	18	
----------------------------------------
1	19	6	19	
----------------------------------------
6	20	1	20	
----------------------------------------
6	21	-1	-1	
----------------------------------------
-1	-1	1	22	
----------------------------------------
7	23	-1	-1	
----------------------------------------
-1	-1	1	24	
----------------------------------------

****************************************
Node 3 Forwarding Table:
-1	-1	0	0	
----------------------------------------
0	1	5	1	
----------------------------------------
10	2	4	2	
----------------------------------------
5	3	0	3	
----------------------------------------
10	4	0	4	
----------------------------------------
-1	-1	0	5	
----------------------------------------
10	6	0	6	
----------------------------------------
4	7	5	7	
----------------------------------------
-1	-1	4	8	
----------------------------------------
4	9	5	9	
----------------------------------------
10	10	5	10	
----------------------------------------
5	11	0	11	
----------------------------------------
-1	-1	0	12	
----------------------------------------
4	13	5	13	
----------------------------------------
5	14	4	14	
----------------------------------------
-1	-1	5	15	
----------------------------------------
10	16	4	16	
----------------------------------------
-1	-1	5	17	
----------------------------------------
-1	-1	5	18	
----------------------------------------
0	19	5	19	
----------------------------------------
0	20	5	20	
----------------------------------------
5	21	-1	-1	
----------------------------------------
5	22	4	22	
----------------------------------------
-1	-1	4	23	
----------------------------------------
-1	-1	4	24	
----------------------------------------
5	25	10	25	
----------------------------------------
5	26	10	26	
----------------------------------------
5	27	4	27	
----------------------------------------
4	28	10	28	
----------------------------------------
5	29	0	29	
----------------------------------------
10	30	-1	-1	
----------------------------------------
-1	-1	10	31	
----------------------------------------

****************************************
Node 4 Forwarding Table:
3	0	6	0	
----------------------------------------
-1	-1	3	1	
----------------------------------------
0	2	-1	-1	
----------------------------------------
3	3	-1	-1	
----------------------------------------
0	4	3	4	
----------------------------------------
6	5	3	5	
----------------------------------------
0	6	-1	-1	
----------------------------------------
0	7	6	7	
----------------------------------------
3	8	-1	-1	
----------------------------------------
0	9	6	9	
----------------------------------------
3	10	6	10	
----------------------------------------
-1	-1	6	11	
----------------------------------------
-1	-1	6	12	
----------------------------------------
-1	-1	0	13	
----------------------------------------
3	14	6	14	
----------------------------------------
3	15	6	15	
----------------------------------------
3	16	6	16	
----------------------------------------
0	17	6	17	
----------------------------------------
6	18	-1	-1	
----------------------------------------
6	19	0	19	
----------------------------------------
3	20	6	20	
----------------------------------------
6	21	3	21	
----------------------------------------
-1	-1	6	22	
----------------------------------------
-1	-1	0	23	
----------------------------------------

****************************************
Node 5 Forwarding Table:
3	0	8	0	
----------------------------------------
-1	-1	3	1	
----------------------------------------
3	2	8	2	
----------------------------------------
3	3	11	3	
----------------------------------------
3	4	8	4	
----------------------------------------
-1	-1	3	5	
----------------------------------------
3	6	-1	-1	
----------------------------------------
-1	-1	11	7	
----------------------------------------
-1	-1	3	8	
----------------------------------------
3	9	8	9	
----------------------------------------
3	10	8	10	
----------------------------------------
3	11	11	11	
----------------------------------------
3	12	-1	-1	
----------------------------------------
3	13	-1	-1	
----------------------------------------
11	14	8	14	
----------------------------------------
11	15	3	15	
----------------------------------------
11	16	3	16	
----------------------------------------
-1	-1	8	17	
----------------------------------------
8	18	3	18	
----------------------------------------
8	19	3	19	
----------------------------------------
8	20	-1	-1	
----------------------------------------
11	21	-1	-1	
----------------------------------------
11	22	3	22	
----------------------------------------
-1	-1	11	23	
----------------------------------------
11	24	3	24	
----------------------------------------
11	25	8	25	
----------------------------------------
8	26	-1	-1	
----------------------------------------
11	27	8	27	
----------------------------------------
-1	-1	11	28	
----------------------------------------
11	29	-1	-1	
----------------------------------------

****************************************
Node 6 Forwarding Table:
2	0	9	0	
----------------------------------------
4	1	2	1	
----------------------------------------
2	2	-1	-1	
----------------------------------------
9	3	-1	-1	
----------------------------------------
2	4	9	4	
----------------------------------------
2	5	9	5	
----------------------------------------
2	6	9	6	
----------------------------------------
-1	-1	4	7	
----------------------------------------
2	8	-1	-1	
----------------------------------------
4	9	9	9	
----------------------------------------
4	10	-1	-1	
----------------------------------------
-1	-1	2	11	
----------------------------------------
4	12	9	12	
----------------------------------------
4	13	2	13	
----------------------------------------
9	14	2	14	
----------------------------------------
4	15	9	15	
----------------------------------------
4	16	-1	-1	
----------------------------------------
-1	-1	2	17	
----------------------------------------
4	18	9	18	
----------------------------------------
4	19	9	19	
----------------------------------------
4	20	-1	-1	
----------------------------------------
2	21	9	21	
----------------------------------------
9	22	4	22	
----------------------------------------
9	23	4	23	
----------------------------------------
9	24	-1	-1	
----------------------------------------
9	25	2	25	
----------------------------------------
4	26	2	26	
----------------------------------------
9	27	4	27	
----------------------------------------
9	28	-1	-1	
----------------------------------------
9	29	-1	-1	
----------------------------------------
4	30	9	30	
----------------------------------------

****************************************
Node 7 Forwarding Table:
1	0	-1	-1	
----------------------------------------
15	1	2	1	
----------------------------------------
1	2	-1	-1	
----------------------------------------
15	3	1	3	
----------------------------------------
1	4	15	4	
----------------------------------------
15	5	2	5	
----------------------------------------
15	6	1	6	
----------------------------------------
2	7	15	7	
----------------------------------------
1	8	-1	-1	
----------------------------------------
15	9	2	9	
----------------------------------------
15	10	2	10	
----------------------------------------
2	11	15	11	
----------------------------------------
1	12	15	12	
----------------------------------------
15	13	1	13	
----------------------------------------
15	14	1	14	
----------------------------------------
15	15	-1	-1	
----------------------------------------
15	16	1	16	
----------------------------------------
2	17	15	17	
----------------------------------------
2	18	-1	-1	
----------------------------------------
1	19	15	19	
----------------------------------------
-1	-1	15	20	
----------------------------------------
2	21	15	21	
----------------------------------------
2	22	15	22	
----------------------------------------
1	23	15	23	
----------------------------------------
-1	-1	15	24	
----------------------------------------
1	25	15	25	
----------------------------------------
1	26	-1	-1	
----------------------------------------
-1	-1	15	27	
----------------------------------------
15	28	2	28	
----------------------------------------
1	29	-1	-1	
----------------------------------------

****************************************
Node 8 Forwarding Table:
5	0	-1	-1	
----------------------------------------
12	1	-1	-1	
----------------------------------------
12	2	-1	-1	
----------------------------------------
5	3	12	3	
----------------------------------------
5	4	12	4	
----------------------------------------
12	5	-1	-1	
----------------------------------------
5	6	-1	-1	
----------------------------------------
5	7	12	7	
----------------------------------------
-1	-1	9	8	
----------------------------------------
5	9	9	9	
----------------------------------------
12	10	9	10	
----------------------------------------
5	11	9	11	
----------------------------------------
-1	-1	12	12	
----------------------------------------
12	13	-1	-1	
----------------------------------------
-1	-1	5	14	
----------------------------------------
9	15	12	15	
----------------------------------------
-1	-1	12	16	
----------------------------------------
12	17	5	17	
----------------------------------------
9	18	5	18	
----------------------------------------
9	19	12	19	
----------------------------------------
12	20	-1	-1	
----------------------------------------
-1	-1	12	21	
----------------------------------------
5	22	12	22	
----------------------------------------
12	23	5	23	
----------------------------------------
5	24	12	24	
----------------------------------------
12	25	9	25	
----------------------------------------

****************************************
Node 9 Forwarding Table:
6	0	14	0	
----------------------------------------
14	1	-1	-1	
----------------------------------------
14	2	6	2	
----------------------------------------
6	3	-1	-1	
----------------------------------------
6	4	-1	-1	
----------------------------------------
-1	-1	14	5	
----------------------------------------
6	6	14	6	
----------------------------------------
6	7	14	7	
----------------------------------------
14	8	-1	-1	
----------------------------------------
6	9	14	9	
----------------------------------------
14	10	6	10	
----------------------------------------
8	11	14	11	
----------------------------------------
6	12	14	12	
----------------------------------------
8	13	14	13	
----------------------------------------
8	14	14	14	
----------------------------------------
8	15	14	15	
----------------------------------------
6	16	14	16	
----------------------------------------
6	17	14	17	
----------------------------------------
6	18	8	18	
----------------------------------------
14	19	6	19	
----------------------------------------
-1	-1	6	20	
----------------------------------------
14	21	6	21	
----------------------------------------
14	22	8	22	
----------------------------------------
14	23	6	23	
----------------------------------------
14	24	8	24	
----------------------------------------
-1	-1	6	25	
----------------------------------------
14	26	6	26	
----------------------------------------
14	27	6	27	
----------------------------------------
8	28	-1	-1	
----------------------------------------
6	29	-1	-1	
----------------------------------------

****************************************
Node 10 Forwarding Table:
-1	-1	3	0	
----------------------------------------
11	1	3	1	
----------------------------------------
11	2	3	2	
----------------------------------------
-1	-1	3	3	
----------------------------------------
11	4	-1	-1	
----------------------------------------
-1	-1	11	5	
----------------------------------------
-1	-1	11	6	
----------------------------------------
-1	-1	3	7	
----------------------------------------
3	8	-1	-1	
----------------------------------------
11	9	-1	-1	
----------------------------------------
3	10	-1	-1	
----------------------------------------
-1	-1	11	11	
----------------------------------------
3	12	-1	-1	
----------------------------------------
11	13	3	13	
----------------------------------------
3	14	11	14	
----------------------------------------

****************************************
Node 11 Forwarding Table:
-1	-1	10	0	
----------------------------------------
-1	-1	10	1	
----------------------------------------
5	2	-1	-1	
----------------------------------------
17	3	10	3	
----------------------------------------
-1	-1	17	4	
----------------------------------------
5	5	-1	-1	
----------------------------------------
10	6	17	6	
----------------------------------------
-1	-1	17	7	
----------------------------------------
10	8	17	8	
----------------------------------------
-1	-1	17	9	
----------------------------------------
5	10	17	10	
----------------------------------------
-1	-1	5	11	
----------------------------------------
17	12	5	12	
----------------------------------------
-1	-1	5	13	
----------------------------------------
17	14	10	14	
----------------------------------------
17	15	5	15	
----------------------------------------
10	16	-1	-1	
----------------------------------------
-1	-1	5	17	
----------------------------------------
5	18	17	18	
----------------------------------------
17	19	5	19	
----------------------------------------
-1	-1	5	20	
----------------------------------------
-1	-1	5	21	
----------------------------------------
5	22	10	22	
----------------------------------------
10	23	5	23	
----------------------------------------

****************************************
Node 12 Forwarding Table:
18	0	8	0	
----------------------------------------
17	1	8	1	
----------------------------------------
8	2	-1	-1	
----------------------------------------
8	3	18	3	
----------------------------------------
17	4	-1	-1	
----------------------------------------
17	5	8	5	
----------------------------------------
8	6	-1	-1	
----------------------------------------
-1	-1	8	7	
----------------------------------------
-1	-1	18	8	
----------------------------------------
17	9	-1	-1	
----------------------------------------
8	10	-1	-1	
----------------------------------------
18	11	8	11	
----------------------------------------
8	12	-1	-1	
----------------------------------------
8	13	18	13	
----------------------------------------
18	14	8	14	
----------------------------------------
18	15	-1	-1	
----------------------------------------
8	16	17	16	
----------------------------------------
17	17	8	17	
----------------------------------------
18	18	-1	-1	
----------------------------------------
8	19	18	19	
----------------------------------------
8	20	18	20	
----------------------------------------
18	21	8	21	
----------------------------------------
18	22	-1	-1	
----------------------------------------
-1	-1	18	23	
----------------------------------------
8	24	-1	-1	
----------------------------------------
18	25	8	25	
----------------------------------------

****************************************
Node 13 Forwarding Table:
16	0	15	0	
----------------------------------------
21	1	15	1	
----------------------------------------
16	2	15	2	
----------------------------------------
15	3	21	3	
----------------------------------------
16	4	15	4	
----------------------------------------
16	5	15	5	
----------------------------------------
15	6	21	6	
----------------------------------------
15	7	21	7	
----------------------------------------
16	8	15	8	
----------------------------------------
16	9	15	9	
----------------------------------------
21	10	15	10	
----------------------------------------
16	11	15	11	
----------------------------------------
-1	-1	21	12	
----------------------------------------
21	13	15	13	
----------------------------------------
15	14	-1	-1	
----------------------------------------
21	15	15	15	
----------------------------------------
16	16	-1	-1	
----------------------------------------
15	17	-1	-1	
----------------------------------------
15	18	16	18	
----------------------------------------
15	19	16	19	
----------------------------------------
15	20	16	20	
----------------------------------------
15	21	-1	-1	
----------------------------------------
15	22	21	22	
----------------------------------------
-1	-1	16	23	
----------------------------------------
16	24	-1	-1	
----------------------------------------
-1	-1	21	25	
----------------------------------------
15	26	-1	-1	
----------------------------------------
-1	-1	21	27	
----------------------------------------
21	28	15	28	
----------------------------------------
15	29	16	29	
----------------------------------------
-1	-1	16	30	
----------------------------------------

****************************************
Node 14 Forwarding Table:
9	0	23	0	
----------------------------------------
23	1	9	1	
----------------------------------------
19	2	9	2	
----------------------------------------
-1	-1	23	3	
----------------------------------------
-1	-1	23	4	
----------------------------------------
9	5	19	5	
----------------------------------------
9	6	23	6	
----------------------------------------
-1	-1	23	7	
----------------------------------------
9	8	-1	-1	
----------------------------------------
-1	-1	19	9	
----------------------------------------
23	10	9	10	
----------------------------------------
9	11	-1	-1	
----------------------------------------
23	12	9	12	
----------------------------------------
9	13	23	13	
----------------------------------------
9	14	23	14	
----------------------------------------
9	15	23	15	
----------------------------------------
9	16	-1	-1	
----------------------------------------
9	17	23	17	
----------------------------------------
19	18	-1	-1	
----------------------------------------
23	19	19	19	
----------------------------------------
9	20	-1	-1	
----------------------------------------
9	21	23	21	
----------------------------------------
-1	-1	9	22	
----------------------------------------
19	23	9	23	
----------------------------------------
-1	-1	9	24	
----------------------------------------
23	25	9	25	
----------------------------------------
-1	-1	9	26	
----------------------------------------
23	27	-1	-1	
----------------------------------------
23	28	9	28	
----------------------------------------
-1	-1	23	29	
----------------------------------------
23	30	-1	-1	
----------------------------------------
19	31	9	31	
----------------------------------------
19	32	-1	-1	
----------------------------------------
23	33	-1	-1	
----------------------------------------

****************************************
Node 15 Forwarding Table:
13	0	7	0	
----------------------------------------
13	1	7	1	
----------------------------------------
7	2	19	2	
----------------------------------------
-1	-1	7	3	
----------------------------------------
13	4	7	4	
----------------------------------------
7	5	13	5	
----------------------------------------
13	6	7	6	
----------------------------------------
13	7	7	7	
----------------------------------------
7	8	19	8	
----------------------------------------
7	9	13	9	
----------------------------------------
-1	-1	13	10	
----------------------------------------
13	11	7	11	
----------------------------------------
-1	-1	7	12	
----------------------------------------
13	13	7	13	
----------------------------------------
13	14	19	14	
----------------------------------------
13	15	7	15	
----------------------------------------
13	16	-1	-1	
----------------------------------------
19	17	13	17	
----------------------------------------
13	18	-1	-1	
----------------------------------------
7	19	13	19	
----------------------------------------
-1	-1	13	20	
----------------------------------------
7	21	13	21	
----------------------------------------
7	22	13	22	
----------------------------------------
7	23	19	23	
----------------------------------------
7	24	13	24	
----------------------------------------
7	25	13	25	
----------------------------------------
-1	-1	19	26	
----------------------------------------
7	27	13	27	
----------------------------------------
7	28	-1	-1	
----------------------------------------
13	29	19	29	
----------------------------------------
7	30	13	30	
----------------------------------------
19	31	7	31	
----------------------------------------

****************************************
Node 16 Forwarding Table:
22	0	13	0	
----------------------------------------
-1	-1	13	1	
----------------------------------------
20	2	13	2	
----------------------------------------
-1	-1	13	3	
----------------------------------------
20	4	-1	-1	
----------------------------------------
20	5	13	5	
----------------------------------------
-1	-1	13	6	
----------------------------------------
22	7	13	7	
----------------------------------------
-1	-1	13	8	
----------------------------------------
13	9	-1	-1	
----------------------------------------
13	10	22	10	
----------------------------------------
22	11	-1	-1	
----------------------------------------
13	12	22	12	
----------------------------------------
22	13	-1	-1	
----------------------------------------
-1	-1	22	14	
----------------------------------------
13	15	20	15	
----------------------------------------
22	16	13	16	
----------------------------------------
-1	-1	20	17	
----------------------------------------
-1	-1	20	18	
----------------------------------------
-1	-1	22	19	
----------------------------------------
13	20	-1	-1	
----------------------------------------
13	21	22	21	
----------------------------------------
-1	-1	22	22	
----------------------------------------

****************************************
Node 17 Forwarding Table:
23	0	-1	-1	
----------------------------------------
21	1	23	1	
----------------------------------------
-1	-1	21	2	
----------------------------------------
-1	-1	12	3	
----------------------------------------
-1	-1	11	4	
----------------------------------------
23	5	-1	-1	
----------------------------------------
11	6	-1	-1	
----------------------------------------
21	7	12	7	
----------------------------------------
-1	-1	23	8	
----------------------------------------
23	9	21	9	
----------------------------------------
21	10	-1	-1	
----------------------------------------
-1	-1	21	11	
----------------------------------------
21	12	12	12	
----------------------------------------
11	13	21	13	
----------------------------------------
11	14	21	14	
----------------------------------------
11	15	21	15	
----------------------------------------
11	16	-1	-1	
----------------------------------------
21	17	23	17	
----------------------------------------
11	18	21	18	
----------------------------------------
-1	-1	11	19	
----------------------------------------
-1	-1	12	20	
----------------------------------------
21	21	-1	-1	
----------------------------------------
23	22	-1	-1	
----------------------------------------
-1	-1	11	23	
----------------------------------------
21	24	-1	-1	
----------------------------------------
21	25	11	25	
----------------------------------------
12	26	-1	-1	
----------------------------------------
11	27	23	27	
----------------------------------------
21	28	12	28	
----------------------------------------
-1	-1	11	29	
----------------------------------------
21	30	-1	-1	
----------------------------------------
23	31	-1	-1	
----------------------------------------
23	32	-1	-1	
----------------------------------------

****************************************
Node 18 Forwarding Table:
-1	-1	12	0	
----------------------------------------
23	1	-1	-1	
----------------------------------------
12	2	-1	-1	
----------------------------------------
-1	-1	23	3	
----------------------------------------
23	4	-1	-1	
----------------------------------------
23	5	-1	-1	
----------------------------------------
23	6	-1	-1	
----------------------------------------
22	7	23	7	
----------------------------------------
23	8	22	8	
----------------------------------------
12	9	22	9	
----------------------------------------
-1	-1	12	10	
----------------------------------------
-1	-1	23	11	
----------------------------------------
12	12	-1	-1	
----------------------------------------
22	13	23	13	
----------------------------------------
-1	-1	12	14	
----------------------------------------
-1	-1	23	15	
----------------------------------------
-1	-1	22	16	
----------------------------------------
-1	-1	12	17	
----------------------------------------
22	18	23	18	
----------------------------------------
23	19	22	19	
----------------------------------------
-1	-1	12	20	
----------------------------------------
-1	-1	23	21	
----------------------------------------
12	22	-1	-1	
----------------------------------------
12	23	22	23	
----------------------------------------
22	24	12	24	
----------------------------------------
-1	-1	12	25	
----------------------------------------
22	26	23	26	
----------------------------------------
12	27	23	27	
----------------------------------------
22	28	23	28	
----------------------------------------
23	29	12	29	
----------------------------------------
22	30	23	30	
----------------------------------------

****************************************
Node 19 Forwarding Table:
-1	-1	14	0	
----------------------------------------
15	1	-1	-1	
----------------------------------------
14	2	-1	-1	
----------------------------------------
15	3	-1	-1	
----------------------------------------
15	4	-1	-1	
----------------------------------------
14	5	15	5	
----------------------------------------
15	6	14	6	
----------------------------------------
14	7	-1	-1	
----------------------------------------
15	8	14	8	
----------------------------------------
-1	-1	14	9	
----------------------------------------
15	10	14	10	
----------------------------------------
-1	-1	15	11	
----------------------------------------

****************************************
Node 20 Forwarding Table:
-1	-1	16	0	
----------------------------------------
-1	-1	16	1	
----------------------------------------
-1	-1	16	2	
----------------------------------------
21	3	22	3	
----------------------------------------
-1	-1	21	4	
----------------------------------------
21	5	-1	-1	
----------------------------------------
16	6	-1	-1	
----------------------------------------
16	7	21	7	
----------------------------------------
16	8	21	8	
----------------------------------------
-1	-1	22	9	
----------------------------------------

****************************************
Node 21 Forwarding Table:
-1	-1	17	0	
----------------------------------------
17	1	13	1	
----------------------------------------
13	2	-1	-1	
----------------------------------------
-1	-1	17	3	
----------------------------------------
13	4	-1	-1	
----------------------------------------
17	5	-1	-1	
----------------------------------------
13	6	17	6	
----------------------------------------
17	7	-1	-1	
----------------------------------------
-1	-1	13	8	
----------------------------------------
13	9	17	9	
----------------------------------------
17	10	13	10	
----------------------------------------
17	11	20	11	
----------------------------------------
17	12	13	12	
----------------------------------------
20	13	17	13	
----------------------------------------
17	14	20	14	
----------------------------------------
13	15	17	15	
----------------------------------------
20	16	17	16	
----------------------------------------
13	17	17	17	
----------------------------------------
20	18	17	18	
----------------------------------------
13	19	17	19	
----------------------------------------
-1	-1	13	20	
----------------------------------------

****************************************
Node 22 Forwarding Table:
-1	-1	16	0	
----------------------------------------
-1	-1	16	1	
----------------------------------------
20	2	-1	-1	
----------------------------------------
-1	-1	18	3	
----------------------------------------
16	4	-1	-1	
----------------------------------------
18	5	16	5	
----------------------------------------
16	6	-1	-1	
----------------------------------------
18	7	16	7	
----------------------------------------
16	8	18	8	
----------------------------------------
18	9	16	9	
----------------------------------------
16	10	18	10	
----------------------------------------
18	11	-1	-1	
----------------------------------------
18	12	-1	-1	
----------------------------------------
-1	-1	18	13	
----------------------------------------
20	14	18	14	
----------------------------------------
16	15	18	15	
----------------------------------------
-1	-1	18	16	
----------------------------------------
16	17	-1	-1	
----------------------------------------

****************************************
Node 23 Forwarding Table:
14	0	17	0	
----------------------------------------
17	1	14	1	
----------------------------------------
14	2	18	2	
----------------------------------------
18	3	17	3	
----------------------------------------
14	4	18	4	
----------------------------------------
14	5	18	5	
----------------------------------------
17	6	18	6	
----------------------------------------
14	7	17	7	
----------------------------------------
17	8	14	8	
----------------------------------------
18	9	14	9	
----------------------------------------
14	10	-1	-1	
----------------------------------------
14	11	18	11	
----------------------------------------
14	12	-1	-1	
----------------------------------------
14	13	-1	-1	
----------------------------------------
18	14	14	14	
----------------------------------------
-1	-1	17	15	
----------------------------------------
14	16	-1	-1	
----------------------------------------
18	17	-1	-1	
----------------------------------------
18	18	14	18	
----------------------------------------
17	19	14	19	
----------------------------------------
18	20	14	20	
----------------------------------------
14	21	18	21	
----------------------------------------
18	22	14	22	
----------------------------------------
18	23	17	23	
----------------------------------------
18	24	-1	-1	
----------------------------------------
18	25	17	25	
----------------------------------------
-1	-1	18	26	
----------------------------------------
18	27	14	27	
----------------------------------------

****************************************
