Node 0 Forwarding Table:
3	0	1	0	
----------------------------------------
-1	-1	3	1	
----------------------------------------
3	2	1	2	
----------------------------------------
3	3	1	3	
----------------------------------------
3	4	1	4	
----------------------------------------
3	5	1	5	
----------------------------------------
1	6	4	6	
----------------------------------------
-1	-1	4	7	
----------------------------------------
3	8	1	8	
----------------------------------------
3	9	1	9	
----------------------------------------
1	10	-1	-1	
----------------------------------------
-1	-1	4	11	
----------------------------------------
-1	-1	4	12	
----------------------------------------
1	13	-1	-1	
----------------------------------------
3	14	1	14	
----------------------------------------
3	15	1	15	
----------------------------------------
4	16	1	16	
----------------------------------------
3	17	1	17	
----------------------------------------
1	18	3	18	
----------------------------------------
1	19	3	19	
----------------------------------------
4	20	-1	-1	
----------------------------------------
1	21	3	21	
----------------------------------------
1	22	4	22	
----------------------------------------
4	23	-1	-1	
----------------------------------------
1	24	3	24	
----------------------------------------
3	25	-1	-1	
----------------------------------------
1	26	4	26	
----------------------------------------
1	27	3	27	
----------------------------------------
4	28	-1	-1	
----------------------------------------

****************************************
Node 1 Forwarding Table:
0	0	7	0	
----------------------------------------
0	1	7	1	
----------------------------------------
0	2	2	2	
----------------------------------------
7	3	-1	-1	
----------------------------------------
0	4	7	4	
----------------------------------------
0	5	-1	-1	
----------------------------------------
7	6	0	6	
----------------------------------------
0	7	7	7	
----------------------------------------
0	8	7	8	
----------------------------------------
7	9	-1	-1	
----------------------------------------
7	10	0	10	
----------------------------------------
-1	-1	0	11	
----------------------------------------
7	12	-1	-1	
----------------------------------------
0	13	7	13	
----------------------------------------
-1	-1	2	14	
----------------------------------------
0	15	7	15	
----------------------------------------
0	16	-1	-1	
----------------------------------------
0	17	7	17	
----------------------------------------
-1	-1	0	18	
----------------------------------------
2	19	0	19	
----------------------------------------
-1	-1	7	20	
----------------------------------------
-1	-1	7	21	
----------------------------------------
-1	-1	0	22	
----------------------------------------
2	23	0	23	
----------------------------------------
-1	-1	7	24	
----------------------------------------
2	25	-1	-1	
----------------------------------------
7	26	0	26	
----------------------------------------
-1	-1	7	27	
----------------------------------------
2	28	-1	-1	
----------------------------------------
-1	-1	0	29	
----------------------------------------
2	30	7	30	
----------------------------------------
7	31	-1	-1	
----------------------------------------
-1	-1	0	32	
----------------------------------------
2	33	7	33	
----------------------------------------

****************************************
Node 2 Forwarding Table:
-1	-1	6	0	
----------------------------------------
6	1	-1	-1	
----------------------------------------
7	2	6	2	
----------------------------------------
1	3	-1	-1	
----------------------------------------
7	4	6	4	
----------------------------------------
-1	-1	7	5	
----------------------------------------
7	6	-1	-1	
----------------------------------------
7	7	6	7	
----------------------------------------
-1	-1	6	8	
----------------------------------------
-1	-1	7	9	
----------------------------------------
-1	-1	6	10	
----------------------------------------
7	11	6	11	
----------------------------------------
1	12	6	12	
----------------------------------------
6	13	7	13	
----------------------------------------
-1	-1	1	14	
----------------------------------------
6	15	-1	-1	
----------------------------------------
-1	-1	7	16	
----------------------------------------
-1	-1	7	17	
----------------------------------------
-1	-1	7	18	
----------------------------------------
-1	-1	1	19	
----------------------------------------
-1	-1	7	20	
----------------------------------------
-1	-1	7	21	
----------------------------------------
6	22	1	22	
----------------------------------------
6	23	-1	-1	
----------------------------------------
6	24	1	24	
----------------------------------------
-1	-1	7	25	
----------------------------------------
-1	-1	1	26	
----------------------------------------
6	27	7	27	
----------------------------------------
7	28	-1	-1	
----------------------------------------
-1	-1	1	29	
----------------------------------------

****************************************
Node 3 Forwarding Table:
-1	-1	0	0	
----------------------------------------
0	1	5	1	
----------------------------------------
10	2	4	2	
----------------------------------------
5	3	0	3	
----------------------------------------
10	4	0	4	
----------------------------------------
-1	-1	0	5	
----------------------------------------
10	6	0	6	
----------------------------------------
4	7	5	7	
----------------------------------------
-1	-1	4	8	
----------------------------------------
4	9	5	9	
----------------------------------------
10	10	5	10	
----------------------------------------
5	11	0	11	
----------------------------------------
-1	-1	0	12	
----------------------------------------
4	13	5	13	
----------------------------------------
5	14	4	14	
----------------------------------------
10	15	0	15	
----------------------------------------
10	16	0	16	
----------------------------------------
-1	-1	5	17	
----------------------------------------
10	18	4	18	
----------------------------------------
-1	-1	5	19	
----------------------------------------
-1	-1	0	20	
----------------------------------------
0	21	5	21	
----------------------------------------
0	22	5	22	
----------------------------------------
5	23	-1	-1	
----------------------------------------
5	24	4	24	
----------------------------------------
0	25	5	25	
----------------------------------------
-1	-1	4	26	
----------------------------------------
-1	-1	4	27	
----------------------------------------
5	28	10	28	
----------------------------------------
-1	-1	5	29	
----------------------------------------
5	30	10	30	
----------------------------------------
-1	-1	5	31	
----------------------------------------
0	32	5	32	
----------------------------------------
5	33	4	33	
----------------------------------------
4	34	10	34	
----------------------------------------
5	35	0	35	
----------------------------------------
0	36	5	36	
----------------------------------------
10	37	5	37	
----------------------------------------
5	38	-1	-1	
----------------------------------------
-1	-1	10	39	
----------------------------------------

****************************************
Node 4 Forwarding Table:
3	0	6	0	
----------------------------------------
-1	-1	3	1	
----------------------------------------
0	2	-1	-1	
----------------------------------------
3	3	-1	-1	
----------------------------------------
0	4	3	4	
----------------------------------------
6	5	3	5	
----------------------------------------
0	6	-1	-1	
----------------------------------------
0	7	6	7	
----------------------------------------
3	8	-1	-1	
----------------------------------------
3	9	6	9	
----------------------------------------
-1	-1	0	10	
----------------------------------------
-1	-1	6	11	
----------------------------------------
-1	-1	0	12	
----------------------------------------
3	13	6	13	
----------------------------------------
3	14	6	14	
----------------------------------------
3	15	6	15	
----------------------------------------
0	16	6	16	
----------------------------------------
-1	-1	6	17	
----------------------------------------
6	18	-1	-1	
----------------------------------------
6	19	0	19	
----------------------------------------
-1	-1	6	20	
----------------------------------------
3	21	6	21	
----------------------------------------
6	22	3	22	
----------------------------------------
0	23	6	23	
----------------------------------------
6	24	-1	-1	
----------------------------------------
6	25	-1	-1	
----------------------------------------
-1	-1	6	26	
----------------------------------------
-1	-1	0	27	
----------------------------------------

****************************************
Node 5 Forwarding Table:
3	0	8	0	
----------------------------------------
-1	-1	3	1	
----------------------------------------
3	2	8	2	
----------------------------------------
3	3	11	3	
----------------------------------------
3	4	8	4	
----------------------------------------
-1	-1	3	5	
----------------------------------------
3	6	-1	-1	
----------------------------------------
-1	-1	11	7	
----------------------------------------
-1	-1	3	8	
----------------------------------------
3	9	8	9	
----------------------------------------
3	10	8	10	
----------------------------------------
3	11	-1	-1	
----------------------------------------
3	12	-1	-1	
----------------------------------------
11	13	3	13	
----------------------------------------
11	14	3	14	
----------------------------------------
-1	-1	8	15	
----------------------------------------
3	16	11	16	
----------------------------------------
8	17	3	17	
----------------------------------------
3	18	11	18	
----------------------------------------
-1	-1	11	19	
----------------------------------------
8	20	3	20	
----------------------------------------
8	21	-1	-1	
----------------------------------------
3	22	11	22	
----------------------------------------
3	23	-1	-1	
----------------------------------------
11	24	3	24	
----------------------------------------
11	25	3	25	
----------------------------------------
11	26	8	26	
----------------------------------------
8	27	-1	-1	
----------------------------------------
11	28	-1	-1	
----------------------------------------
11	29	8	29	
----------------------------------------
3	30	11	30	
----------------------------------------
3	31	8	31	
----------------------------------------
-1	-1	3	32	
----------------------------------------
11	33	-1	-1	
----------------------------------------

****************************************
Node 6 Forwarding Table:
2	0	9	0	
----------------------------------------
4	1	2	1	
----------------------------------------
2	2	-1	-1	
----------------------------------------
9	3	-1	-1	
----------------------------------------
2	4	9	4	
----------------------------------------
2	5	9	5	
----------------------------------------
2	6	9	6	
----------------------------------------
-1	-1	4	7	
----------------------------------------
2	8	-1	-1	
----------------------------------------
4	9	9	9	
----------------------------------------
2	10	9	10	
----------------------------------------
2	11	-1	-1	
----------------------------------------
-1	-1	2	12	
----------------------------------------
4	13	9	13	
----------------------------------------
4	14	9	14	
----------------------------------------
4	15	-1	-1	
----------------------------------------
-1	-1	2	16	
----------------------------------------
4	17	9	17	
----------------------------------------
4	18	9	18	
----------------------------------------
4	19	-1	-1	
----------------------------------------
4	20	9	20	
----------------------------------------
9	21	4	21	
----------------------------------------
9	22	4	22	
----------------------------------------
9	23	-1	-1	
----------------------------------------
-1	-1	9	24	
----------------------------------------
9	25	2	25	
----------------------------------------
4	26	9	26	
----------------------------------------
4	27	2	27	
----------------------------------------
9	28	4	28	
----------------------------------------
9	29	-1	-1	
----------------------------------------
9	30	2	30	
----------------------------------------
9	31	-1	-1	
----------------------------------------
4	32	-1	-1	
----------------------------------------
9	33	4	33	
----------------------------------------
9	34	4	34	
----------------------------------------
9	35	2	35	
----------------------------------------
4	36	9	36	
----------------------------------------

****************************************
Node 7 Forwarding Table:
1	0	-1	-1	
----------------------------------------
15	1	2	1	
----------------------------------------
1	2	-1	-1	
----------------------------------------
15	3	1	3	
----------------------------------------
1	4	15	4	
----------------------------------------
15	5	2	5	
----------------------------------------
15	6	1	6	
----------------------------------------
2	7	15	7	
----------------------------------------
1	8	-1	-1	
----------------------------------------
15	9	2	9	
----------------------------------------
15	10	2	10	
----------------------------------------
2	11	15	11	
----------------------------------------
1	12	15	12	
----------------------------------------
15	13	1	13	
----------------------------------------
15	14	1	14	
----------------------------------------
15	15	-1	-1	
----------------------------------------
15	16	1	16	
----------------------------------------
15	17	2	17	
----------------------------------------
1	18	15	18	
----------------------------------------
1	19	15	19	
----------------------------------------
2	20	15	20	
----------------------------------------
1	21	15	21	
----------------------------------------
15	22	-1	-1	
----------------------------------------
1	23	15	23	
----------------------------------------
-1	-1	15	24	
----------------------------------------
2	25	15	25	
----------------------------------------
2	26	15	26	
----------------------------------------
1	27	15	27	
----------------------------------------
2	28	15	28	
----------------------------------------
2	29	15	29	
----------------------------------------
2	30	15	30	
----------------------------------------
1	31	15	31	
----------------------------------------
15	32	1	32	
----------------------------------------
-1	-1	15	33	
----------------------------------------
1	34	15	34	
----------------------------------------
2	35	15	35	
----------------------------------------
1	36	-1	-1	
----------------------------------------
15	37	1	37	
----------------------------------------
2	38	15	38	
----------------------------------------
15	39	2	39	
----------------------------------------
1	40	-1	-1	
----------------------------------------

****************************************
Node 8 Forwarding Table:
5	0	-1	-1	
----------------------------------------
12	1	-1	-1	
----------------------------------------
12	2	-1	-1	
----------------------------------------
5	3	12	3	
----------------------------------------
5	4	12	4	
----------------------------------------
9	5	-1	-1	
----------------------------------------
5	6	-1	-1	
----------------------------------------
5	7	12	7	
----------------------------------------
-1	-1	9	8	
----------------------------------------
12	9	9	9	
----------------------------------------
5	10	9	10	
----------------------------------------
-1	-1	12	11	
----------------------------------------
12	12	-1	-1	
----------------------------------------
-1	-1	5	13	
----------------------------------------
-1	-1	12	14	
----------------------------------------
12	15	5	15	
----------------------------------------
9	16	5	16	
----------------------------------------
12	17	-1	-1	
----------------------------------------
-1	-1	12	18	
----------------------------------------
5	19	12	19	
----------------------------------------
12	20	5	20	
----------------------------------------
9	21	12	21	
----------------------------------------
9	22	12	22	
----------------------------------------
12	23	9	23	
----------------------------------------
5	24	12	24	
----------------------------------------
12	25	9	25	
----------------------------------------
5	26	12	26	
----------------------------------------

****************************************
Node 9 Forwarding Table:
6	0	14	0	
----------------------------------------
14	1	-1	-1	
----------------------------------------
14	2	6	2	
----------------------------------------
6	3	-1	-1	
----------------------------------------
6	4	-1	-1	
----------------------------------------
-1	-1	14	5	
----------------------------------------
6	6	14	6	
----------------------------------------
6	7	14	7	
----------------------------------------
6	8	8	8	
----------------------------------------
14	9	-1	-1	
----------------------------------------
6	10	14	10	
----------------------------------------
8	11	14	11	
----------------------------------------
6	12	14	12	
----------------------------------------
8	13	14	13	
----------------------------------------
8	14	14	14	
----------------------------------------
6	15	14	15	
----------------------------------------
6	16	14	16	
----------------------------------------
14	17	-1	-1	
----------------------------------------
6	18	14	18	
----------------------------------------
14	19	6	19	
----------------------------------------
-1	-1	6	20	
----------------------------------------
14	21	6	21	
----------------------------------------
14	22	8	22	
----------------------------------------
6	23	14	23	
----------------------------------------
14	24	6	24	
----------------------------------------
6	25	14	25	
----------------------------------------
-1	-1	6	26	
----------------------------------------
14	27	6	27	
----------------------------------------
14	28	6	28	
----------------------------------------
14	29	6	29	
----------------------------------------
14	30	6	30	
----------------------------------------
14	31	6	31	
----------------------------------------
14	32	8	32	
----------------------------------------
-1	-1	8	33	
----------------------------------------
8	34	6	34	
----------------------------------------
8	35	-1	-1	
----------------------------------------
6	36	-1	-1	
----------------------------------------

****************************************
Node 10 Forwarding Table:
-1	-1	3	0	
----------------------------------------
11	1	3	1	
----------------------------------------
11	2	3	2	
----------------------------------------
-1	-1	3	3	
----------------------------------------
11	4	-1	-1	
----------------------------------------
-1	-1	3	5	
----------------------------------------
-1	-1	3	6	
----------------------------------------
-1	-1	3	7	
----------------------------------------
11	8	-1	-1	
----------------------------------------
3	9	-1	-1	
----------------------------------------
11	10	-1	-1	
----------------------------------------
3	11	-1	-1	
----------------------------------------
-1	-1	11	12	
----------------------------------------
3	13	-1	-1	
----------------------------------------
11	14	-1	-1	
----------------------------------------
-1	-1	3	15	
----------------------------------------
3	16	11	16	
----------------------------------------

****************************************
Node 11 Forwarding Table:
-1	-1	10	0	
----------------------------------------
-1	-1	10	1	
----------------------------------------
5	2	-1	-1	
----------------------------------------
17	3	10	3	
----------------------------------------
-1	-1	17	4	
----------------------------------------
5	5	-1	-1	
----------------------------------------
-1	-1	17	6	
----------------------------------------
-1	-1	17	7	
----------------------------------------
-1	-1	17	8	
----------------------------------------
17	9	5	9	
----------------------------------------
-1	-1	5	10	
----------------------------------------
5	11	10	11	
----------------------------------------
5	12	17	12	
----------------------------------------
5	13	17	13	
----------------------------------------
17	14	10	14	
----------------------------------------
-1	-1	17	15	
----------------------------------------
5	16	17	16	
----------------------------------------
10	17	-1	-1	
----------------------------------------
-1	-1	5	18	
----------------------------------------
17	19	5	19	
----------------------------------------
-1	-1	5	20	
----------------------------------------
17	21	5	21	
----------------------------------------
-1	-1	5	22	
----------------------------------------
5	23	10	23	
----------------------------------------
10	24	5	24	
----------------------------------------

****************************************
Node 12 Forwarding Table:
18	0	8	0	
----------------------------------------
17	1	8	1	
----------------------------------------
8	2	-1	-1	
----------------------------------------
8	3	18	3	
----------------------------------------
17	4	-1	-1	
----------------------------------------
8	5	-1	-1	
----------------------------------------
-1	-1	8	6	
----------------------------------------
-1	-1	18	7	
----------------------------------------
17	8	-1	-1	
----------------------------------------
8	9	-1	-1	
----------------------------------------
18	10	8	10	
----------------------------------------
17	11	-1	-1	
----------------------------------------
8	12	18	12	
----------------------------------------
18	13	8	13	
----------------------------------------
18	14	-1	-1	
----------------------------------------
17	15	8	15	
----------------------------------------
18	16	-1	-1	
----------------------------------------
8	17	18	17	
----------------------------------------
8	18	18	18	
----------------------------------------
18	19	8	19	
----------------------------------------
18	20	-1	-1	
----------------------------------------
-1	-1	18	21	
----------------------------------------
8	22	18	22	
----------------------------------------
8	23	18	23	
----------------------------------------
-1	-1	18	24	
----------------------------------------
-1	-1	8	25	
----------------------------------------
8	26	-1	-1	
----------------------------------------
18	27	8	27	
----------------------------------------
8	28	18	28	
----------------------------------------

****************************************
Node 13 Forwarding Table:
16	0	15	0	
----------------------------------------
21	1	15	1	
----------------------------------------
16	2	15	2	
----------------------------------------
15	3	21	3	
----------------------------------------
16	4	15	4	
----------------------------------------
16	5	15	5	
----------------------------------------
15	6	21	6	
----------------------------------------
15	7	21	7	
----------------------------------------
16	8	15	8	
----------------------------------------
16	9	15	9	
----------------------------------------
21	10	15	10	
----------------------------------------
16	11	15	11	
----------------------------------------
-1	-1	15	12	
----------------------------------------
15	13	-1	-1	
----------------------------------------
16	14	-1	-1	
----------------------------------------
15	15	-1	-1	
----------------------------------------
15	16	16	16	
----------------------------------------
15	17	16	17	
----------------------------------------
16	18	15	18	
----------------------------------------
15	19	16	19	
----------------------------------------
15	20	16	20	
----------------------------------------
15	21	-1	-1	
----------------------------------------
15	22	21	22	
----------------------------------------
15	23	21	23	
----------------------------------------
15	24	16	24	
----------------------------------------
15	25	21	25	
----------------------------------------
21	26	-1	-1	
----------------------------------------
21	27	15	27	
----------------------------------------
21	28	-1	-1	
----------------------------------------
-1	-1	16	29	
----------------------------------------
16	30	-1	-1	
----------------------------------------
-1	-1	15	31	
----------------------------------------
15	32	-1	-1	
----------------------------------------
15	33	16	33	
----------------------------------------
-1	-1	21	34	
----------------------------------------
15	35	21	35	
----------------------------------------
16	36	15	36	
----------------------------------------
-1	-1	16	37	
----------------------------------------
15	38	-1	-1	
----------------------------------------

****************************************
Node 14 Forwarding Table:
9	0	23	0	
----------------------------------------
23	1	9	1	
----------------------------------------
19	2	9	2	
----------------------------------------
-1	-1	23	3	
----------------------------------------
-1	-1	23	4	
----------------------------------------
9	5	19	5	
----------------------------------------
9	6	23	6	
----------------------------------------
-1	-1	23	7	
----------------------------------------
9	8	-1	-1	
----------------------------------------
-1	-1	19	9	
----------------------------------------
23	10	9	10	
----------------------------------------
9	11	-1	-1	
----------------------------------------
9	12	23	12	
----------------------------------------
9	13	23	13	
----------------------------------------
9	14	-1	-1	
----------------------------------------
9	15	23	15	
----------------------------------------
19	16	-1	-1	
----------------------------------------
23	17	19	17	
----------------------------------------
9	18	-1	-1	
----------------------------------------
9	19	23	19	
----------------------------------------
19	20	9	20	
----------------------------------------
9	21	23	21	
----------------------------------------
-1	-1	9	22	
----------------------------------------
19	23	9	23	
----------------------------------------
-1	-1	9	24	
----------------------------------------
9	25	23	25	
----------------------------------------
23	26	9	26	
----------------------------------------
9	27	23	27	
----------------------------------------
-1	-1	23	28	
----------------------------------------
23	29	9	29	
----------------------------------------
-1	-1	19	30	
----------------------------------------
23	31	9	31	
----------------------------------------
23	32	-1	-1	
----------------------------------------
19	33	9	33	
----------------------------------------
23	34	9	34	
----------------------------------------
23	35	9	35	
----------------------------------------
-1	-1	9	36	
----------------------------------------
23	37	-1	-1	
----------------------------------------
23	38	-1	-1	
----------------------------------------

****************************************
Node 15 Forwarding Table:
13	0	7	0	
----------------------------------------
13	1	7	1	
----------------------------------------
7	2	19	2	
----------------------------------------
-1	-1	7	3	
----------------------------------------
13	4	7	4	
----------------------------------------
7	5	13	5	
----------------------------------------
13	6	7	6	
----------------------------------------
13	7	7	7	
----------------------------------------
7	8	19	8	
----------------------------------------
7	9	13	9	
----------------------------------------
-1	-1	13	10	
----------------------------------------
13	11	7	11	
----------------------------------------
-1	-1	7	12	
----------------------------------------
13	13	7	13	
----------------------------------------
13	14	19	14	
----------------------------------------
13	15	7	15	
----------------------------------------
13	16	7	16	
----------------------------------------
7	17	-1	-1	
----------------------------------------
19	18	13	18	
----------------------------------------
7	19	-1	-1	
----------------------------------------
7	20	13	20	
----------------------------------------
-1	-1	13	21	
----------------------------------------
7	22	13	22	
----------------------------------------
13	23	7	23	
----------------------------------------
7	24	13	24	
----------------------------------------
7	25	13	25	
----------------------------------------
7	26	19	26	
----------------------------------------
7	27	13	27	
----------------------------------------
7	28	13	28	
----------------------------------------
7	29	13	29	
----------------------------------------
7	30	19	30	
----------------------------------------
7	31	13	31	
----------------------------------------
7	32	13	32	
----------------------------------------
-1	-1	19	33	
----------------------------------------
13	34	-1	-1	
----------------------------------------
13	35	7	35	
----------------------------------------
7	36	13	36	
----------------------------------------
7	37	-1	-1	
----------------------------------------
19	38	13	38	
----------------------------------------
7	39	13	39	
----------------------------------------
13	40	7	40	
----------------------------------------
7	41	-1	-1	
----------------------------------------
19	42	7	42	
----------------------------------------
-1	-1	13	43	
----------------------------------------

****************************************
Node 16 Forwarding Table:
22	0	13	0	
----------------------------------------
-1	-1	13	1	
----------------------------------------
20	2	13	2	
----------------------------------------
-1	-1	13	3	
----------------------------------------
20	4	-1	-1	
----------------------------------------
20	5	13	5	
----------------------------------------
-1	-1	13	6	
----------------------------------------
22	7	13	7	
----------------------------------------
-1	-1	13	8	
----------------------------------------
13	9	-1	-1	
----------------------------------------
13	10	20	10	
----------------------------------------
22	11	13	11	
----------------------------------------
13	12	22	12	
----------------------------------------
22	13	-1	-1	
----------------------------------------
13	14	22	14	
----------------------------------------
22	15	-1	-1	
----------------------------------------
13	16	22	16	
----------------------------------------
-1	-1	22	17	
----------------------------------------
13	18	20	18	
----------------------------------------
22	19	13	19	
----------------------------------------
22	20	-1	-1	
----------------------------------------
-1	-1	20	21	
----------------------------------------
-1	-1	20	22	
----------------------------------------
-1	-1	22	23	
----------------------------------------
13	24	22	24	
----------------------------------------
22	25	13	25	
----------------------------------------
13	26	22	26	
----------------------------------------
-1	-1	22	27	
----------------------------------------

****************************************
Node 17 Forwarding Table:
23	0	-1	-1	
----------------------------------------
21	1	23	1	
----------------------------------------
-1	-1	21	2	
----------------------------------------
-1	-1	12	3	
----------------------------------------
-1	-1	11	4	
----------------------------------------
23	5	-1	-1	
----------------------------------------
11	6	-1	-1	
----------------------------------------
21	7	12	7	
----------------------------------------
-1	-1	23	8	
----------------------------------------
23	9	21	9	
----------------------------------------
21	10	-1	-1	
----------------------------------------
-1	-1	21	11	
----------------------------------------
11	12	21	12	
----------------------------------------
11	13	-1	-1	
----------------------------------------
21	14	23	14	
----------------------------------------
11	15	23	15	
----------------------------------------
-1	-1	11	16	
----------------------------------------
-1	-1	12	17	
----------------------------------------
21	18	-1	-1	
----------------------------------------
23	19	-1	-1	
----------------------------------------
21	20	12	20	
----------------------------------------
11	21	21	21	
----------------------------------------
11	22	21	22	
----------------------------------------
-1	-1	11	23	
----------------------------------------
11	24	21	24	
----------------------------------------
11	25	21	25	
----------------------------------------
23	26	21	26	
----------------------------------------
21	27	-1	-1	
----------------------------------------
23	28	-1	-1	
----------------------------------------
21	29	12	29	
----------------------------------------
-1	-1	11	30	
----------------------------------------
21	31	-1	-1	
----------------------------------------
21	32	-1	-1	
----------------------------------------
21	33	-1	-1	
----------------------------------------
21	34	23	34	
----------------------------------------
21	35	11	35	
----------------------------------------
23	36	-1	-1	
----------------------------------------

****************************************
Node 18 Forwarding Table:
-1	-1	12	0	
----------------------------------------
23	1	-1	-1	
----------------------------------------
12	2	-1	-1	
----------------------------------------
-1	-1	23	3	
----------------------------------------
23	4	-1	-1	
----------------------------------------
23	5	-1	-1	
----------------------------------------
23	6	-1	-1	
----------------------------------------
23	7	22	7	
----------------------------------------
12	8	22	8	
----------------------------------------
-1	-1	12	9	
----------------------------------------
-1	-1	23	10	
----------------------------------------
23	11	22	11	
----------------------------------------
12	12	-1	-1	
----------------------------------------
22	13	23	13	
----------------------------------------
-1	-1	12	14	
----------------------------------------
-1	-1	23	15	
----------------------------------------
-1	-1	22	16	
----------------------------------------
23	17	22	17	
----------------------------------------
-1	-1	12	18	
----------------------------------------
22	19	23	19	
----------------------------------------
-1	-1	12	20	
----------------------------------------
-1	-1	23	21	
----------------------------------------
12	22	-1	-1	
----------------------------------------
12	23	22	23	
----------------------------------------
22	24	12	24	
----------------------------------------
-1	-1	12	25	
----------------------------------------
12	26	23	26	
----------------------------------------
12	27	23	27	
----------------------------------------
12	28	23	28	
----------------------------------------
-1	-1	22	29	
----------------------------------------
12	30	23	30	
----------------------------------------
22	31	23	31	
----------------------------------------
23	32	12	32	
----------------------------------------
12	33	-1	-1	
----------------------------------------
22	34	23	34	
----------------------------------------

****************************************
Node 19 Forwarding Table:
-1	-1	14	0	
----------------------------------------
15	1	-1	-1	
----------------------------------------
14	2	-1	-1	
----------------------------------------
15	3	-1	-1	
----------------------------------------
15	4	-1	-1	
----------------------------------------
14	5	15	5	
----------------------------------------
15	6	14	6	
----------------------------------------
14	7	-1	-1	
----------------------------------------
15	8	14	8	
----------------------------------------
15	9	14	9	
----------------------------------------
14	10	15	10	
----------------------------------------
-1	-1	14	11	
----------------------------------------
-1	-1	15	12	
----------------------------------------

****************************************
Node 20 Forwarding Table:
-1	-1	16	0	
----------------------------------------
-1	-1	16	1	
----------------------------------------
-1	-1	16	2	
----------------------------------------
21	3	22	3	
----------------------------------------
-1	-1	21	4	
----------------------------------------
16	5	-1	-1	
----------------------------------------
21	6	-1	-1	
----------------------------------------
21	7	-1	-1	
----------------------------------------
16	8	-1	-1	
----------------------------------------
16	9	21	9	
----------------------------------------
16	10	21	10	
----------------------------------------
-1	-1	21	11	
----------------------------------------
-1	-1	21	12	
----------------------------------------

****************************************
Node 21 Forwarding Table:
-1	-1	17	0	
----------------------------------------
17	1	13	1	
----------------------------------------
13	2	-1	-1	
----------------------------------------
-1	-1	17	3	
----------------------------------------
13	4	-1	-1	
----------------------------------------
17	5	-1	-1	
----------------------------------------
13	6	17	6	
----------------------------------------
17	7	-1	-1	
----------------------------------------
-1	-1	13	8	
----------------------------------------
17	9	20	9	
----------------------------------------
20	10	17	10	
----------------------------------------
13	11	17	11	
----------------------------------------
13	12	-1	-1	
----------------------------------------
13	13	17	13	
----------------------------------------
17	14	13	14	
----------------------------------------
17	15	20	15	
----------------------------------------
17	16	13	16	
----------------------------------------
17	17	13	17	
----------------------------------------
17	18	20	18	
----------------------------------------
20	19	17	19	
----------------------------------------
20	20	17	20	
----------------------------------------
13	21	17	21	
----------------------------------------
13	22	17	22	
----------------------------------------
20	23	17	23	
----------------------------------------
-1	-1	17	24	
----------------------------------------
20	25	17	25	
----------------------------------------

****************************************
Node 22 Forwarding Table:
-1	-1	16	0	
----------------------------------------
-1	-1	16	1	
----------------------------------------
20	2	-1	-1	
----------------------------------------
-1	-1	16	3	
----------------------------------------
16	4	-1	-1	
----------------------------------------
18	5	16	5	
----------------------------------------
16	6	-1	-1	
----------------------------------------
18	7	16	7	
----------------------------------------
16	8	-1	-1	
----------------------------------------
18	9	-1	-1	
----------------------------------------
16	10	18	10	
----------------------------------------
18	11	16	11	
----------------------------------------
18	12	16	12	
----------------------------------------
16	13	18	13	
----------------------------------------
16	14	-1	-1	
----------------------------------------
18	15	-1	-1	
----------------------------------------
-1	-1	18	16	
----------------------------------------
18	17	16	17	
----------------------------------------
16	18	18	18	
----------------------------------------
-1	-1	18	19	
----------------------------------------
16	20	-1	-1	
----------------------------------------

****************************************
Node 23 Forwarding Table:
14	0	17	0	
----------------------------------------
17	1	14	1	
----------------------------------------
14	2	18	2	
----------------------------------------
18	3	17	3	
----------------------------------------
14	4	18	4	
----------------------------------------
14	5	18	5	
----------------------------------------
17	6	18	6	
----------------------------------------
14	7	17	7	
----------------------------------------
17	8	14	8	
----------------------------------------
14	9	-1	-1	
----------------------------------------
14	10	18	10	
----------------------------------------
17	11	-1	-1	
----------------------------------------
14	12	-1	-1	
----------------------------------------
18	13	14	13	
----------------------------------------
-1	-1	17	14	
----------------------------------------
14	15	-1	-1	
----------------------------------------
14	16	18	16	
----------------------------------------
18	17	-1	-1	
----------------------------------------
14	18	17	18	
----------------------------------------
18	19	14	19	
----------------------------------------
14	20	18	20	
----------------------------------------
14	21	17	21	
----------------------------------------
18	22	14	22	
----------------------------------------
-1	-1	14	23	
----------------------------------------
18	24	14	24	
----------------------------------------
-1	-1	14	25	
----------------------------------------
18	26	14	26	
----------------------------------------
18	27	-1	-1	
----------------------------------------
17	28	14	28	
----------------------------------------
18	29	-1	-1	
----------------------------------------
18	30	-1	-1	
----------------------------------------
18	31	17	31	
----------------------------------------
-1	-1	18	32	
----------------------------------------
18	33	14	33	
----------------------------------------

****************************************
