Node 0 Forwarding Table:
-1	-1	1	0	
----------------------------------------
-1	-1	4	1	
----------------------------------------
1	2	3	2	
----------------------------------------
-1	-1	3	3	
----------------------------------------
1	4	3	4	
----------------------------------------
4	5	1	5	
----------------------------------------
1	6	3	6	
----------------------------------------
-1	-1	1	7	
----------------------------------------
4	8	-1	-1	
----------------------------------------
1	9	3	9	
----------------------------------------
-1	-1	1	10	
----------------------------------------
-1	-1	1	11	
----------------------------------------
3	12	4	12	
----------------------------------------
1	13	3	13	
----------------------------------------
1	14	3	14	
----------------------------------------

****************************************
Node 1 Forwarding Table:
0	0	7	0	
----------------------------------------
-1	-1	0	1	
----------------------------------------
-1	-1	2	2	
----------------------------------------
-1	-1	0	3	
----------------------------------------
0	4	7	4	
----------------------------------------
2	5	0	5	
----------------------------------------
0	6	7	6	
----------------------------------------
-1	-1	0	7	
----------------------------------------
7	8	-1	-1	
----------------------------------------
0	9	7	9	
----------------------------------------
7	10	-1	-1	
----------------------------------------
0	11	-1	-1	
----------------------------------------
2	12	0	12	
----------------------------------------
2	13	0	13	
----------------------------------------
7	14	-1	-1	
----------------------------------------
-1	-1	7	15	
----------------------------------------

****************************************
Node 2 Forwarding Table:
1	0	6	0	
----------------------------------------
-1	-1	6	1	
----------------------------------------
7	2	-1	-1	
----------------------------------------
-1	-1	1	3	
----------------------------------------
7	4	6	4	
----------------------------------------
7	5	6	5	
----------------------------------------
-1	-1	7	6	
----------------------------------------
-1	-1	7	7	
----------------------------------------
7	8	-1	-1	
----------------------------------------
6	9	-1	-1	
----------------------------------------
7	10	6	10	
----------------------------------------
-1	-1	7	11	
----------------------------------------
-1	-1	1	12	
----------------------------------------
-1	-1	6	13	
----------------------------------------
6	14	7	14	
----------------------------------------
-1	-1	1	15	
----------------------------------------
6	16	7	16	
----------------------------------------
-1	-1	7	17	
----------------------------------------

****************************************
Node 3 Forwarding Table:
4	0	10	0	
----------------------------------------
0	1	5	1	
----------------------------------------
0	2	5	2	
----------------------------------------
-1	-1	5	3	
----------------------------------------
4	4	-1	-1	
----------------------------------------
0	5	10	5	
----------------------------------------
-1	-1	4	6	
----------------------------------------
0	7	10	7	
----------------------------------------
-1	-1	5	8	
----------------------------------------
10	9	-1	-1	
----------------------------------------
10	10	4	10	
----------------------------------------
0	11	10	11	
----------------------------------------
4	12	10	12	
----------------------------------------
5	13	-1	-1	
----------------------------------------
4	14	10	14	
----------------------------------------
-1	-1	4	15	
----------------------------------------
4	16	10	16	
----------------------------------------
4	17	10	17	
----------------------------------------
10	18	0	18	
----------------------------------------
0	19	10	19	
----------------------------------------
-1	-1	4	20	
----------------------------------------
0	21	-1	-1	
----------------------------------------

****************************************
Node 4 Forwarding Table:
0	0	3	0	
----------------------------------------
6	1	3	1	
----------------------------------------
-1	-1	0	2	
----------------------------------------
3	3	6	3	
----------------------------------------
3	4	0	4	
----------------------------------------
-1	-1	3	5	
----------------------------------------
6	6	-1	-1	
----------------------------------------
-1	-1	3	7	
----------------------------------------
3	8	6	8	
----------------------------------------
6	9	3	9	
----------------------------------------
-1	-1	3	10	
----------------------------------------
0	11	-1	-1	
----------------------------------------
6	12	-1	-1	
----------------------------------------
3	13	-1	-1	
----------------------------------------

****************************************
Node 5 Forwarding Table:
-1	-1	8	0	
----------------------------------------
3	1	-1	-1	
----------------------------------------
3	2	8	2	
----------------------------------------
3	3	8	3	
----------------------------------------
3	4	8	4	
----------------------------------------
-1	-1	11	5	
----------------------------------------
11	6	-1	-1	
----------------------------------------
8	7	11	7	
----------------------------------------
8	8	3	8	
----------------------------------------
11	9	8	9	
----------------------------------------

****************************************
Node 6 Forwarding Table:
2	0	9	0	
----------------------------------------
-1	-1	4	1	
----------------------------------------
2	2	-1	-1	
----------------------------------------
4	3	9	3	
----------------------------------------
-1	-1	9	4	
----------------------------------------
2	5	9	5	
----------------------------------------
2	6	-1	-1	
----------------------------------------
9	7	4	7	
----------------------------------------
-1	-1	2	8	
----------------------------------------
2	9	-1	-1	
----------------------------------------
4	10	9	10	
----------------------------------------
-1	-1	4	11	
----------------------------------------
2	12	-1	-1	
----------------------------------------
9	13	4	13	
----------------------------------------
-1	-1	2	14	
----------------------------------------
9	15	-1	-1	
----------------------------------------
9	16	2	16	
----------------------------------------

****************************************
Node 7 Forwarding Table:
1	0	15	0	
----------------------------------------
1	1	15	1	
----------------------------------------
15	2	2	2	
----------------------------------------
1	3	15	3	
----------------------------------------
-1	-1	2	4	
----------------------------------------
-1	-1	2	5	
----------------------------------------
2	6	15	6	
----------------------------------------
2	7	-1	-1	
----------------------------------------
15	8	1	8	
----------------------------------------
1	9	15	9	
----------------------------------------
15	10	2	10	
----------------------------------------
15	11	1	11	
----------------------------------------
-1	-1	2	12	
----------------------------------------
15	13	-1	-1	
----------------------------------------
2	14	15	14	
----------------------------------------
2	15	15	15	
----------------------------------------
2	16	-1	-1	
----------------------------------------
2	17	15	17	
----------------------------------------
15	18	1	18	
----------------------------------------
1	19	15	19	
----------------------------------------

****************************************
Node 8 Forwarding Table:
5	0	12	0	
----------------------------------------
9	1	12	1	
----------------------------------------
5	2	12	2	
----------------------------------------
5	3	12	3	
----------------------------------------
5	4	12	4	
----------------------------------------
9	5	12	5	
----------------------------------------
9	6	-1	-1	
----------------------------------------
9	7	-1	-1	
----------------------------------------
12	8	9	8	
----------------------------------------
9	9	12	9	
----------------------------------------
12	10	9	10	
----------------------------------------
-1	-1	12	11	
----------------------------------------
12	12	5	12	
----------------------------------------
12	13	5	13	
----------------------------------------
9	14	12	14	
----------------------------------------
12	15	9	15	
----------------------------------------
9	16	12	16	
----------------------------------------
5	17	9	17	
----------------------------------------
-1	-1	9	18	
----------------------------------------

****************************************
Node 9 Forwarding Table:
6	0	8	0	
----------------------------------------
6	1	14	1	
----------------------------------------
6	2	8	2	
----------------------------------------
14	3	8	3	
----------------------------------------
-1	-1	14	4	
----------------------------------------
14	5	8	5	
----------------------------------------
8	6	-1	-1	
----------------------------------------
6	7	8	7	
----------------------------------------
8	8	-1	-1	
----------------------------------------
14	9	-1	-1	
----------------------------------------
14	10	6	10	
----------------------------------------
-1	-1	8	11	
----------------------------------------
6	12	-1	-1	
----------------------------------------
8	13	6	13	
----------------------------------------
-1	-1	8	14	
----------------------------------------
14	15	6	15	
----------------------------------------
8	16	14	16	
----------------------------------------
8	17	6	17	
----------------------------------------

****************************************
Node 10 Forwarding Table:
11	0	-1	-1	
----------------------------------------
3	1	-1	-1	
----------------------------------------
3	2	-1	-1	
----------------------------------------
3	3	-1	-1	
----------------------------------------
-1	-1	3	4	
----------------------------------------
-1	-1	3	5	
----------------------------------------
3	6	11	6	
----------------------------------------
3	7	11	7	
----------------------------------------
3	8	11	8	
----------------------------------------
-1	-1	11	9	
----------------------------------------
3	10	11	10	
----------------------------------------
3	11	11	11	
----------------------------------------
11	12	-1	-1	
----------------------------------------
-1	-1	3	13	
----------------------------------------
3	14	-1	-1	
----------------------------------------

****************************************
Node 11 Forwarding Table:
17	0	10	0	
----------------------------------------
17	1	-1	-1	
----------------------------------------
17	2	-1	-1	
----------------------------------------
17	3	-1	-1	
----------------------------------------
5	4	17	4	
----------------------------------------
10	5	17	5	
----------------------------------------
17	6	-1	-1	
----------------------------------------
10	7	17	7	
----------------------------------------
17	8	5	8	
----------------------------------------
5	9	-1	-1	
----------------------------------------
10	10	17	10	
----------------------------------------
10	11	17	11	
----------------------------------------
10	12	17	12	
----------------------------------------
10	13	17	13	
----------------------------------------
-1	-1	10	14	
----------------------------------------
-1	-1	5	15	
----------------------------------------

****************************************
Node 12 Forwarding Table:
8	0	18	0	
----------------------------------------
8	1	-1	-1	
----------------------------------------
8	2	18	2	
----------------------------------------
8	3	18	3	
----------------------------------------
8	4	18	4	
----------------------------------------
18	5	17	5	
----------------------------------------
8	6	-1	-1	
----------------------------------------
18	7	8	7	
----------------------------------------
8	8	-1	-1	
----------------------------------------
17	9	8	9	
----------------------------------------
8	10	17	10	
----------------------------------------
17	11	-1	-1	
----------------------------------------
17	12	8	12	
----------------------------------------
-1	-1	8	13	
----------------------------------------
17	14	18	14	
----------------------------------------
8	15	17	15	
----------------------------------------
17	16	-1	-1	
----------------------------------------
17	17	-1	-1	
----------------------------------------
18	18	8	18	
----------------------------------------
8	19	17	19	
----------------------------------------
17	20	-1	-1	
----------------------------------------
17	21	18	21	
----------------------------------------
18	22	-1	-1	
----------------------------------------
18	23	-1	-1	
----------------------------------------

****************************************
Node 13 Forwarding Table:
15	0	16	0	
----------------------------------------
16	1	-1	-1	
----------------------------------------
16	2	15	2	
----------------------------------------
16	3	-1	-1	
----------------------------------------
15	4	-1	-1	
----------------------------------------
21	5	-1	-1	
----------------------------------------
-1	-1	15	6	
----------------------------------------
21	7	-1	-1	
----------------------------------------
-1	-1	15	8	
----------------------------------------
15	9	16	9	
----------------------------------------
-1	-1	21	10	
----------------------------------------
21	11	-1	-1	
----------------------------------------
-1	-1	15	12	
----------------------------------------
21	13	15	13	
----------------------------------------
-1	-1	21	14	
----------------------------------------
15	15	16	15	
----------------------------------------
16	16	15	16	
----------------------------------------
-1	-1	15	17	
----------------------------------------
-1	-1	16	18	
----------------------------------------
15	19	21	19	
----------------------------------------
15	20	21	20	
----------------------------------------
16	21	21	21	
----------------------------------------

****************************************
Node 14 Forwarding Table:
-1	-1	23	0	
----------------------------------------
23	1	19	1	
----------------------------------------
-1	-1	19	2	
----------------------------------------
-1	-1	23	3	
----------------------------------------
9	4	-1	-1	
----------------------------------------
19	5	9	5	
----------------------------------------
-1	-1	23	6	
----------------------------------------
9	7	19	7	
----------------------------------------
23	8	9	8	
----------------------------------------
19	9	23	9	
----------------------------------------
19	10	-1	-1	
----------------------------------------
19	11	-1	-1	
----------------------------------------
19	12	9	12	
----------------------------------------
19	13	9	13	
----------------------------------------
23	14	-1	-1	
----------------------------------------
19	15	23	15	
----------------------------------------
-1	-1	23	16	
----------------------------------------
19	17	23	17	
----------------------------------------
23	18	9	18	
----------------------------------------
23	19	19	19	
----------------------------------------
23	20	-1	-1	
----------------------------------------
9	21	19	21	
----------------------------------------
19	22	23	22	
----------------------------------------
23	23	19	23	
----------------------------------------
19	24	-1	-1	
----------------------------------------

****************************************
Node 15 Forwarding Table:
7	0	13	0	
----------------------------------------
13	1	19	1	
----------------------------------------
7	2	-1	-1	
----------------------------------------
-1	-1	7	3	
----------------------------------------
7	4	13	4	
----------------------------------------
-1	-1	19	5	
----------------------------------------
19	6	-1	-1	
----------------------------------------
13	7	19	7	
----------------------------------------
13	8	-1	-1	
----------------------------------------
7	9	13	9	
----------------------------------------
13	10	19	10	
----------------------------------------
13	11	7	11	
----------------------------------------
7	12	13	12	
----------------------------------------
13	13	7	13	
----------------------------------------
19	14	7	14	
----------------------------------------
13	15	7	15	
----------------------------------------
7	16	13	16	
----------------------------------------
7	17	19	17	
----------------------------------------
19	18	13	18	
----------------------------------------
19	19	-1	-1	
----------------------------------------
7	20	19	20	
----------------------------------------
19	21	7	21	
----------------------------------------
7	22	19	22	
----------------------------------------

****************************************
Node 16 Forwarding Table:
13	0	-1	-1	
----------------------------------------
20	1	13	1	
----------------------------------------
-1	-1	13	2	
----------------------------------------
22	3	13	3	
----------------------------------------
13	4	-1	-1	
----------------------------------------
13	5	-1	-1	
----------------------------------------
20	6	13	6	
----------------------------------------
13	7	-1	-1	
----------------------------------------
-1	-1	22	8	
----------------------------------------
-1	-1	13	9	
----------------------------------------

****************************************
Node 17 Forwarding Table:
23	0	11	0	
----------------------------------------
-1	-1	23	1	
----------------------------------------
21	2	11	2	
----------------------------------------
23	3	-1	-1	
----------------------------------------
12	4	11	4	
----------------------------------------
23	5	11	5	
----------------------------------------
11	6	21	6	
----------------------------------------
11	7	-1	-1	
----------------------------------------
23	8	11	8	
----------------------------------------
21	9	12	9	
----------------------------------------
12	10	21	10	
----------------------------------------
11	11	21	11	
----------------------------------------
21	12	11	12	
----------------------------------------
23	13	21	13	
----------------------------------------
21	14	12	14	
----------------------------------------
-1	-1	12	15	
----------------------------------------
11	16	21	16	
----------------------------------------
11	17	12	17	
----------------------------------------
12	18	21	18	
----------------------------------------
11	19	12	19	
----------------------------------------
11	20	23	20	
----------------------------------------
21	21	12	21	
----------------------------------------
12	22	-1	-1	
----------------------------------------
21	23	12	23	
----------------------------------------
-1	-1	12	24	
----------------------------------------
21	25	-1	-1	
----------------------------------------

****************************************
Node 18 Forwarding Table:
12	0	-1	-1	
----------------------------------------
12	1	-1	-1	
----------------------------------------
12	2	22	2	
----------------------------------------
-1	-1	22	3	
----------------------------------------
12	4	-1	-1	
----------------------------------------
-1	-1	12	5	
----------------------------------------
22	6	12	6	
----------------------------------------
22	7	23	7	
----------------------------------------
12	8	22	8	
----------------------------------------
23	9	-1	-1	
----------------------------------------
-1	-1	12	10	
----------------------------------------
23	11	-1	-1	
----------------------------------------
23	12	-1	-1	
----------------------------------------
-1	-1	23	13	
----------------------------------------
22	14	23	14	
----------------------------------------
12	15	22	15	
----------------------------------------
23	16	-1	-1	
----------------------------------------
22	17	12	17	
----------------------------------------
-1	-1	23	18	
----------------------------------------
22	19	12	19	
----------------------------------------
22	20	-1	-1	
----------------------------------------
23	21	22	21	
----------------------------------------

****************************************
Node 19 Forwarding Table:
14	0	-1	-1	
----------------------------------------
14	1	-1	-1	
----------------------------------------
15	2	-1	-1	
----------------------------------------
15	3	14	3	
----------------------------------------
14	4	15	4	
----------------------------------------
-1	-1	14	5	
----------------------------------------
15	6	14	6	
----------------------------------------
-1	-1	14	7	
----------------------------------------
15	8	14	8	
----------------------------------------
-1	-1	14	9	
----------------------------------------
-1	-1	15	10	
----------------------------------------
15	11	14	11	
----------------------------------------
-1	-1	14	12	
----------------------------------------
14	13	-1	-1	
----------------------------------------
-1	-1	15	14	
----------------------------------------
14	15	15	15	
----------------------------------------
15	16	14	16	
----------------------------------------
14	17	15	17	
----------------------------------------
15	18	14	18	
----------------------------------------

****************************************
Node 20 Forwarding Table:
-1	-1	16	0	
----------------------------------------
-1	-1	21	1	
----------------------------------------
-1	-1	22	2	
----------------------------------------
21	3	-1	-1	
----------------------------------------
-1	-1	16	4	
----------------------------------------
-1	-1	22	5	
----------------------------------------
-1	-1	22	6	
----------------------------------------
-1	-1	22	7	
----------------------------------------
-1	-1	22	8	
----------------------------------------
22	9	-1	-1	
----------------------------------------

****************************************
Node 21 Forwarding Table:
20	0	17	0	
----------------------------------------
17	1	13	1	
----------------------------------------
-1	-1	17	2	
----------------------------------------
17	3	13	3	
----------------------------------------
17	4	20	4	
----------------------------------------
13	5	17	5	
----------------------------------------
17	6	13	6	
----------------------------------------
-1	-1	13	7	
----------------------------------------
13	8	17	8	
----------------------------------------
17	9	-1	-1	
----------------------------------------
17	10	-1	-1	
----------------------------------------
13	11	17	11	
----------------------------------------
13	12	17	12	
----------------------------------------
13	13	17	13	
----------------------------------------

****************************************
Node 22 Forwarding Table:
18	0	-1	-1	
----------------------------------------
18	1	16	1	
----------------------------------------
20	2	18	2	
----------------------------------------
20	3	18	3	
----------------------------------------
18	4	-1	-1	
----------------------------------------
20	5	-1	-1	
----------------------------------------
20	6	18	6	
----------------------------------------
18	7	-1	-1	
----------------------------------------
16	8	18	8	
----------------------------------------
20	9	18	9	
----------------------------------------
-1	-1	18	10	
----------------------------------------
18	11	20	11	
----------------------------------------

****************************************
Node 23 Forwarding Table:
14	0	17	0	
----------------------------------------
17	1	14	1	
----------------------------------------
14	2	17	2	
----------------------------------------
14	3	17	3	
----------------------------------------
-1	-1	14	4	
----------------------------------------
14	5	17	5	
----------------------------------------
-1	-1	17	6	
----------------------------------------
18	7	14	7	
----------------------------------------
17	8	18	8	
----------------------------------------
14	9	18	9	
----------------------------------------
14	10	-1	-1	
----------------------------------------
14	11	18	11	
----------------------------------------
-1	-1	14	12	
----------------------------------------
18	13	14	13	
----------------------------------------
18	14	14	14	
----------------------------------------
14	15	18	15	
----------------------------------------
18	16	14	16	
----------------------------------------
-1	-1	18	17	
----------------------------------------

****************************************
