0	14	10
14->23->17->11->10
0,0,0,0,-1
12
----------------------------------------
1	0	16
0->1->7->15->13->16
0,0,0,0,0,-1
15
----------------------------------------
2	5	18
5->8->12->18
0,0,0,-1
9
----------------------------------------
3	0	10
0->4->3->10
1,0,0,-1
9
----------------------------------------
4	1	5
1->0->3->5
1,2,1,-1
10
----------------------------------------
5	1	12
1->2->6->9->8->12
2,0,0,0,1,-1
15
----------------------------------------
6	0	18
0->3->5->8->12->18
3,2,2,2,2,-1
16
----------------------------------------
7	3	22
3->5->8->12->18->22
3,3,3,3,2,-1
15
----------------------------------------
8	20	13
20->16->13
0,1,-1
6
----------------------------------------
9	17	19
17->23->14->19
1,1,1,-1
8
----------------------------------------
10	14	19
14->19
2,-1
2
----------------------------------------
11	6	3
6->4->3
1,1,-1
7
----------------------------------------
12	16	19
16->13->15->19
2,2,1,-1
8
----------------------------------------
13	1	10
1->0->3->10
3,4,5,-1
9
----------------------------------------
14	20	11
20->21->17->11
1,0,2,-1
10
----------------------------------------
15	18	13
18->22->16->13
3,1,3,-1
9
----------------------------------------
16	14	17
14->23->17
3,2,-1
7
----------------------------------------
17	4	15
4->0->1->7->15
2,5,4,1,-1
12
----------------------------------------
18	2	6
2->6
1,-1
3
----------------------------------------
19	15	2
15->7->2
3,2,-1
6
----------------------------------------
20	3	14
3->4->6->9->14
6,3,3,1,-1
12
----------------------------------------
21	2	10
2->1->0->3->10
3,5,6,7,-1
12
----------------------------------------
22	3	18
3->5->8->12->18
8,4,4,4,-1
12
----------------------------------------
23	18	11
18->12->17->11
5,5,4,-1
10
----------------------------------------
24	6	12
6->9->8->12
4,2,5,-1
9
----------------------------------------
25	0	13
0->1->7->15->13
7,6,3,4,-1
12
----------------------------------------
26	15	8
15->19->14->9->8
5,3,5,3,-1
11
----------------------------------------
27	14	11
14->23->17->11
6,3,5,-1
10
----------------------------------------
28	9	15
9->14->19->15
4,7,4,-1
8
----------------------------------------
29	23	8
23->14->9->8
4,8,5,-1
9
----------------------------------------
30	5	13
5->11->17->21->13
5,4,6,1,-1
13
----------------------------------------
31	20	9
20->22->18->12->8->9
2,2,6,7,8,-1
15
----------------------------------------
32	10	3
10->3
4,-1
4
----------------------------------------
33	10	0
10->3->4->0
5,10,4,-1
10
----------------------------------------
34	1	17
1->0->3->10->11->17
7,9,11,6,5,-1
16
----------------------------------------
35	19	11
19->14->23->17->11
5,9,5,8,-1
13
----------------------------------------
36	13	14
13->15->19->14
6,7,6,-1
8
----------------------------------------
37	7	12
7->2->6->9->8->12
4,4,5,7,9,-1
15
----------------------------------------
38	7	6
7->2->6
5,5,-1
6
----------------------------------------
39	19	14
19->14
7,-1
3
----------------------------------------
40	21	9
21->17->12->8->9
2,9,9,10,-1
13
----------------------------------------
41	8	13
8->12->17->21->13
11,10,10,3,-1
13
----------------------------------------
42	13	15
13->15
8,-1
3
----------------------------------------
43	4	20
4->3->10->11->17->21->20
5,12,7,7,11,4,-1
19
----------------------------------------
44	2	16
2->7->15->13->16
6,6,9,9,-1
12
----------------------------------------
45	13	5
13->21->17->11->5
10,5,12,8,-1
13
----------------------------------------
46	23	13
23->17->21->13
6,13,6,-1
10
----------------------------------------
47	13	9
13->15->19->14->9
12,10,8,12,-1
11
----------------------------------------
48	2	7
2->7
7,-1
3
----------------------------------------
49	19	4
19->14->9->6->4
9,13,10,7,-1
12
----------------------------------------
50	21	1
21->13->15->7->1
7,13,11,8,-1
12
----------------------------------------
51	13	12
13->21->17->12
14,8,14,-1
10
----------------------------------------
52	17	11
17->12->8->5->11
15,12,12,7,-1
12
----------------------------------------
53	0	16
0->1->7->15->13->16
10,9,9,12,15,-1
15
----------------------------------------
54	20	2
20->16->13->15->7->2
4,6,16,13,10,-1
15
----------------------------------------
55	19	1
19->15->7->1
10,14,11,-1
9
----------------------------------------
56	6	2
6->2
8,-1
3
----------------------------------------
57	7	6
7->2->6
12,10,-1
6
----------------------------------------
58	12	3
12->8->5->3
13,13,8,-1
10
----------------------------------------
59	4	21
4->3->10->11->17->21
7,14,8,10,16,-1
16
----------------------------------------
60	20	14
20->22->18->23->14
5,3,7,7,-1
12
----------------------------------------
61	10	22
10->11->17->12->18->22
9,11,17,14,8,-1
16
----------------------------------------
62	9	21
9->8->12->17->21
11,14,15,18,-1
13
----------------------------------------
63	3	9
3->4->6->9
15,8,10,-1
9
----------------------------------------
64	6	12
6->4->3->10->11->17->12
11,9,16,10,12,19,-1
19
----------------------------------------
65	20	22
20->22
6,-1
3
----------------------------------------
66	13	7
13->15->7
17,15,-1
6
----------------------------------------
67	13	16
13->16
18,-1
3
----------------------------------------
68	4	18
4->3->10->11->17->23->18
10,17,11,13,20,8,-1
19
----------------------------------------
69	11	10
11->10
14,-1
2
----------------------------------------
70	2	12
2->7->15->13->21->17->12
11,14,16,19,11,21,-1
19
----------------------------------------
71	0	1
0->1
11,-1
3
----------------------------------------
72	10	4
10->3->0->4
13,18,12,-1
10
----------------------------------------
73	2	10
2->1->0->3->10
12,12,13,19,-1
12
----------------------------------------
74	2	6
2->6
13,-1
3
----------------------------------------
75	18	4
18->12->8->9->6->4
10,18,15,13,13,-1
15
----------------------------------------
76	6	18
6->2->7->15->19->14->23->18
14,14,15,17,11,15,9,-1
20
----------------------------------------
77	14	23
14->23
16,-1
3
----------------------------------------
78	19	18
19->14->23->18
12,17,11,-1
9
----------------------------------------
79	3	4
3->4
20,-1
3
----------------------------------------
80	9	17
9->8->12->17
14,16,19,-1
10
----------------------------------------
81	23	6
23->14->9->6
12,18,15,-1
9
----------------------------------------
82	18	19
18->23->14->19
13,13,19,-1
8
----------------------------------------
83	19	12
19->15->13->21->17->12
14,18,20,12,23,-1
16
----------------------------------------
84	2	3
2->1->0->3
15,13,14,-1
10
----------------------------------------
85	20	14
20->22->18->23->14
7,6,14,14,-1
12
----------------------------------------
86	11	15
11->5->8->9->14->19->15
15,9,17,16,21,15,-1
17
----------------------------------------
87	8	7
8->9->6->2->7
18,17,16,16,-1
12
----------------------------------------
88	17	22
17->12->18->22
24,21,15,-1
9
----------------------------------------
89	2	18
2->7->15->19->14->23->18
17,17,20,16,22,15,-1
17
----------------------------------------
90	16	12
16->22->18->12
8,8,17,-1
9
----------------------------------------
91	18	1
18->23->14->19->15->7->1
18,16,23,17,21,18,-1
17
----------------------------------------
92	16	17
16->13->21->17
9,21,13,-1
10
----------------------------------------
93	20	12
20->22->18->12
8,9,19,-1
9
----------------------------------------
94	22	18
22->18
10,-1
3
----------------------------------------
95	23	20
23->18->22->20
17,21,11,-1
9
----------------------------------------
96	1	14
1->7->15->19->14
15,19,22,18,-1
11
----------------------------------------
