0	14	10
14->23->17->11->10
0,0,0,0,-1
6
----------------------------------------
1	0	16
0->1->7->15->13->16
0,0,0,0,0,-1
19
----------------------------------------
2	5	18
5->11->17->12->18
0,1,1,0,-1
9
----------------------------------------
3	0	10
0->4->3->10
1,0,0,-1
9
----------------------------------------
4	1	5
1->0->3->5
1,2,1,-1
10
----------------------------------------
5	1	12
1->0->3->10->11->17->12
2,3,2,2,2,2,-1
15
----------------------------------------
6	0	18
0->3->10->11->17->12->18
4,3,3,3,3,2,-1
14
----------------------------------------
7	3	22
3->10->11->17->12->18->22
4,4,4,4,3,2,-1
14
----------------------------------------
8	20	13
20->21->13
0,0,-1
5
----------------------------------------
9	17	19
17->23->14->19
5,1,1,-1
5
----------------------------------------
10	14	19
14->19
2,-1
2
----------------------------------------
11	6	3
6->4->3
0,1,-1
2
----------------------------------------
12	16	19
16->13->15->19
1,2,1,-1
11
----------------------------------------
13	1	10
1->2->6->4->3->10
3,0,1,2,6,-1
13
----------------------------------------
14	20	11
20->21->17->11
1,1,6,-1
9
----------------------------------------
15	18	13
18->12->17->21->13
3,4,7,2,-1
11
----------------------------------------
16	14	17
14->23->17
3,2,-1
3
----------------------------------------
17	4	15
4->6->2->7->15
3,2,1,1,-1
13
----------------------------------------
18	2	6
2->6
2,-1
3
----------------------------------------
19	15	2
15->7->2
3,2,-1
9
----------------------------------------
20	3	14
3->4->6->9->14
7,4,4,0,-1
11
----------------------------------------
21	2	10
2->1->0->3->10
4,4,5,8,-1
14
----------------------------------------
22	3	18
3->10->11->17->12->18
9,7,6,9,5,-1
12
----------------------------------------
23	18	11
18->12->17->11
5,6,10,-1
5
----------------------------------------
24	6	12
6->4->3->10->11->17->12
5,5,10,8,8,11,-1
11
----------------------------------------
25	0	13
0->1->7->15->13
6,5,3,4,-1
14
----------------------------------------
26	15	8
15->19->14->9->8
5,3,5,1,-1
13
----------------------------------------
27	14	11
14->23->17->11
6,3,12,-1
4
----------------------------------------
28	9	15
9->14->19->15
2,7,4,-1
11
----------------------------------------
29	23	8
23->14->9->8
4,8,3,-1
7
----------------------------------------
30	5	13
5->11->17->21->13
2,10,13,3,-1
12
----------------------------------------
31	20	9
20->22->18->23->14->9
2,1,6,5,9,-1
15
----------------------------------------
32	10	3
10->3
9,-1
5
----------------------------------------
33	10	0
10->3->4->0
10,12,6,-1
9
----------------------------------------
34	1	17
1->7->15->13->21->17
6,4,7,6,4,-1
17
----------------------------------------
35	19	11
19->14->23->17->11
5,10,6,15,-1
6
----------------------------------------
36	13	14
13->15->19->14
7,8,6,-1
8
----------------------------------------
37	7	12
7->15->13->21->17->12
5,9,8,5,16,-1
13
----------------------------------------
38	7	6
7->2->6
6,5,-1
8
----------------------------------------
39	19	14
19->14
7,-1
2
----------------------------------------
40	21	9
21->17->23->14->9
6,17,7,13,-1
12
----------------------------------------
41	8	13
8->12->17->21->13
2,9,18,7,-1
13
----------------------------------------
42	13	15
13->15
10,-1
1
----------------------------------------
43	4	20
4->3->10->11->17->21->20
7,13,11,12,19,8,-1
17
----------------------------------------
44	2	16
2->7->15->13->16
6,7,11,11,-1
15
----------------------------------------
45	13	5
13->21->17->11->5
12,9,20,13,-1
12
----------------------------------------
46	23	13
23->17->21->13
8,21,10,-1
9
----------------------------------------
47	13	9
13->15->19->14->9
14,12,8,14,-1
12
----------------------------------------
48	2	7
2->7
7,-1
5
----------------------------------------
49	19	4
19->14->9->6->4
9,15,7,7,-1
12
----------------------------------------
50	21	1
21->13->15->7->1
11,15,13,9,-1
12
----------------------------------------
51	13	12
13->21->17->12
16,12,22,-1
8
----------------------------------------
52	17	11
17->12->8->5->11
23,11,3,4,-1
15
----------------------------------------
53	0	16
0->1->7->15->13->16
8,8,10,14,17,-1
19
----------------------------------------
54	20	2
20->21->13->15->7->2
4,13,18,15,11,-1
15
----------------------------------------
55	19	1
19->15->7->1
10,16,12,-1
14
----------------------------------------
56	6	2
6->2
8,-1
3
----------------------------------------
57	7	6
7->2->6
13,10,-1
8
----------------------------------------
58	12	3
12->8->5->3
12,4,5,-1
14
----------------------------------------
59	4	21
4->6->2->7->15->13->21
9,10,11,14,17,19,-1
16
----------------------------------------
60	20	14
20->22->18->23->14
5,2,7,9,-1
11
----------------------------------------
61	10	22
10->3->4->6->2->7->15->13->16->22
12,15,10,11,12,15,18,20,4,-1
30
----------------------------------------
62	9	21
9->14->23->17->21
8,17,10,24,-1
12
----------------------------------------
63	3	9
3->4->6->9
16,11,12,-1
7
----------------------------------------
64	6	12
6->9->8->12
13,10,5,-1
12
----------------------------------------
65	20	22
20->22
6,-1
5
----------------------------------------
66	13	7
13->15->7
21,19,-1
5
----------------------------------------
67	13	16
13->16
22,-1
5
----------------------------------------
68	4	18
4->6->9->14->23->18
12,14,11,18,11,-1
14
----------------------------------------
69	11	10
11->10
15,-1
2
----------------------------------------
70	2	12
2->6->4->3->5->8->12
13,15,13,17,6,6,-1
19
----------------------------------------
71	4	17
4->6->9->14->23->17
14,16,12,19,12,-1
13
----------------------------------------
72	0	1
0->1
9,-1
4
----------------------------------------
73	10	4
10->3->0->4
14,18,10,-1
10
----------------------------------------
74	2	10
2->1->0->3->10
14,11,11,19,-1
14
----------------------------------------
75	2	6
2->1->0->4->6
15,12,12,16,-1
11
----------------------------------------
76	18	4
18->23->14->9->6->4
9,13,20,13,18,-1
14
----------------------------------------
77	8	20
8->12->17->21->20
7,15,26,16,-1
14
----------------------------------------
78	11	16
11->5->8->12->18->22->16
16,7,8,16,10,5,-1
24
----------------------------------------
79	6	18
6->9->14->23->18
19,14,21,14,-1
13
----------------------------------------
80	14	23
14->23
22,-1
1
----------------------------------------
81	19	18
19->14->23->18
11,23,16,-1
6
----------------------------------------
82	3	4
3->4
20,-1
1
----------------------------------------
83	9	17
9->14->23->17
15,24,17,-1
7
----------------------------------------
84	23	6
23->14->9->6
18,25,16,-1
10
----------------------------------------
85	18	19
18->23->14->19
13,19,26,-1
6
----------------------------------------
86	19	12
19->15->13->21->17->12
13,20,23,17,28,-1
14
----------------------------------------
87	2	3
2->1->0->3
16,13,13,-1
9
----------------------------------------
88	20	14
20->22->18->23->14
8,6,14,20,-1
11
----------------------------------------
89	11	15
11->10->3->4->6->2->7->15
17,16,22,19,21,17,17,-1
21
----------------------------------------
90	8	7
8->12->17->21->13->15->7
9,18,29,18,24,22,-1
18
----------------------------------------
91	17	22
17->12->18->22
30,19,15,-1
6
----------------------------------------
92	16	12
16->22->18->12
7,8,16,-1
10
----------------------------------------
93	18	1
18->23->14->9->6->2->1
17,21,28,17,22,18,-1
19
----------------------------------------
94	16	17
16->20->21->17
8,9,19,-1
11
----------------------------------------
95	20	12
20->21->17->12
10,20,32,-1
9
----------------------------------------
96	22	18
22->18
9,-1
2
----------------------------------------
97	23	20
23->18->22->20
22,19,10,-1
10
----------------------------------------
98	1	14
1->2->6->9->14
15,19,23,18,-1
15
----------------------------------------
