Node 0 Forwarding Table:
-1	-1	1	0	
----------------------------------------
-1	-1	4	1	
----------------------------------------
1	2	3	2	
----------------------------------------
1	3	3	3	
----------------------------------------
-1	-1	3	4	
----------------------------------------
1	5	3	5	
----------------------------------------
-1	-1	1	6	
----------------------------------------
4	7	-1	-1	
----------------------------------------
-1	-1	1	8	
----------------------------------------
-1	-1	1	9	
----------------------------------------
3	10	4	10	
----------------------------------------
1	11	3	11	
----------------------------------------
1	12	4	12	
----------------------------------------
1	13	3	13	
----------------------------------------

****************************************
Node 1 Forwarding Table:
0	0	7	0	
----------------------------------------
-1	-1	0	1	
----------------------------------------
-1	-1	0	2	
----------------------------------------
-1	-1	2	3	
----------------------------------------
2	4	0	4	
----------------------------------------
0	5	7	5	
----------------------------------------
-1	-1	7	6	
----------------------------------------
7	7	-1	-1	
----------------------------------------
0	8	7	8	
----------------------------------------
7	9	-1	-1	
----------------------------------------
0	10	-1	-1	
----------------------------------------
2	11	0	11	
----------------------------------------
2	12	0	12	
----------------------------------------
2	13	0	13	
----------------------------------------
2	14	-1	-1	
----------------------------------------
-1	-1	2	15	
----------------------------------------

****************************************
Node 2 Forwarding Table:
1	0	6	0	
----------------------------------------
6	1	7	1	
----------------------------------------
-1	-1	6	2	
----------------------------------------
7	3	-1	-1	
----------------------------------------
-1	-1	1	4	
----------------------------------------
7	5	6	5	
----------------------------------------
-1	-1	7	6	
----------------------------------------
-1	-1	7	7	
----------------------------------------
7	8	-1	-1	
----------------------------------------
6	9	-1	-1	
----------------------------------------
7	10	6	10	
----------------------------------------
6	11	7	11	
----------------------------------------
6	12	7	12	
----------------------------------------
-1	-1	6	13	
----------------------------------------
-1	-1	1	14	
----------------------------------------
-1	-1	1	15	
----------------------------------------
-1	-1	1	16	
----------------------------------------
6	17	7	17	
----------------------------------------
6	18	1	18	
----------------------------------------
1	19	6	19	
----------------------------------------

****************************************
Node 3 Forwarding Table:
4	0	10	0	
----------------------------------------
0	1	5	1	
----------------------------------------
0	2	10	2	
----------------------------------------
0	3	10	3	
----------------------------------------
-1	-1	10	4	
----------------------------------------
4	5	-1	-1	
----------------------------------------
4	6	10	6	
----------------------------------------
-1	-1	4	7	
----------------------------------------
0	8	10	8	
----------------------------------------
-1	-1	10	9	
----------------------------------------
4	10	10	10	
----------------------------------------
10	11	-1	-1	
----------------------------------------
10	12	4	12	
----------------------------------------
4	13	10	13	
----------------------------------------
5	14	-1	-1	
----------------------------------------
10	15	4	15	
----------------------------------------
-1	-1	4	16	
----------------------------------------
4	17	5	17	
----------------------------------------
10	18	0	18	
----------------------------------------
0	19	10	19	
----------------------------------------
-1	-1	4	20	
----------------------------------------
0	21	-1	-1	
----------------------------------------
10	22	4	22	
----------------------------------------

****************************************
Node 4 Forwarding Table:
0	0	3	0	
----------------------------------------
6	1	3	1	
----------------------------------------
6	2	3	2	
----------------------------------------
-1	-1	6	3	
----------------------------------------
3	4	6	4	
----------------------------------------
6	5	3	5	
----------------------------------------
3	6	0	6	
----------------------------------------
-1	-1	3	7	
----------------------------------------
6	8	-1	-1	
----------------------------------------
-1	-1	6	9	
----------------------------------------
3	10	6	10	
----------------------------------------
3	11	6	11	
----------------------------------------
-1	-1	6	12	
----------------------------------------
6	13	3	13	
----------------------------------------
-1	-1	6	14	
----------------------------------------
0	15	-1	-1	
----------------------------------------
0	16	6	16	
----------------------------------------
6	17	-1	-1	
----------------------------------------
3	18	-1	-1	
----------------------------------------
3	19	6	19	
----------------------------------------

****************************************
Node 5 Forwarding Table:
-1	-1	11	0	
----------------------------------------
3	1	-1	-1	
----------------------------------------
-1	-1	11	2	
----------------------------------------
11	3	-1	-1	
----------------------------------------
8	4	11	4	
----------------------------------------
8	5	3	5	
----------------------------------------
3	6	8	6	
----------------------------------------
11	7	8	7	
----------------------------------------

****************************************
Node 6 Forwarding Table:
-1	-1	4	0	
----------------------------------------
2	1	4	1	
----------------------------------------
4	2	2	2	
----------------------------------------
2	3	-1	-1	
----------------------------------------
4	4	9	4	
----------------------------------------
-1	-1	4	5	
----------------------------------------
2	6	-1	-1	
----------------------------------------
9	7	4	7	
----------------------------------------
-1	-1	2	8	
----------------------------------------
2	9	-1	-1	
----------------------------------------
4	10	2	10	
----------------------------------------
4	11	2	11	
----------------------------------------
4	12	9	12	
----------------------------------------
-1	-1	9	13	
----------------------------------------
4	14	9	14	
----------------------------------------
2	15	4	15	
----------------------------------------
4	16	9	16	
----------------------------------------
4	17	-1	-1	
----------------------------------------
9	18	4	18	
----------------------------------------
-1	-1	9	19	
----------------------------------------
9	20	-1	-1	
----------------------------------------
4	21	2	21	
----------------------------------------
9	22	2	22	
----------------------------------------
2	23	9	23	
----------------------------------------

****************************************
Node 7 Forwarding Table:
1	0	15	0	
----------------------------------------
2	1	15	1	
----------------------------------------
15	2	2	2	
----------------------------------------
1	3	15	3	
----------------------------------------
1	4	15	4	
----------------------------------------
-1	-1	15	5	
----------------------------------------
-1	-1	2	6	
----------------------------------------
2	7	15	7	
----------------------------------------
2	8	-1	-1	
----------------------------------------
15	9	1	9	
----------------------------------------
1	10	15	10	
----------------------------------------
15	11	2	11	
----------------------------------------
15	12	1	12	
----------------------------------------
-1	-1	2	13	
----------------------------------------
2	14	15	14	
----------------------------------------
2	15	15	15	
----------------------------------------
15	16	-1	-1	
----------------------------------------
2	17	15	17	
----------------------------------------
15	18	-1	-1	
----------------------------------------

****************************************
Node 8 Forwarding Table:
9	0	-1	-1	
----------------------------------------
9	1	-1	-1	
----------------------------------------
-1	-1	12	2	
----------------------------------------
12	3	5	3	
----------------------------------------
12	4	5	4	
----------------------------------------
9	5	12	5	
----------------------------------------
5	6	12	6	
----------------------------------------
-1	-1	12	7	
----------------------------------------
5	8	12	8	
----------------------------------------
-1	-1	12	9	
----------------------------------------

****************************************
Node 9 Forwarding Table:
6	0	14	0	
----------------------------------------
14	1	8	1	
----------------------------------------
-1	-1	14	2	
----------------------------------------
14	3	8	3	
----------------------------------------
14	4	-1	-1	
----------------------------------------
14	5	-1	-1	
----------------------------------------
14	6	-1	-1	
----------------------------------------
14	7	6	7	
----------------------------------------
-1	-1	14	8	
----------------------------------------
6	9	-1	-1	
----------------------------------------
6	10	8	10	
----------------------------------------
6	11	14	11	
----------------------------------------
6	12	14	12	
----------------------------------------
14	13	6	13	
----------------------------------------
6	14	14	14	
----------------------------------------
-1	-1	14	15	
----------------------------------------
14	16	6	16	
----------------------------------------
14	17	6	17	
----------------------------------------
6	18	14	18	
----------------------------------------

****************************************
Node 10 Forwarding Table:
11	0	-1	-1	
----------------------------------------
3	1	-1	-1	
----------------------------------------
3	2	11	2	
----------------------------------------
3	3	11	3	
----------------------------------------
3	4	11	4	
----------------------------------------
3	5	-1	-1	
----------------------------------------
3	6	-1	-1	
----------------------------------------
3	7	11	7	
----------------------------------------
3	8	11	8	
----------------------------------------
-1	-1	3	9	
----------------------------------------
-1	-1	3	10	
----------------------------------------
3	11	11	11	
----------------------------------------
-1	-1	3	12	
----------------------------------------
11	13	-1	-1	
----------------------------------------
-1	-1	3	14	
----------------------------------------
3	15	-1	-1	
----------------------------------------
11	16	3	16	
----------------------------------------

****************************************
Node 11 Forwarding Table:
17	0	10	0	
----------------------------------------
5	1	17	1	
----------------------------------------
10	2	17	2	
----------------------------------------
10	3	17	3	
----------------------------------------
10	4	17	4	
----------------------------------------
17	5	-1	-1	
----------------------------------------
10	6	17	6	
----------------------------------------
17	7	-1	-1	
----------------------------------------
10	8	17	8	
----------------------------------------
17	9	-1	-1	
----------------------------------------
5	10	17	10	
----------------------------------------
17	11	-1	-1	
----------------------------------------
10	12	17	12	
----------------------------------------
17	13	5	13	
----------------------------------------
5	14	-1	-1	
----------------------------------------
-1	-1	10	15	
----------------------------------------
-1	-1	5	16	
----------------------------------------
-1	-1	10	17	
----------------------------------------

****************************************
Node 12 Forwarding Table:
17	0	18	0	
----------------------------------------
17	1	-1	-1	
----------------------------------------
17	2	18	2	
----------------------------------------
17	3	18	3	
----------------------------------------
18	4	17	4	
----------------------------------------
17	5	18	5	
----------------------------------------
18	6	17	6	
----------------------------------------
17	7	-1	-1	
----------------------------------------
17	8	-1	-1	
----------------------------------------
8	9	17	9	
----------------------------------------
17	10	-1	-1	
----------------------------------------
17	11	8	11	
----------------------------------------
-1	-1	8	12	
----------------------------------------
8	13	-1	-1	
----------------------------------------
8	14	-1	-1	
----------------------------------------
8	15	17	15	
----------------------------------------
8	16	18	16	
----------------------------------------
17	17	-1	-1	
----------------------------------------
8	18	17	18	
----------------------------------------
17	19	18	19	
----------------------------------------
18	20	-1	-1	
----------------------------------------
17	21	-1	-1	
----------------------------------------

****************************************
Node 13 Forwarding Table:
15	0	16	0	
----------------------------------------
21	1	-1	-1	
----------------------------------------
16	2	15	2	
----------------------------------------
21	3	-1	-1	
----------------------------------------
15	4	-1	-1	
----------------------------------------
21	5	-1	-1	
----------------------------------------
15	6	21	6	
----------------------------------------
-1	-1	15	7	
----------------------------------------
15	8	21	8	
----------------------------------------
21	9	-1	-1	
----------------------------------------
-1	-1	15	10	
----------------------------------------
15	11	16	11	
----------------------------------------
-1	-1	21	12	
----------------------------------------
21	13	-1	-1	
----------------------------------------
-1	-1	15	14	
----------------------------------------
21	15	15	15	
----------------------------------------
-1	-1	21	16	
----------------------------------------
15	17	16	17	
----------------------------------------
21	18	15	18	
----------------------------------------
15	19	21	19	
----------------------------------------
15	20	16	20	
----------------------------------------
-1	-1	15	21	
----------------------------------------
-1	-1	16	22	
----------------------------------------
15	23	21	23	
----------------------------------------
21	24	15	24	
----------------------------------------

****************************************
Node 14 Forwarding Table:
-1	-1	23	0	
----------------------------------------
23	1	19	1	
----------------------------------------
-1	-1	19	2	
----------------------------------------
-1	-1	23	3	
----------------------------------------
9	4	-1	-1	
----------------------------------------
19	5	9	5	
----------------------------------------
-1	-1	23	6	
----------------------------------------
9	7	19	7	
----------------------------------------
23	8	9	8	
----------------------------------------
23	9	9	9	
----------------------------------------
19	10	23	10	
----------------------------------------
19	11	-1	-1	
----------------------------------------
19	12	-1	-1	
----------------------------------------
23	13	9	13	
----------------------------------------
19	14	9	14	
----------------------------------------
19	15	9	15	
----------------------------------------
23	16	-1	-1	
----------------------------------------
9	17	23	17	
----------------------------------------
9	18	23	18	
----------------------------------------
9	19	23	19	
----------------------------------------
23	20	9	20	
----------------------------------------
9	21	23	21	
----------------------------------------
-1	-1	23	22	
----------------------------------------
19	23	23	23	
----------------------------------------
9	24	23	24	
----------------------------------------
23	25	9	25	
----------------------------------------
23	26	19	26	
----------------------------------------
23	27	-1	-1	
----------------------------------------
23	28	9	28	
----------------------------------------
9	29	-1	-1	
----------------------------------------

****************************************
Node 15 Forwarding Table:
7	0	13	0	
----------------------------------------
13	1	19	1	
----------------------------------------
7	2	-1	-1	
----------------------------------------
-1	-1	7	3	
----------------------------------------
7	4	13	4	
----------------------------------------
-1	-1	19	5	
----------------------------------------
19	6	-1	-1	
----------------------------------------
7	7	13	7	
----------------------------------------
13	8	19	8	
----------------------------------------
7	9	13	9	
----------------------------------------
13	10	-1	-1	
----------------------------------------
7	11	13	11	
----------------------------------------
13	12	19	12	
----------------------------------------
13	13	7	13	
----------------------------------------
7	14	13	14	
----------------------------------------
13	15	7	15	
----------------------------------------
19	16	7	16	
----------------------------------------
7	17	13	17	
----------------------------------------
7	18	13	18	
----------------------------------------
13	19	7	19	
----------------------------------------
19	20	13	20	
----------------------------------------
7	21	-1	-1	
----------------------------------------
13	22	7	22	
----------------------------------------

****************************************
Node 16 Forwarding Table:
13	0	-1	-1	
----------------------------------------
-1	-1	13	1	
----------------------------------------
13	2	-1	-1	
----------------------------------------
13	3	-1	-1	
----------------------------------------
13	4	22	4	
----------------------------------------
13	5	-1	-1	
----------------------------------------
22	6	-1	-1	
----------------------------------------
-1	-1	22	7	
----------------------------------------
-1	-1	20	8	
----------------------------------------

****************************************
Node 17 Forwarding Table:
23	0	11	0	
----------------------------------------
11	1	12	1	
----------------------------------------
11	2	12	2	
----------------------------------------
11	3	12	3	
----------------------------------------
11	4	12	4	
----------------------------------------
-1	-1	23	5	
----------------------------------------
21	6	11	6	
----------------------------------------
12	7	21	7	
----------------------------------------
23	8	-1	-1	
----------------------------------------
11	9	12	9	
----------------------------------------
12	10	11	10	
----------------------------------------
11	11	12	11	
----------------------------------------
23	12	11	12	
----------------------------------------
11	13	21	13	
----------------------------------------
21	14	-1	-1	
----------------------------------------
23	15	11	15	
----------------------------------------
21	16	12	16	
----------------------------------------
21	17	23	17	
----------------------------------------
12	18	21	18	
----------------------------------------
11	19	21	19	
----------------------------------------
21	20	11	20	
----------------------------------------
23	21	21	21	
----------------------------------------
21	22	12	22	
----------------------------------------
-1	-1	12	23	
----------------------------------------
23	24	21	24	
----------------------------------------
23	25	-1	-1	
----------------------------------------
12	26	21	26	
----------------------------------------
23	27	-1	-1	
----------------------------------------
21	28	12	28	
----------------------------------------
12	29	21	29	
----------------------------------------
-1	-1	12	30	
----------------------------------------
21	31	-1	-1	
----------------------------------------
21	32	12	32	
----------------------------------------

****************************************
Node 18 Forwarding Table:
12	0	-1	-1	
----------------------------------------
12	1	-1	-1	
----------------------------------------
12	2	22	2	
----------------------------------------
-1	-1	12	3	
----------------------------------------
12	4	-1	-1	
----------------------------------------
-1	-1	12	5	
----------------------------------------
22	6	23	6	
----------------------------------------
22	7	23	7	
----------------------------------------
23	8	-1	-1	
----------------------------------------
-1	-1	23	9	
----------------------------------------
12	10	22	10	
----------------------------------------
23	11	-1	-1	
----------------------------------------
23	12	-1	-1	
----------------------------------------
-1	-1	23	13	
----------------------------------------
22	14	23	14	
----------------------------------------
12	15	22	15	
----------------------------------------
22	16	12	16	
----------------------------------------
-1	-1	23	17	
----------------------------------------
22	18	-1	-1	
----------------------------------------
23	19	22	19	
----------------------------------------

****************************************
Node 19 Forwarding Table:
14	0	-1	-1	
----------------------------------------
14	1	-1	-1	
----------------------------------------
15	2	-1	-1	
----------------------------------------
15	3	14	3	
----------------------------------------
14	4	15	4	
----------------------------------------
-1	-1	14	5	
----------------------------------------
15	6	14	6	
----------------------------------------
-1	-1	14	7	
----------------------------------------
15	8	14	8	
----------------------------------------
-1	-1	14	9	
----------------------------------------
-1	-1	15	10	
----------------------------------------
-1	-1	14	11	
----------------------------------------
14	12	-1	-1	
----------------------------------------
-1	-1	15	13	
----------------------------------------

****************************************
Node 20 Forwarding Table:
-1	-1	21	0	
----------------------------------------
-1	-1	21	1	
----------------------------------------
-1	-1	22	2	
----------------------------------------
21	3	-1	-1	
----------------------------------------
-1	-1	21	4	
----------------------------------------
-1	-1	22	5	
----------------------------------------
-1	-1	22	6	
----------------------------------------
21	7	-1	-1	
----------------------------------------
-1	-1	22	8	
----------------------------------------
16	9	21	9	
----------------------------------------
-1	-1	21	10	
----------------------------------------
22	11	-1	-1	
----------------------------------------

****************************************
Node 21 Forwarding Table:
20	0	13	0	
----------------------------------------
20	1	17	1	
----------------------------------------
17	2	13	2	
----------------------------------------
17	3	13	3	
----------------------------------------
13	4	17	4	
----------------------------------------
13	5	17	5	
----------------------------------------
-1	-1	17	6	
----------------------------------------
17	7	13	7	
----------------------------------------
17	8	20	8	
----------------------------------------
13	9	17	9	
----------------------------------------
17	10	13	10	
----------------------------------------
-1	-1	13	11	
----------------------------------------
13	12	17	12	
----------------------------------------
20	13	13	13	
----------------------------------------
13	14	-1	-1	
----------------------------------------
17	15	-1	-1	
----------------------------------------
17	16	20	16	
----------------------------------------
13	17	17	17	
----------------------------------------
17	18	13	18	
----------------------------------------
20	19	17	19	
----------------------------------------
20	20	17	20	
----------------------------------------

****************************************
Node 22 Forwarding Table:
18	0	-1	-1	
----------------------------------------
20	1	18	1	
----------------------------------------
20	2	18	2	
----------------------------------------
16	3	-1	-1	
----------------------------------------
20	4	-1	-1	
----------------------------------------
18	5	16	5	
----------------------------------------
20	6	18	6	
----------------------------------------
18	7	-1	-1	
----------------------------------------
16	8	18	8	
----------------------------------------
-1	-1	18	9	
----------------------------------------
18	10	20	10	
----------------------------------------

****************************************
Node 23 Forwarding Table:
14	0	17	0	
----------------------------------------
17	1	14	1	
----------------------------------------
14	2	17	2	
----------------------------------------
14	3	17	3	
----------------------------------------
-1	-1	14	4	
----------------------------------------
18	5	14	5	
----------------------------------------
14	6	17	6	
----------------------------------------
17	7	14	7	
----------------------------------------
-1	-1	17	8	
----------------------------------------
18	9	14	9	
----------------------------------------
14	10	17	10	
----------------------------------------
14	11	18	11	
----------------------------------------
14	12	17	12	
----------------------------------------
18	13	14	13	
----------------------------------------
14	14	18	14	
----------------------------------------
14	15	-1	-1	
----------------------------------------
14	16	18	16	
----------------------------------------
14	17	17	17	
----------------------------------------
-1	-1	14	18	
----------------------------------------
18	19	14	19	
----------------------------------------
18	20	14	20	
----------------------------------------
18	21	14	21	
----------------------------------------
-1	-1	18	22	
----------------------------------------

****************************************
