0	14	10
14->23->17->11->10
0,0,0,0,-1
6
----------------------------------------
1	0	16
0->1->7->15->13->16
0,0,0,0,0,-1
19
----------------------------------------
2	5	18
5->11->17->12->18
0,1,1,0,-1
9
----------------------------------------
3	0	10
0->4->3->10
1,0,0,-1
9
----------------------------------------
4	1	5
1->0->3->5
1,2,1,-1
10
----------------------------------------
5	1	12
1->0->3->10->11->17->12
2,3,2,2,2,2,-1
15
----------------------------------------
6	0	18
0->3->10->11->17->12->18
4,3,3,3,3,2,-1
14
----------------------------------------
7	3	22
3->10->11->17->12->18->22
4,4,4,4,3,2,-1
14
----------------------------------------
8	20	13
20->21->13
0,0,-1
5
----------------------------------------
9	17	19
17->23->14->19
5,1,1,-1
5
----------------------------------------
10	14	19
14->19
2,-1
2
----------------------------------------
11	6	3
6->4->3
0,1,-1
2
----------------------------------------
12	16	19
16->13->15->19
1,2,1,-1
11
----------------------------------------
13	1	10
1->2->6->4->3->10
3,0,1,2,6,-1
13
----------------------------------------
14	20	11
20->21->17->11
1,1,6,-1
9
----------------------------------------
15	18	13
18->12->17->21->13
3,4,7,2,-1
11
----------------------------------------
16	14	17
14->23->17
3,2,-1
3
----------------------------------------
17	4	15
4->6->2->7->15
3,2,1,1,-1
13
----------------------------------------
18	2	6
2->6
2,-1
3
----------------------------------------
19	15	2
15->7->2
3,2,-1
9
----------------------------------------
20	3	14
3->4->6->9->14
7,4,4,0,-1
11
----------------------------------------
21	2	10
2->1->0->3->10
4,4,5,8,-1
14
----------------------------------------
22	3	18
3->10->11->17->12->18
9,7,6,9,5,-1
12
----------------------------------------
23	18	11
18->12->17->11
5,6,10,-1
5
----------------------------------------
24	6	12
6->4->3->10->11->17->12
5,5,10,8,8,11,-1
11
----------------------------------------
25	0	13
0->1->7->15->13
6,5,3,4,-1
14
----------------------------------------
26	15	8
15->19->14->9->8
5,3,5,1,-1
13
----------------------------------------
27	14	11
14->23->17->11
6,3,12,-1
4
----------------------------------------
28	9	15
9->14->19->15
2,7,4,-1
11
----------------------------------------
29	23	8
23->14->9->8
4,8,3,-1
7
----------------------------------------
30	5	13
5->11->17->21->13
2,10,13,3,-1
12
----------------------------------------
31	20	9
20->22->18->23->14->9
2,1,6,5,9,-1
15
----------------------------------------
32	10	3
10->3
9,-1
5
----------------------------------------
33	10	0
10->3->4->0
10,12,6,-1
9
----------------------------------------
34	1	17
1->0->3->10->11->17
6,8,13,11,11,-1
14
----------------------------------------
35	19	11
19->14->23->17->11
5,10,6,15,-1
6
----------------------------------------
36	13	14
13->15->19->14
6,7,6,-1
8
----------------------------------------
37	7	12
7->15->13->21->17->12
4,8,7,4,16,-1
13
----------------------------------------
38	7	6
7->2->6
5,5,-1
8
----------------------------------------
39	19	14
19->14
7,-1
2
----------------------------------------
40	21	9
21->17->23->14->9
5,17,7,13,-1
12
----------------------------------------
41	8	13
8->12->17->21->13
2,9,18,6,-1
13
----------------------------------------
42	13	15
13->15
9,-1
1
----------------------------------------
43	4	20
4->3->10->11->17->21->20
7,14,12,13,19,7,-1
17
----------------------------------------
44	2	16
2->7->15->13->16
6,6,10,10,-1
15
----------------------------------------
45	13	5
13->21->17->11->5
11,8,20,14,-1
12
----------------------------------------
46	23	13
23->17->21->13
8,21,9,-1
9
----------------------------------------
47	13	9
13->15->19->14->9
13,11,8,14,-1
12
----------------------------------------
48	2	7
2->7
7,-1
5
----------------------------------------
49	19	4
19->14->9->6->4
9,15,7,7,-1
12
----------------------------------------
50	21	1
21->13->15->7->1
10,14,12,8,-1
12
----------------------------------------
51	13	12
13->21->17->12
15,11,22,-1
8
----------------------------------------
52	17	11
17->11
23,-1
1
----------------------------------------
53	0	16
0->1->7->15->13->16
9,8,9,13,16,-1
19
----------------------------------------
54	20	2
20->21->13->15->7->2
4,12,17,14,10,-1
15
----------------------------------------
55	19	1
19->15->7->1
10,15,11,-1
14
----------------------------------------
56	6	2
6->2
8,-1
3
----------------------------------------
57	7	6
7->2->6
12,10,-1
8
----------------------------------------
58	12	3
12->17->11->10->3
11,24,16,13,-1
9
----------------------------------------
59	4	21
4->3->10->11->17->21
9,16,14,17,25,-1
14
----------------------------------------
60	20	14
20->22->18->23->14
5,2,7,9,-1
11
----------------------------------------
61	10	22
10->3->4->6->2->7->15->13->16->22
15,17,10,10,11,13,16,18,4,-1
30
----------------------------------------
62	9	21
9->14->23->17->21
8,17,10,26,-1
12
----------------------------------------
63	3	9
3->4->6->9
18,11,11,-1
7
----------------------------------------
64	6	12
6->9->8->12
12,10,3,-1
12
----------------------------------------
65	20	22
20->22
6,-1
5
----------------------------------------
66	13	7
13->15->7
19,17,-1
5
----------------------------------------
67	13	16
13->16
20,-1
5
----------------------------------------
68	4	18
4->6->9->14->23->18
12,13,11,18,11,-1
14
----------------------------------------
69	11	10
11->10
18,-1
2
----------------------------------------
70	2	12
2->6->4->3->5->8->12
12,14,13,19,4,4,-1
19
----------------------------------------
71	4	17
4->6->9->14->23->17
14,15,12,19,12,-1
13
----------------------------------------
72	0	1
0->1
10,-1
4
----------------------------------------
73	10	4
10->3->0->4
17,20,11,-1
10
----------------------------------------
74	2	10
2->1->0->3->10
13,11,12,21,-1
14
----------------------------------------
75	2	6
2->6
14,-1
3
----------------------------------------
76	18	4
18->12->17->11->10->3->4
9,14,28,19,19,22,-1
13
----------------------------------------
77	8	20
8->12->17->21->20
5,15,29,15,-1
14
----------------------------------------
78	11	16
11->5->8->12->18->22->16
20,5,6,16,10,5,-1
24
----------------------------------------
79	6	18
6->9->14->23->18
17,13,20,13,-1
13
----------------------------------------
80	14	23
14->23
21,-1
1
----------------------------------------
81	19	18
19->14->23->18
11,22,15,-1
6
----------------------------------------
82	3	4
3->4
23,-1
1
----------------------------------------
83	9	17
9->14->23->17
14,23,16,-1
7
----------------------------------------
84	23	6
23->14->9->6
17,24,15,-1
10
----------------------------------------
85	18	19
18->23->14->19
13,18,25,-1
6
----------------------------------------
86	19	12
19->14->23->18->12
13,26,19,14,-1
9
----------------------------------------
87	2	3
2->6->4->3
15,19,18,-1
5
----------------------------------------
88	20	14
20->22->18->23->14
8,6,15,20,-1
11
----------------------------------------
89	11	15
11->10->3->4->6->2->7->15
21,20,25,19,20,16,15,-1
21
----------------------------------------
90	8	7
8->9->6->2->7
7,16,21,17,-1
15
----------------------------------------
91	17	22
17->12->18->22
31,18,16,-1
6
----------------------------------------
92	2	18
2->7->15->13->21->17->12->18
18,17,19,21,16,32,19,-1
21
----------------------------------------
93	16	12
16->22->18->12
7,8,18,-1
10
----------------------------------------
94	18	1
18->23->14->9->6->2->1
19,21,28,17,22,19,-1
19
----------------------------------------
95	16	17
16->20->21->17
8,9,17,-1
11
----------------------------------------
96	20	12
20->21->17->12
10,18,34,-1
9
----------------------------------------
97	22	18
22->18
9,-1
2
----------------------------------------
98	23	20
23->18->22->20
22,21,10,-1
10
----------------------------------------
99	1	14
1->2->6->9->14
13,20,23,18,-1
15
----------------------------------------
