0	14	10
14->23->17->11->10
0,0,0,0,-1
4
----------------------------------------
1	0	16
0->1->7->15->13->16
0,0,0,0,0,-1
5
----------------------------------------
2	5	18
5->8->12->18
0,0,0,-1
3
----------------------------------------
3	0	10
0->4->3->10
1,0,0,-1
3
----------------------------------------
4	1	5
1->0->3->5
1,2,1,-1
3
----------------------------------------
5	1	12
1->0->3->5->8->12
2,3,2,2,1,-1
5
----------------------------------------
6	0	18
0->3->5->8->12->18
4,3,3,2,2,-1
5
----------------------------------------
7	3	22
3->5->8->12->18->22
4,4,3,3,2,-1
5
----------------------------------------
8	20	13
20->16->13
0,1,-1
2
----------------------------------------
9	17	19
17->23->14->19
1,1,1,-1
3
----------------------------------------
10	14	19
14->19
2,-1
1
----------------------------------------
11	6	3
6->4->3
0,1,-1
2
----------------------------------------
12	16	19
16->13->15->19
2,2,1,-1
3
----------------------------------------
13	1	10
1->0->3->5->11->10
3,5,6,5,1,-1
5
----------------------------------------
14	20	11
20->21->17->11
1,0,2,-1
3
----------------------------------------
15	18	13
18->22->16->13
3,1,3,-1
3
----------------------------------------
16	14	17
14->23->17
3,2,-1
2
----------------------------------------
17	4	15
4->0->1->7->15
2,6,4,1,-1
4
----------------------------------------
18	2	6
2->6
0,-1
1
----------------------------------------
19	15	2
15->7->2
3,2,-1
2
----------------------------------------
20	3	14
3->4->6->9->14
7,3,2,0,-1
4
----------------------------------------
21	2	10
2->6->4->3->10
2,3,4,8,-1
4
----------------------------------------
22	3	18
3->5->8->12->18
9,6,4,4,-1
4
----------------------------------------
23	18	11
18->12->17->11
5,5,4,-1
3
----------------------------------------
24	6	12
6->9->8->12
4,1,5,-1
3
----------------------------------------
25	0	13
0->1->7->15->13
7,5,3,4,-1
4
----------------------------------------
26	15	8
15->19->14->9->8
5,3,5,2,-1
4
----------------------------------------
27	14	11
14->23->17->11
6,3,5,-1
3
----------------------------------------
28	9	15
9->14->19->15
3,7,4,-1
3
----------------------------------------
29	23	8
23->14->9->8
4,8,4,-1
3
----------------------------------------
30	5	13
5->11->17->21->13
7,5,6,1,-1
4
----------------------------------------
31	20	9
20->21->17->12->8->9
2,2,7,7,8,-1
5
----------------------------------------
32	10	3
10->3
4,-1
1
----------------------------------------
33	10	0
10->3->4->0
5,11,5,-1
3
----------------------------------------
34	1	17
1->0->3->5->11->17
6,9,12,8,6,-1
5
----------------------------------------
35	19	11
19->14->23->17->11
5,9,5,9,-1
4
----------------------------------------
36	13	14
13->15->19->14
6,7,6,-1
3
----------------------------------------
37	7	12
7->2->6->9->8->12
4,3,5,6,9,-1
5
----------------------------------------
38	7	6
7->2->6
5,4,-1
2
----------------------------------------
39	19	14
19->14
7,-1
1
----------------------------------------
40	21	9
21->17->12->8->9
3,10,9,10,-1
4
----------------------------------------
41	8	13
8->12->17->21->13
11,10,11,4,-1
4
----------------------------------------
42	13	15
13->15
8,-1
1
----------------------------------------
43	4	20
4->3->5->11->17->21->20
6,13,9,8,12,5,-1
6
----------------------------------------
44	2	16
2->7->15->13->16
5,6,9,9,-1
4
----------------------------------------
45	13	5
13->21->17->11->5
10,6,13,9,-1
4
----------------------------------------
46	23	13
23->17->21->13
6,14,7,-1
3
----------------------------------------
47	13	9
13->15->19->14->9
12,10,8,12,-1
4
----------------------------------------
48	2	7
2->7
6,-1
1
----------------------------------------
49	19	4
19->14->9->6->4
9,13,9,7,-1
4
----------------------------------------
50	21	1
21->13->15->7->1
8,13,11,8,-1
4
----------------------------------------
51	13	12
13->21->17->12
14,9,15,-1
3
----------------------------------------
52	17	11
17->11
16,-1
1
----------------------------------------
53	0	16
0->1->7->15->13->16
10,8,9,12,15,-1
5
----------------------------------------
54	20	2
20->16->13->15->7->2
4,6,16,13,10,-1
5
----------------------------------------
55	19	1
19->15->7->1
10,14,11,-1
3
----------------------------------------
56	6	2
6->2
8,-1
1
----------------------------------------
57	7	6
7->2->6
12,9,-1
2
----------------------------------------
58	12	3
12->8->5->3
12,12,11,-1
3
----------------------------------------
59	4	21
4->3->5->11->17->21
8,15,12,11,17,-1
5
----------------------------------------
60	20	14
20->21->17->23->14
5,11,18,7,-1
4
----------------------------------------
61	10	22
10->11->17->12->18->22
6,12,19,13,6,-1
5
----------------------------------------
62	9	21
9->8->12->17->21
10,13,14,20,-1
4
----------------------------------------
63	3	9
3->4->6->9
16,9,10,-1
3
----------------------------------------
64	6	12
6->9->8->12
11,12,14,-1
3
----------------------------------------
65	20	22
20->22
6,-1
1
----------------------------------------
66	13	7
13->15->7
17,15,-1
2
----------------------------------------
67	13	16
13->16
18,-1
1
----------------------------------------
68	4	18
4->3->5->8->12->18
10,17,13,15,16,-1
5
----------------------------------------
69	11	10
11->10
13,-1
1
----------------------------------------
70	2	12
2->7->15->13->21->17->12
10,14,16,19,13,21,-1
6
----------------------------------------
71	4	17
4->3->5->11->17
11,18,14,14,-1
4
----------------------------------------
72	0	1
0->1
11,-1
1
----------------------------------------
73	10	4
10->3->0->4
8,19,12,-1
3
----------------------------------------
74	2	10
2->6->4->3->10
11,12,13,20,-1
4
----------------------------------------
75	2	6
2->6
12,-1
1
----------------------------------------
76	18	4
18->12->8->5->3->4
8,18,16,15,21,-1
5
----------------------------------------
77	8	20
8->12->17->21->20
17,19,23,14,-1
4
----------------------------------------
78	11	16
11->17->21->13->16
15,24,15,20,-1
4
----------------------------------------
79	6	18
6->2->7->15->13->16->22->18
14,13,15,17,21,9,4,-1
7
----------------------------------------
80	14	23
14->23
15,-1
1
----------------------------------------
81	19	18
19->14->23->18
11,16,9,-1
3
----------------------------------------
82	3	4
3->4
22,-1
1
----------------------------------------
83	9	17
9->14->23->17
13,17,10,-1
3
----------------------------------------
84	23	6
23->14->9->6
11,18,14,-1
3
----------------------------------------
85	18	19
18->23->14->19
11,12,19,-1
3
----------------------------------------
86	19	12
19->15->13->21->17->12
13,18,22,16,26,-1
5
----------------------------------------
87	2	3
2->1->0->3
14,11,13,-1
3
----------------------------------------
88	20	14
20->21->17->23->14
8,17,27,13,-1
4
----------------------------------------
89	11	15
11->17->21->13->15
16,28,18,23,-1
4
----------------------------------------
90	8	7
8->9->6->2->7
18,15,16,15,-1
4
----------------------------------------
91	17	22
17->12->18->22
29,21,12,-1
3
----------------------------------------
92	2	18
2->7->15->13->16->22->18
16,17,20,24,10,6,-1
6
----------------------------------------
93	16	12
16->22->18->12
11,7,14,-1
3
----------------------------------------
94	18	1
18->12->8->5->3->0->1
15,23,19,16,24,14,-1
6
----------------------------------------
95	16	17
16->13->21->17
12,25,19,-1
3
----------------------------------------
96	20	12
20->21->17->12
9,20,31,-1
3
----------------------------------------
97	22	18
22->18
8,-1
1
----------------------------------------
98	23	20
23->17->21->20
14,32,21,-1
3
----------------------------------------
99	1	14
1->2->6->9->14
13,17,17,16,-1
4
----------------------------------------
