0	14	10
14->9->6->4->3->10
0,0,0,0,0,-1
2.1
----------------------------------------
1	0	16
0->1->7->15->13->16
0,0,0,0,0,-1
1.5
----------------------------------------
2	5	18
5->8->12->18
0,0,0,-1
1.5999999999999999
----------------------------------------
3	0	10
0->4->3->10
1,1,1,-1
1.2
----------------------------------------
4	1	5
1->0->3->5
1,2,2,-1
1.2000000000000002
----------------------------------------
5	1	12
1->2->6->9->8->12
2,0,1,1,1,-1
1.9
----------------------------------------
6	0	18
0->4->6->9->14->23->18
3,2,2,2,1,0,-1
2.1999999999999997
----------------------------------------
7	3	22
3->0->1->7->15->13->16->22
3,4,3,1,1,1,1,-1
2.5
----------------------------------------
8	20	13
20->16->13
0,2,-1
0.6
----------------------------------------
9	17	19
17->23->14->19
0,1,2,-1
2.2
----------------------------------------
10	14	19
14->19
3,-1
0.8
----------------------------------------
11	6	3
6->4->3
3,3,-1
1.0
----------------------------------------
12	16	19
16->13->15->19
3,3,2,-1
1.2
----------------------------------------
13	1	10
1->2->6->4->3->10
4,1,4,4,5,-1
2.2
----------------------------------------
14	20	11
20->21->17->11
1,0,1,-1
1.7
----------------------------------------
15	18	13
18->22->16->13
2,1,4,-1
1.5999999999999999
----------------------------------------
16	14	17
14->23->17
4,2,-1
1.4
----------------------------------------
17	4	15
4->0->1->7->15
5,5,5,2,-1
1.2000000000000002
----------------------------------------
18	2	6
2->6
2,-1
0.4
----------------------------------------
19	15	2
15->7->2
4,3,-1
0.6
----------------------------------------
20	3	14
3->4->6->9->14
6,6,6,3,-1
1.5
----------------------------------------
21	2	10
2->6->4->3->10
4,7,7,7,-1
2.0
----------------------------------------
22	3	18
3->5->8->12->18
8,2,2,2,-1
2.0
----------------------------------------
23	18	11
18->23->17->11
4,3,3,-1
2.0
----------------------------------------
24	6	12
6->9->8->12
8,4,3,-1
1.3
----------------------------------------
25	0	13
0->1->7->15->13
6,6,4,5,-1
1.3
----------------------------------------
26	15	8
15->7->2->6->9->8
6,5,5,9,5,-1
2.0999999999999996
----------------------------------------
27	14	11
14->23->17->11
6,4,4,-1
2.0999999999999996
----------------------------------------
28	9	15
9->6->2->7->15
6,10,6,6,-1
1.4
----------------------------------------
29	23	8
23->14->9->8
5,7,7,-1
1.2999999999999998
----------------------------------------
30	5	13
5->3->0->1->7->15->13
3,9,7,7,7,8,-1
2.1000000000000005
----------------------------------------
31	20	9
20->16->13->15->7->2->6->9
2,5,7,9,8,7,11,-1
2.3
----------------------------------------
32	10	3
10->3
4,-1
0.6
----------------------------------------
33	10	0
10->3->4->0
5,11,8,-1
1.2
----------------------------------------
34	1	17
1->7->15->13->21->17
8,9,10,8,1,-1
2.4000000000000004
----------------------------------------
35	19	11
19->14->23->17->11
3,8,6,6,-1
2.9000000000000004
----------------------------------------
36	13	14
13->15->19->14
9,11,4,-1
1.8
----------------------------------------
37	7	12
7->2->6->9->8->12
10,8,12,9,6,-1
2.2
----------------------------------------
38	7	6
7->2->6
11,9,-1
0.9
----------------------------------------
39	19	14
19->14
5,-1
0.8
----------------------------------------
40	21	9
21->17->23->14->9
2,7,7,11,-1
2.2
----------------------------------------
41	8	13
8->12->17->21->13
7,5,8,3,-1
2.4
----------------------------------------
42	13	15
13->15
11,-1
0.30000000000000004
----------------------------------------
43	4	20
4->0->1->7->15->13->16->20
9,9,9,12,13,12,6,-1
2.1
----------------------------------------
44	2	16
2->7->15->13->16
10,13,14,13,-1
1.1
----------------------------------------
45	13	5
13->15->7->1->0->3->5
14,15,14,10,10,12,-1
2.1
----------------------------------------
46	23	13
23->18->22->16->13
8,5,2,8,-1
2.0
----------------------------------------
47	13	9
13->15->7->2->6->9
16,16,15,11,14,-1
1.7000000000000002
----------------------------------------
48	2	7
2->7
12,-1
0.5
----------------------------------------
49	19	4
19->15->7->1->0->4
6,17,17,11,11,-1
1.8999999999999997
----------------------------------------
50	21	1
21->13->15->7->1
4,17,18,18,-1
1.7000000000000002
----------------------------------------
51	13	12
13->21->17->12
18,5,9,-1
2.2
----------------------------------------
52	17	11
17->11
10,-1
0.7
----------------------------------------
53	0	16
0->1->7->15->13->16
12,13,19,19,19,-1
1.5
----------------------------------------
54	20	2
20->16->13->15->7->2
4,10,20,20,20,-1
1.5
----------------------------------------
55	19	1
19->15->7->1
7,21,21,-1
1.2999999999999998
----------------------------------------
56	6	2
6->2
15,-1
0.4
----------------------------------------
57	7	6
7->1->0->4->6
22,15,13,11,-1
1.7000000000000002
----------------------------------------
58	12	3
12->8->5->3
7,8,5,-1
1.2999999999999998
----------------------------------------
59	4	21
4->0->1->7->15->13->21
12,14,16,23,22,21,-1
2.3000000000000003
----------------------------------------
60	20	14
20->21->17->23->14
5,7,11,9,-1
2.4
----------------------------------------
61	10	22
10->3->0->1->7->15->13->16->22
6,14,15,17,24,23,22,11,-1
3.1
----------------------------------------
62	9	21
9->14->23->17->21
12,13,10,12,-1
2.2
----------------------------------------
63	3	9
3->4->6->9
15,13,17,-1
1.4
----------------------------------------
64	6	12
6->9->8->12
18,14,9,-1
1.3
----------------------------------------
65	20	22
20->22
6,-1
0.9
----------------------------------------
66	13	7
13->15->7
23,24,-1
0.4
----------------------------------------
67	13	16
13->16
24,-1
0.19999999999999996
----------------------------------------
68	4	18
4->6->9->14->23->18
14,19,15,14,11,-1
2.0
----------------------------------------
69	11	10
11->10
5,-1
0.8
----------------------------------------
70	2	12
2->7->15->13->21->17->12
15,26,25,25,9,13,-1
3.1000000000000005
----------------------------------------
71	4	17
4->3->5->11->17
15,16,6,6,-1
2.2
----------------------------------------
72	0	1
0->4->6->2->1
16,16,20,16,-1
1.4
----------------------------------------
73	10	4
10->3->0->4
8,17,17,-1
1.2
----------------------------------------
74	2	10
2->1->0->3->5->11->10
17,19,18,18,7,7,-1
2.8999999999999995
----------------------------------------
75	2	6
2->1->0->4->6
18,20,19,18,-1
1.4
----------------------------------------
76	18	4
18->23->14->9->6->4
7,12,15,16,22,-1
2.0
----------------------------------------
77	8	20
8->12->17->21->20
10,10,15,10,-1
1.9
----------------------------------------
78	11	16
11->17->21->20->16
8,16,11,8,-1
2.1
----------------------------------------
79	6	18
6->9->14->23->18
23,17,16,13,-1
1.4
----------------------------------------
80	14	23
14->23
17,-1
0.5
----------------------------------------
81	19	18
19->14->23->18
8,18,15,-1
1.7000000000000002
----------------------------------------
82	3	4
3->4
19,-1
0.4
----------------------------------------
83	9	17
9->14->23->17
18,19,16,-1
1.5
----------------------------------------
84	23	6
23->14->9->6
17,20,19,-1
1.0
----------------------------------------
85	18	19
18->23->14->19
10,18,21,-1
1.7000000000000002
----------------------------------------
86	19	12
19->14->9->8->12
10,22,20,11,-1
1.8
----------------------------------------
87	2	3
2->1->0->3
19,21,20,-1
1.0
----------------------------------------
88	20	14
20->21->17->23->14
9,12,18,19,-1
2.4
----------------------------------------
89	11	15
11->17->21->13->15
9,19,13,26,-1
2.5
----------------------------------------
90	8	7
8->9->6->2->7
12,21,25,20,-1
2.0
----------------------------------------
91	17	22
17->21->20->22
20,14,10,-1
1.9
----------------------------------------
92	2	18
2->7->15->13->16->22->18
21,28,27,27,14,6,-1
2.5
----------------------------------------
93	16	12
16->20->21->17->12
15,11,15,21,-1
2.0999999999999996
----------------------------------------
94	18	1
18->23->14->9->6->2->1
12,20,24,22,26,22,-1
1.9999999999999998
----------------------------------------
95	16	17
16->20->21->17
16,12,16,-1
1.4
----------------------------------------
96	20	12
20->21->17->12
13,17,23,-1
1.7
----------------------------------------
97	22	18
22->18
7,-1
0.8
----------------------------------------
98	23	20
23->17->21->20
21,24,18,-1
1.9000000000000001
----------------------------------------
99	1	14
1->7->15->19->14
23,29,28,11,-1
2.0999999999999996
----------------------------------------
