Node 0 Forwarding Table:
-1	-1	1	0	
----------------------------------------
-1	-1	4	1	
----------------------------------------
1	2	3	2	
----------------------------------------
-1	-1	4	3	
----------------------------------------
3	4	1	4	
----------------------------------------
4	5	1	5	
----------------------------------------
-1	-1	1	6	
----------------------------------------
3	7	1	7	
----------------------------------------
4	8	-1	-1	
----------------------------------------
4	9	1	9	
----------------------------------------
1	10	3	10	
----------------------------------------
1	11	4	11	
----------------------------------------
-1	-1	1	12	
----------------------------------------
1	13	4	13	
----------------------------------------
4	14	1	14	
----------------------------------------
3	15	1	15	
----------------------------------------
-1	-1	4	16	
----------------------------------------
3	17	4	17	
----------------------------------------
1	18	3	18	
----------------------------------------
1	19	4	19	
----------------------------------------
1	20	3	20	
----------------------------------------

****************************************
Node 1 Forwarding Table:
0	0	7	0	
----------------------------------------
-1	-1	0	1	
----------------------------------------
-1	-1	2	2	
----------------------------------------
0	3	7	3	
----------------------------------------
-1	-1	2	4	
----------------------------------------
0	5	7	5	
----------------------------------------
0	6	7	6	
----------------------------------------
0	7	7	7	
----------------------------------------
-1	-1	7	8	
----------------------------------------
0	9	7	9	
----------------------------------------
7	10	0	10	
----------------------------------------
7	11	0	11	
----------------------------------------
7	12	-1	-1	
----------------------------------------
0	13	7	13	
----------------------------------------
7	14	-1	-1	
----------------------------------------
7	15	0	15	
----------------------------------------
0	16	7	16	
----------------------------------------
0	17	7	17	
----------------------------------------
2	18	-1	-1	
----------------------------------------
2	19	0	19	
----------------------------------------
2	20	0	20	
----------------------------------------
2	21	0	21	
----------------------------------------
2	22	-1	-1	
----------------------------------------
-1	-1	7	23	
----------------------------------------

****************************************
Node 2 Forwarding Table:
1	0	6	0	
----------------------------------------
1	1	6	1	
----------------------------------------
-1	-1	6	2	
----------------------------------------
7	3	-1	-1	
----------------------------------------
-1	-1	6	4	
----------------------------------------
7	5	6	5	
----------------------------------------
6	6	7	6	
----------------------------------------
7	7	6	7	
----------------------------------------
7	8	6	8	
----------------------------------------
7	9	6	9	
----------------------------------------
-1	-1	7	10	
----------------------------------------
7	11	6	11	
----------------------------------------
-1	-1	7	12	
----------------------------------------
7	13	-1	-1	
----------------------------------------
6	14	-1	-1	
----------------------------------------
-1	-1	7	15	
----------------------------------------
6	16	1	16	
----------------------------------------
-1	-1	1	17	
----------------------------------------
-1	-1	1	18	
----------------------------------------
-1	-1	1	19	
----------------------------------------
6	20	7	20	
----------------------------------------
-1	-1	7	21	
----------------------------------------
6	22	1	22	
----------------------------------------

****************************************
Node 3 Forwarding Table:
4	0	10	0	
----------------------------------------
4	1	10	1	
----------------------------------------
0	2	5	2	
----------------------------------------
-1	-1	0	3	
----------------------------------------
4	4	-1	-1	
----------------------------------------
4	5	10	5	
----------------------------------------
-1	-1	4	6	
----------------------------------------
4	7	10	7	
----------------------------------------
-1	-1	5	8	
----------------------------------------
5	9	0	9	
----------------------------------------
10	10	-1	-1	
----------------------------------------
10	11	4	11	
----------------------------------------
0	12	5	12	
----------------------------------------
5	13	-1	-1	
----------------------------------------
10	14	0	14	
----------------------------------------
-1	-1	4	15	
----------------------------------------
4	16	5	16	
----------------------------------------
10	17	0	17	
----------------------------------------
0	18	5	18	
----------------------------------------
-1	-1	4	19	
----------------------------------------
0	20	-1	-1	
----------------------------------------

****************************************
Node 4 Forwarding Table:
6	0	3	0	
----------------------------------------
0	1	3	1	
----------------------------------------
0	2	6	2	
----------------------------------------
6	3	3	3	
----------------------------------------
6	4	3	4	
----------------------------------------
-1	-1	0	5	
----------------------------------------
3	6	6	6	
----------------------------------------
6	7	3	7	
----------------------------------------
3	8	0	8	
----------------------------------------
-1	-1	0	9	
----------------------------------------
0	10	-1	-1	
----------------------------------------
0	11	6	11	
----------------------------------------
-1	-1	0	12	
----------------------------------------
3	13	6	13	
----------------------------------------
-1	-1	6	14	
----------------------------------------
-1	-1	3	15	
----------------------------------------
0	16	6	16	
----------------------------------------
0	17	-1	-1	
----------------------------------------
0	18	6	18	
----------------------------------------
6	19	-1	-1	
----------------------------------------
3	20	-1	-1	
----------------------------------------

****************************************
Node 5 Forwarding Table:
-1	-1	8	0	
----------------------------------------
3	1	-1	-1	
----------------------------------------
3	2	8	2	
----------------------------------------
-1	-1	3	3	
----------------------------------------
3	4	-1	-1	
----------------------------------------
8	5	3	5	
----------------------------------------
3	6	11	6	
----------------------------------------
3	7	11	7	
----------------------------------------

****************************************
Node 6 Forwarding Table:
9	0	4	0	
----------------------------------------
2	1	9	1	
----------------------------------------
4	2	9	2	
----------------------------------------
-1	-1	4	3	
----------------------------------------
2	4	4	4	
----------------------------------------
2	5	-1	-1	
----------------------------------------
4	6	9	6	
----------------------------------------
2	7	4	7	
----------------------------------------
-1	-1	9	8	
----------------------------------------
2	9	9	9	
----------------------------------------
9	10	2	10	
----------------------------------------
2	11	9	11	
----------------------------------------
2	12	9	12	
----------------------------------------
2	13	-1	-1	
----------------------------------------
2	14	9	14	
----------------------------------------
-1	-1	2	15	
----------------------------------------
4	16	-1	-1	
----------------------------------------
4	17	9	17	
----------------------------------------
-1	-1	9	18	
----------------------------------------
4	19	9	19	
----------------------------------------
4	20	2	20	
----------------------------------------
4	21	-1	-1	
----------------------------------------
9	22	4	22	
----------------------------------------
-1	-1	9	23	
----------------------------------------
9	24	-1	-1	
----------------------------------------
9	25	2	25	
----------------------------------------
9	26	2	26	
----------------------------------------

****************************************
Node 7 Forwarding Table:
1	0	15	0	
----------------------------------------
1	1	15	1	
----------------------------------------
1	2	15	2	
----------------------------------------
15	3	2	3	
----------------------------------------
1	4	15	4	
----------------------------------------
15	5	2	5	
----------------------------------------
2	6	15	6	
----------------------------------------
1	7	15	7	
----------------------------------------
15	8	2	8	
----------------------------------------
1	9	15	9	
----------------------------------------
-1	-1	2	10	
----------------------------------------
-1	-1	2	11	
----------------------------------------
1	12	15	12	
----------------------------------------
2	13	15	13	
----------------------------------------
15	14	1	14	
----------------------------------------
15	15	2	15	
----------------------------------------
2	16	-1	-1	
----------------------------------------
15	17	1	17	
----------------------------------------
15	18	1	18	
----------------------------------------
1	19	15	19	
----------------------------------------
15	20	2	20	
----------------------------------------
15	21	1	21	
----------------------------------------
-1	-1	1	22	
----------------------------------------
1	23	15	23	
----------------------------------------
1	24	15	24	
----------------------------------------
15	25	-1	-1	
----------------------------------------
2	26	15	26	
----------------------------------------
2	27	-1	-1	
----------------------------------------
2	28	15	28	
----------------------------------------
1	29	15	29	
----------------------------------------

****************************************
Node 8 Forwarding Table:
5	0	12	0	
----------------------------------------
9	1	12	1	
----------------------------------------
5	2	12	2	
----------------------------------------
9	3	12	3	
----------------------------------------
9	4	-1	-1	
----------------------------------------
9	5	-1	-1	
----------------------------------------
9	6	12	6	
----------------------------------------
-1	-1	12	7	
----------------------------------------
12	8	5	8	
----------------------------------------
9	9	12	9	
----------------------------------------
-1	-1	12	10	
----------------------------------------
9	11	12	11	
----------------------------------------
-1	-1	9	12	
----------------------------------------

****************************************
Node 9 Forwarding Table:
14	0	6	0	
----------------------------------------
6	1	8	1	
----------------------------------------
6	2	14	2	
----------------------------------------
6	3	14	3	
----------------------------------------
6	4	8	4	
----------------------------------------
6	5	8	5	
----------------------------------------
-1	-1	6	6	
----------------------------------------
14	7	8	7	
----------------------------------------
6	8	-1	-1	
----------------------------------------
6	9	8	9	
----------------------------------------
14	10	-1	-1	
----------------------------------------
6	11	-1	-1	
----------------------------------------
-1	-1	14	12	
----------------------------------------
6	13	-1	-1	
----------------------------------------
6	14	8	14	
----------------------------------------
6	15	14	15	
----------------------------------------
14	16	6	16	
----------------------------------------
6	17	14	17	
----------------------------------------
-1	-1	14	18	
----------------------------------------
14	19	6	19	
----------------------------------------
14	20	8	20	
----------------------------------------
8	21	6	21	
----------------------------------------
14	22	6	22	
----------------------------------------

****************************************
Node 10 Forwarding Table:
3	0	-1	-1	
----------------------------------------
3	1	-1	-1	
----------------------------------------
3	2	-1	-1	
----------------------------------------
3	3	-1	-1	
----------------------------------------
-1	-1	3	4	
----------------------------------------
-1	-1	3	5	
----------------------------------------
-1	-1	3	6	
----------------------------------------
11	7	-1	-1	
----------------------------------------
-1	-1	3	8	
----------------------------------------
11	9	-1	-1	
----------------------------------------

****************************************
Node 11 Forwarding Table:
17	0	-1	-1	
----------------------------------------
17	1	-1	-1	
----------------------------------------
17	2	-1	-1	
----------------------------------------
17	3	-1	-1	
----------------------------------------
17	4	-1	-1	
----------------------------------------
-1	-1	10	5	
----------------------------------------
5	6	17	6	
----------------------------------------
5	7	10	7	
----------------------------------------
-1	-1	17	8	
----------------------------------------
-1	-1	17	9	
----------------------------------------

****************************************
Node 12 Forwarding Table:
8	0	18	0	
----------------------------------------
8	1	-1	-1	
----------------------------------------
8	2	18	2	
----------------------------------------
8	3	-1	-1	
----------------------------------------
8	4	-1	-1	
----------------------------------------
8	5	17	5	
----------------------------------------
17	6	-1	-1	
----------------------------------------
-1	-1	8	7	
----------------------------------------
8	8	-1	-1	
----------------------------------------
17	9	-1	-1	
----------------------------------------
8	10	17	10	
----------------------------------------
8	11	-1	-1	
----------------------------------------
17	12	-1	-1	
----------------------------------------
17	13	-1	-1	
----------------------------------------

****************************************
Node 13 Forwarding Table:
15	0	16	0	
----------------------------------------
15	1	16	1	
----------------------------------------
16	2	-1	-1	
----------------------------------------
16	3	15	3	
----------------------------------------
16	4	-1	-1	
----------------------------------------
15	5	-1	-1	
----------------------------------------
15	6	-1	-1	
----------------------------------------
16	7	15	7	
----------------------------------------
15	8	21	8	
----------------------------------------
-1	-1	15	9	
----------------------------------------
21	10	-1	-1	
----------------------------------------
-1	-1	15	11	
----------------------------------------
15	12	16	12	
----------------------------------------
15	13	16	13	
----------------------------------------
-1	-1	15	14	
----------------------------------------
16	15	-1	-1	
----------------------------------------
-1	-1	15	16	
----------------------------------------
21	17	15	17	
----------------------------------------
-1	-1	21	18	
----------------------------------------
15	19	16	19	
----------------------------------------
16	20	15	20	
----------------------------------------
15	21	21	21	
----------------------------------------
15	22	16	22	
----------------------------------------
-1	-1	15	23	
----------------------------------------
-1	-1	16	24	
----------------------------------------
15	25	21	25	
----------------------------------------
21	26	15	26	
----------------------------------------
15	27	16	27	
----------------------------------------

****************************************
Node 14 Forwarding Table:
-1	-1	9	0	
----------------------------------------
9	1	23	1	
----------------------------------------
23	2	19	2	
----------------------------------------
-1	-1	19	3	
----------------------------------------
-1	-1	23	4	
----------------------------------------
9	5	-1	-1	
----------------------------------------
-1	-1	23	6	
----------------------------------------
23	7	9	7	
----------------------------------------
19	8	23	8	
----------------------------------------
19	9	-1	-1	
----------------------------------------
19	10	-1	-1	
----------------------------------------
23	11	9	11	
----------------------------------------
23	12	-1	-1	
----------------------------------------
9	13	23	13	
----------------------------------------
9	14	23	14	
----------------------------------------
23	15	9	15	
----------------------------------------
9	16	23	16	
----------------------------------------
-1	-1	23	17	
----------------------------------------
19	18	23	18	
----------------------------------------
9	19	23	19	
----------------------------------------
23	20	9	20	
----------------------------------------
23	21	19	21	
----------------------------------------
19	22	9	22	
----------------------------------------
23	23	-1	-1	
----------------------------------------
23	24	9	24	
----------------------------------------
19	25	-1	-1	
----------------------------------------

****************************************
Node 15 Forwarding Table:
7	0	13	0	
----------------------------------------
7	1	13	1	
----------------------------------------
13	2	19	2	
----------------------------------------
7	3	-1	-1	
----------------------------------------
-1	-1	7	4	
----------------------------------------
7	5	13	5	
----------------------------------------
-1	-1	7	6	
----------------------------------------
7	7	-1	-1	
----------------------------------------
7	8	13	8	
----------------------------------------
13	9	7	9	
----------------------------------------
7	10	13	10	
----------------------------------------
13	11	19	11	
----------------------------------------
13	12	-1	-1	
----------------------------------------
7	13	13	13	
----------------------------------------
7	14	13	14	
----------------------------------------
13	15	7	15	
----------------------------------------
13	16	7	16	
----------------------------------------
19	17	7	17	
----------------------------------------
13	18	7	18	
----------------------------------------
7	19	13	19	
----------------------------------------
13	20	7	20	
----------------------------------------
19	21	7	21	
----------------------------------------
7	22	13	22	
----------------------------------------
7	23	13	23	
----------------------------------------
13	24	7	24	
----------------------------------------
7	25	13	25	
----------------------------------------
13	26	-1	-1	
----------------------------------------
7	27	13	27	
----------------------------------------
7	28	19	28	
----------------------------------------

****************************************
Node 16 Forwarding Table:
13	0	-1	-1	
----------------------------------------
13	1	22	1	
----------------------------------------
20	2	13	2	
----------------------------------------
-1	-1	13	3	
----------------------------------------
22	4	13	4	
----------------------------------------
20	5	13	5	
----------------------------------------
13	6	20	6	
----------------------------------------
13	7	-1	-1	
----------------------------------------
22	8	13	8	
----------------------------------------
13	9	-1	-1	
----------------------------------------
20	10	13	10	
----------------------------------------
13	11	22	11	
----------------------------------------
13	12	-1	-1	
----------------------------------------
20	13	-1	-1	
----------------------------------------
13	14	22	14	
----------------------------------------
-1	-1	20	15	
----------------------------------------
-1	-1	20	16	
----------------------------------------

****************************************
Node 17 Forwarding Table:
-1	-1	23	0	
----------------------------------------
21	1	11	1	
----------------------------------------
23	2	-1	-1	
----------------------------------------
23	3	11	3	
----------------------------------------
23	4	11	4	
----------------------------------------
21	5	-1	-1	
----------------------------------------
23	6	11	6	
----------------------------------------
21	7	23	7	
----------------------------------------
12	8	21	8	
----------------------------------------
21	9	12	9	
----------------------------------------
-1	-1	11	10	
----------------------------------------
21	11	23	11	
----------------------------------------
23	12	21	12	
----------------------------------------
21	13	12	13	
----------------------------------------
11	14	-1	-1	
----------------------------------------
12	15	21	15	
----------------------------------------
11	16	21	16	
----------------------------------------
23	17	-1	-1	
----------------------------------------
21	18	23	18	
----------------------------------------
11	19	21	19	
----------------------------------------
-1	-1	21	20	
----------------------------------------
21	21	12	21	
----------------------------------------
21	22	-1	-1	
----------------------------------------
21	23	12	23	
----------------------------------------
23	24	21	24	
----------------------------------------

****************************************
Node 18 Forwarding Table:
12	0	-1	-1	
----------------------------------------
23	1	-1	-1	
----------------------------------------
-1	-1	22	2	
----------------------------------------
12	3	-1	-1	
----------------------------------------
-1	-1	23	4	
----------------------------------------
23	5	22	5	
----------------------------------------
23	6	-1	-1	
----------------------------------------
-1	-1	23	7	
----------------------------------------
23	8	-1	-1	
----------------------------------------
23	9	-1	-1	
----------------------------------------
-1	-1	23	10	
----------------------------------------
22	11	-1	-1	
----------------------------------------
-1	-1	23	12	
----------------------------------------
22	13	-1	-1	
----------------------------------------

****************************************
Node 19 Forwarding Table:
14	0	-1	-1	
----------------------------------------
14	1	-1	-1	
----------------------------------------
15	2	-1	-1	
----------------------------------------
-1	-1	14	3	
----------------------------------------
15	4	14	4	
----------------------------------------
-1	-1	14	5	
----------------------------------------
-1	-1	15	6	
----------------------------------------
-1	-1	15	7	
----------------------------------------
-1	-1	14	8	
----------------------------------------
14	9	-1	-1	
----------------------------------------
-1	-1	14	10	
----------------------------------------
15	11	14	11	
----------------------------------------

****************************************
Node 20 Forwarding Table:
-1	-1	16	0	
----------------------------------------
-1	-1	21	1	
----------------------------------------
-1	-1	16	2	
----------------------------------------
16	3	-1	-1	
----------------------------------------
-1	-1	16	4	
----------------------------------------
-1	-1	21	5	
----------------------------------------
-1	-1	22	6	
----------------------------------------
21	7	-1	-1	
----------------------------------------
21	8	16	8	
----------------------------------------
-1	-1	21	9	
----------------------------------------
21	10	22	10	
----------------------------------------
16	11	21	11	
----------------------------------------
16	12	21	12	
----------------------------------------
-1	-1	21	13	
----------------------------------------
21	14	-1	-1	
----------------------------------------

****************************************
Node 21 Forwarding Table:
20	0	17	0	
----------------------------------------
13	1	17	1	
----------------------------------------
-1	-1	17	2	
----------------------------------------
17	3	13	3	
----------------------------------------
-1	-1	13	4	
----------------------------------------
13	5	17	5	
----------------------------------------
13	6	-1	-1	
----------------------------------------
20	7	17	7	
----------------------------------------
17	8	-1	-1	
----------------------------------------
13	9	17	9	
----------------------------------------
17	10	20	10	
----------------------------------------
17	11	20	11	
----------------------------------------
20	12	17	12	
----------------------------------------
17	13	13	13	
----------------------------------------
17	14	20	14	
----------------------------------------
20	15	17	15	
----------------------------------------
20	16	17	16	
----------------------------------------
20	17	17	17	
----------------------------------------
17	18	20	18	
----------------------------------------

****************************************
Node 22 Forwarding Table:
16	0	-1	-1	
----------------------------------------
18	1	16	1	
----------------------------------------
18	2	16	2	
----------------------------------------
16	3	-1	-1	
----------------------------------------
20	4	-1	-1	
----------------------------------------
20	5	-1	-1	
----------------------------------------
16	6	18	6	
----------------------------------------
-1	-1	18	7	
----------------------------------------

****************************************
Node 23 Forwarding Table:
14	0	18	0	
----------------------------------------
17	1	14	1	
----------------------------------------
14	2	17	2	
----------------------------------------
18	3	17	3	
----------------------------------------
14	4	17	4	
----------------------------------------
-1	-1	14	5	
----------------------------------------
14	6	17	6	
----------------------------------------
17	7	14	7	
----------------------------------------
-1	-1	18	8	
----------------------------------------
17	9	14	9	
----------------------------------------
14	10	17	10	
----------------------------------------
14	11	18	11	
----------------------------------------
18	12	14	12	
----------------------------------------
14	13	18	13	
----------------------------------------
14	14	-1	-1	
----------------------------------------
14	15	18	15	
----------------------------------------
14	16	17	16	
----------------------------------------
-1	-1	14	17	
----------------------------------------
18	18	14	18	
----------------------------------------
17	19	14	19	
----------------------------------------
18	20	14	20	
----------------------------------------
-1	-1	17	21	
----------------------------------------

****************************************
