Node 0 Forwarding Table:
-1	-1	1	0	
----------------------------------------
-1	-1	4	1	
----------------------------------------
1	2	3	2	
----------------------------------------
-1	-1	4	3	
----------------------------------------
3	4	1	4	
----------------------------------------
4	5	1	5	
----------------------------------------
-1	-1	1	6	
----------------------------------------
3	7	1	7	
----------------------------------------
4	8	-1	-1	
----------------------------------------
1	9	4	9	
----------------------------------------
4	10	1	10	
----------------------------------------
1	11	3	11	
----------------------------------------
1	12	4	12	
----------------------------------------
-1	-1	1	13	
----------------------------------------
1	14	4	14	
----------------------------------------
4	15	1	15	
----------------------------------------
1	16	3	16	
----------------------------------------

****************************************
Node 1 Forwarding Table:
0	0	7	0	
----------------------------------------
-1	-1	0	1	
----------------------------------------
-1	-1	2	2	
----------------------------------------
0	3	7	3	
----------------------------------------
-1	-1	2	4	
----------------------------------------
0	5	7	5	
----------------------------------------
0	6	7	6	
----------------------------------------
0	7	7	7	
----------------------------------------
-1	-1	7	8	
----------------------------------------
7	9	0	9	
----------------------------------------
0	10	7	10	
----------------------------------------
7	11	0	11	
----------------------------------------
7	12	0	12	
----------------------------------------
7	13	-1	-1	
----------------------------------------
0	14	7	14	
----------------------------------------
7	15	-1	-1	
----------------------------------------
7	16	0	16	
----------------------------------------
0	17	7	17	
----------------------------------------
2	18	0	18	
----------------------------------------
2	19	-1	-1	
----------------------------------------

****************************************
Node 2 Forwarding Table:
1	0	6	0	
----------------------------------------
1	1	6	1	
----------------------------------------
-1	-1	6	2	
----------------------------------------
7	3	-1	-1	
----------------------------------------
-1	-1	6	4	
----------------------------------------
7	5	6	5	
----------------------------------------
6	6	7	6	
----------------------------------------
7	7	6	7	
----------------------------------------
7	8	6	8	
----------------------------------------
-1	-1	7	9	
----------------------------------------
-1	-1	7	10	
----------------------------------------
7	11	-1	-1	
----------------------------------------
6	12	-1	-1	
----------------------------------------
-1	-1	7	13	
----------------------------------------
-1	-1	1	14	
----------------------------------------
6	15	7	15	
----------------------------------------
-1	-1	7	16	
----------------------------------------
6	17	1	17	
----------------------------------------

****************************************
Node 3 Forwarding Table:
4	0	10	0	
----------------------------------------
4	1	10	1	
----------------------------------------
0	2	5	2	
----------------------------------------
-1	-1	0	3	
----------------------------------------
4	4	-1	-1	
----------------------------------------
4	5	10	5	
----------------------------------------
-1	-1	4	6	
----------------------------------------
4	7	10	7	
----------------------------------------
-1	-1	5	8	
----------------------------------------
5	9	0	9	
----------------------------------------
10	10	-1	-1	
----------------------------------------
10	11	4	11	
----------------------------------------
0	12	5	12	
----------------------------------------
5	13	-1	-1	
----------------------------------------
-1	-1	4	14	
----------------------------------------
4	15	5	15	
----------------------------------------
5	16	4	16	
----------------------------------------
0	17	5	17	
----------------------------------------
-1	-1	4	18	
----------------------------------------

****************************************
Node 4 Forwarding Table:
6	0	3	0	
----------------------------------------
0	1	3	1	
----------------------------------------
0	2	6	2	
----------------------------------------
6	3	3	3	
----------------------------------------
6	4	3	4	
----------------------------------------
-1	-1	0	5	
----------------------------------------
3	6	6	6	
----------------------------------------
6	7	3	7	
----------------------------------------
3	8	0	8	
----------------------------------------
0	9	6	9	
----------------------------------------
-1	-1	0	10	
----------------------------------------
0	11	-1	-1	
----------------------------------------
0	12	6	12	
----------------------------------------
-1	-1	0	13	
----------------------------------------
3	14	6	14	
----------------------------------------
-1	-1	6	15	
----------------------------------------
-1	-1	3	16	
----------------------------------------
3	17	-1	-1	
----------------------------------------
6	18	-1	-1	
----------------------------------------
3	19	-1	-1	
----------------------------------------

****************************************
Node 5 Forwarding Table:
-1	-1	8	0	
----------------------------------------
3	1	-1	-1	
----------------------------------------
3	2	8	2	
----------------------------------------
-1	-1	3	3	
----------------------------------------
3	4	-1	-1	
----------------------------------------
8	5	3	5	
----------------------------------------
3	6	11	6	
----------------------------------------
11	7	3	7	
----------------------------------------
3	8	11	8	
----------------------------------------

****************************************
Node 6 Forwarding Table:
9	0	4	0	
----------------------------------------
2	1	9	1	
----------------------------------------
4	2	9	2	
----------------------------------------
-1	-1	4	3	
----------------------------------------
2	4	4	4	
----------------------------------------
2	5	-1	-1	
----------------------------------------
4	6	9	6	
----------------------------------------
2	7	4	7	
----------------------------------------
-1	-1	9	8	
----------------------------------------
2	9	9	9	
----------------------------------------
9	10	2	10	
----------------------------------------
2	11	9	11	
----------------------------------------
2	12	9	12	
----------------------------------------
4	13	-1	-1	
----------------------------------------
-1	-1	2	14	
----------------------------------------
4	15	-1	-1	
----------------------------------------
4	16	9	16	
----------------------------------------
-1	-1	9	17	
----------------------------------------
4	18	9	18	
----------------------------------------
9	19	4	19	
----------------------------------------
-1	-1	9	20	
----------------------------------------
9	21	-1	-1	
----------------------------------------
9	22	2	22	
----------------------------------------
9	23	2	23	
----------------------------------------

****************************************
Node 7 Forwarding Table:
1	0	15	0	
----------------------------------------
1	1	15	1	
----------------------------------------
1	2	15	2	
----------------------------------------
15	3	2	3	
----------------------------------------
1	4	15	4	
----------------------------------------
15	5	2	5	
----------------------------------------
2	6	15	6	
----------------------------------------
1	7	15	7	
----------------------------------------
15	8	2	8	
----------------------------------------
1	9	15	9	
----------------------------------------
-1	-1	2	10	
----------------------------------------
-1	-1	1	11	
----------------------------------------
1	12	15	12	
----------------------------------------
2	13	15	13	
----------------------------------------
15	14	1	14	
----------------------------------------
2	15	-1	-1	
----------------------------------------
15	16	1	16	
----------------------------------------
15	17	1	17	
----------------------------------------
1	18	15	18	
----------------------------------------
15	19	2	19	
----------------------------------------
15	20	1	20	
----------------------------------------
-1	-1	1	21	
----------------------------------------
1	22	15	22	
----------------------------------------
15	23	-1	-1	
----------------------------------------
2	24	15	24	
----------------------------------------
2	25	-1	-1	
----------------------------------------
2	26	15	26	
----------------------------------------

****************************************
Node 8 Forwarding Table:
5	0	12	0	
----------------------------------------
9	1	12	1	
----------------------------------------
5	2	12	2	
----------------------------------------
9	3	12	3	
----------------------------------------
9	4	-1	-1	
----------------------------------------
9	5	-1	-1	
----------------------------------------
9	6	12	6	
----------------------------------------
-1	-1	12	7	
----------------------------------------
12	8	5	8	
----------------------------------------
9	9	12	9	
----------------------------------------
-1	-1	12	10	
----------------------------------------
9	11	12	11	
----------------------------------------
-1	-1	9	12	
----------------------------------------

****************************************
Node 9 Forwarding Table:
14	0	6	0	
----------------------------------------
6	1	8	1	
----------------------------------------
6	2	14	2	
----------------------------------------
6	3	14	3	
----------------------------------------
6	4	8	4	
----------------------------------------
6	5	8	5	
----------------------------------------
-1	-1	6	6	
----------------------------------------
14	7	8	7	
----------------------------------------
6	8	-1	-1	
----------------------------------------
6	9	8	9	
----------------------------------------
14	10	-1	-1	
----------------------------------------
14	11	-1	-1	
----------------------------------------
-1	-1	14	12	
----------------------------------------
6	13	-1	-1	
----------------------------------------
6	14	8	14	
----------------------------------------
6	15	14	15	
----------------------------------------
14	16	6	16	
----------------------------------------
6	17	14	17	
----------------------------------------
-1	-1	14	18	
----------------------------------------
14	19	6	19	
----------------------------------------
14	20	8	20	
----------------------------------------
8	21	6	21	
----------------------------------------
14	22	6	22	
----------------------------------------

****************************************
Node 10 Forwarding Table:
3	0	-1	-1	
----------------------------------------
3	1	-1	-1	
----------------------------------------
3	2	-1	-1	
----------------------------------------
3	3	-1	-1	
----------------------------------------
-1	-1	3	4	
----------------------------------------
-1	-1	3	5	
----------------------------------------
-1	-1	11	6	
----------------------------------------
11	7	-1	-1	
----------------------------------------
-1	-1	11	8	
----------------------------------------
11	9	-1	-1	
----------------------------------------

****************************************
Node 11 Forwarding Table:
17	0	-1	-1	
----------------------------------------
17	1	-1	-1	
----------------------------------------
17	2	-1	-1	
----------------------------------------
17	3	-1	-1	
----------------------------------------
17	4	-1	-1	
----------------------------------------
10	5	17	5	
----------------------------------------
-1	-1	10	6	
----------------------------------------
5	7	17	7	
----------------------------------------
10	8	5	8	
----------------------------------------
5	9	10	9	
----------------------------------------
-1	-1	17	10	
----------------------------------------
-1	-1	17	11	
----------------------------------------

****************************************
Node 12 Forwarding Table:
8	0	18	0	
----------------------------------------
8	1	-1	-1	
----------------------------------------
8	2	18	2	
----------------------------------------
8	3	-1	-1	
----------------------------------------
8	4	-1	-1	
----------------------------------------
8	5	17	5	
----------------------------------------
17	6	-1	-1	
----------------------------------------
-1	-1	8	7	
----------------------------------------
8	8	-1	-1	
----------------------------------------
17	9	-1	-1	
----------------------------------------
8	10	17	10	
----------------------------------------
8	11	-1	-1	
----------------------------------------
17	12	-1	-1	
----------------------------------------
17	13	-1	-1	
----------------------------------------

****************************************
Node 13 Forwarding Table:
15	0	16	0	
----------------------------------------
15	1	16	1	
----------------------------------------
16	2	-1	-1	
----------------------------------------
16	3	15	3	
----------------------------------------
16	4	-1	-1	
----------------------------------------
15	5	-1	-1	
----------------------------------------
15	6	-1	-1	
----------------------------------------
16	7	15	7	
----------------------------------------
15	8	21	8	
----------------------------------------
-1	-1	15	9	
----------------------------------------
21	10	-1	-1	
----------------------------------------
-1	-1	15	11	
----------------------------------------
15	12	16	12	
----------------------------------------
15	13	16	13	
----------------------------------------
-1	-1	15	14	
----------------------------------------
16	15	-1	-1	
----------------------------------------
-1	-1	16	16	
----------------------------------------
21	17	15	17	
----------------------------------------
-1	-1	21	18	
----------------------------------------
15	19	16	19	
----------------------------------------
16	20	15	20	
----------------------------------------
15	21	21	21	
----------------------------------------
-1	-1	15	22	
----------------------------------------
-1	-1	16	23	
----------------------------------------
15	24	21	24	
----------------------------------------
21	25	15	25	
----------------------------------------
15	26	16	26	
----------------------------------------

****************************************
Node 14 Forwarding Table:
-1	-1	9	0	
----------------------------------------
9	1	23	1	
----------------------------------------
23	2	19	2	
----------------------------------------
-1	-1	19	3	
----------------------------------------
-1	-1	23	4	
----------------------------------------
9	5	-1	-1	
----------------------------------------
-1	-1	23	6	
----------------------------------------
23	7	9	7	
----------------------------------------
19	8	23	8	
----------------------------------------
19	9	-1	-1	
----------------------------------------
19	10	-1	-1	
----------------------------------------
23	11	9	11	
----------------------------------------
23	12	9	12	
----------------------------------------
23	13	-1	-1	
----------------------------------------
9	14	23	14	
----------------------------------------
9	15	23	15	
----------------------------------------
23	16	9	16	
----------------------------------------
9	17	23	17	
----------------------------------------
-1	-1	23	18	
----------------------------------------
19	19	23	19	
----------------------------------------
9	20	23	20	
----------------------------------------
23	21	9	21	
----------------------------------------
23	22	19	22	
----------------------------------------
19	23	9	23	
----------------------------------------
23	24	-1	-1	
----------------------------------------
23	25	9	25	
----------------------------------------

****************************************
Node 15 Forwarding Table:
7	0	13	0	
----------------------------------------
7	1	13	1	
----------------------------------------
13	2	19	2	
----------------------------------------
7	3	-1	-1	
----------------------------------------
-1	-1	7	4	
----------------------------------------
7	5	13	5	
----------------------------------------
-1	-1	7	6	
----------------------------------------
7	7	-1	-1	
----------------------------------------
7	8	13	8	
----------------------------------------
13	9	7	9	
----------------------------------------
7	10	13	10	
----------------------------------------
13	11	19	11	
----------------------------------------
13	12	-1	-1	
----------------------------------------
7	13	13	13	
----------------------------------------
7	14	13	14	
----------------------------------------
13	15	7	15	
----------------------------------------
19	16	7	16	
----------------------------------------
13	17	7	17	
----------------------------------------
7	18	13	18	
----------------------------------------
13	19	7	19	
----------------------------------------
19	20	7	20	
----------------------------------------
7	21	13	21	
----------------------------------------
13	22	7	22	
----------------------------------------
7	23	13	23	
----------------------------------------
13	24	-1	-1	
----------------------------------------
7	25	13	25	
----------------------------------------

****************************************
Node 16 Forwarding Table:
13	0	-1	-1	
----------------------------------------
13	1	22	1	
----------------------------------------
20	2	13	2	
----------------------------------------
-1	-1	13	3	
----------------------------------------
22	4	13	4	
----------------------------------------
20	5	13	5	
----------------------------------------
13	6	20	6	
----------------------------------------
13	7	-1	-1	
----------------------------------------
22	8	13	8	
----------------------------------------
13	9	22	9	
----------------------------------------
13	10	-1	-1	
----------------------------------------
20	11	13	11	
----------------------------------------
13	12	-1	-1	
----------------------------------------
20	13	-1	-1	
----------------------------------------
13	14	22	14	
----------------------------------------
-1	-1	20	15	
----------------------------------------
-1	-1	20	16	
----------------------------------------

****************************************
Node 17 Forwarding Table:
-1	-1	23	0	
----------------------------------------
21	1	11	1	
----------------------------------------
23	2	-1	-1	
----------------------------------------
23	3	11	3	
----------------------------------------
23	4	11	4	
----------------------------------------
21	5	-1	-1	
----------------------------------------
23	6	11	6	
----------------------------------------
21	7	23	7	
----------------------------------------
12	8	21	8	
----------------------------------------
21	9	12	9	
----------------------------------------
-1	-1	11	10	
----------------------------------------
21	11	23	11	
----------------------------------------
11	12	21	12	
----------------------------------------
23	13	21	13	
----------------------------------------
21	14	12	14	
----------------------------------------
11	15	-1	-1	
----------------------------------------
12	16	21	16	
----------------------------------------
11	17	21	17	
----------------------------------------
23	18	-1	-1	
----------------------------------------
21	19	23	19	
----------------------------------------
11	20	21	20	
----------------------------------------
-1	-1	21	21	
----------------------------------------
21	22	12	22	
----------------------------------------
21	23	-1	-1	
----------------------------------------
21	24	12	24	
----------------------------------------
23	25	21	25	
----------------------------------------

****************************************
Node 18 Forwarding Table:
12	0	-1	-1	
----------------------------------------
23	1	-1	-1	
----------------------------------------
-1	-1	22	2	
----------------------------------------
12	3	-1	-1	
----------------------------------------
-1	-1	23	4	
----------------------------------------
23	5	22	5	
----------------------------------------
22	6	23	6	
----------------------------------------
23	7	-1	-1	
----------------------------------------
-1	-1	23	8	
----------------------------------------
23	9	-1	-1	
----------------------------------------
23	10	-1	-1	
----------------------------------------
-1	-1	23	11	
----------------------------------------
22	12	-1	-1	
----------------------------------------
-1	-1	23	13	
----------------------------------------
22	14	-1	-1	
----------------------------------------

****************************************
Node 19 Forwarding Table:
14	0	-1	-1	
----------------------------------------
14	1	-1	-1	
----------------------------------------
15	2	-1	-1	
----------------------------------------
-1	-1	14	3	
----------------------------------------
15	4	14	4	
----------------------------------------
-1	-1	14	5	
----------------------------------------
-1	-1	15	6	
----------------------------------------
-1	-1	15	7	
----------------------------------------
-1	-1	14	8	
----------------------------------------
14	9	-1	-1	
----------------------------------------
-1	-1	14	10	
----------------------------------------

****************************************
Node 20 Forwarding Table:
-1	-1	16	0	
----------------------------------------
-1	-1	21	1	
----------------------------------------
-1	-1	16	2	
----------------------------------------
16	3	-1	-1	
----------------------------------------
-1	-1	16	4	
----------------------------------------
-1	-1	21	5	
----------------------------------------
21	6	22	6	
----------------------------------------
-1	-1	22	7	
----------------------------------------
21	8	-1	-1	
----------------------------------------
21	9	16	9	
----------------------------------------
-1	-1	21	10	
----------------------------------------
21	11	22	11	
----------------------------------------
16	12	21	12	
----------------------------------------
16	13	21	13	
----------------------------------------
-1	-1	21	14	
----------------------------------------
21	15	-1	-1	
----------------------------------------

****************************************
Node 21 Forwarding Table:
20	0	17	0	
----------------------------------------
13	1	17	1	
----------------------------------------
-1	-1	17	2	
----------------------------------------
17	3	13	3	
----------------------------------------
-1	-1	13	4	
----------------------------------------
13	5	17	5	
----------------------------------------
13	6	-1	-1	
----------------------------------------
20	7	17	7	
----------------------------------------
17	8	20	8	
----------------------------------------
17	9	-1	-1	
----------------------------------------
13	10	17	10	
----------------------------------------
17	11	20	11	
----------------------------------------
17	12	20	12	
----------------------------------------
20	13	17	13	
----------------------------------------
17	14	13	14	
----------------------------------------
17	15	20	15	
----------------------------------------
20	16	17	16	
----------------------------------------
20	17	17	17	
----------------------------------------
20	18	17	18	
----------------------------------------
17	19	20	19	
----------------------------------------

****************************************
Node 22 Forwarding Table:
16	0	-1	-1	
----------------------------------------
18	1	16	1	
----------------------------------------
18	2	16	2	
----------------------------------------
16	3	18	3	
----------------------------------------
20	4	-1	-1	
----------------------------------------
20	5	-1	-1	
----------------------------------------
20	6	-1	-1	
----------------------------------------
16	7	18	7	
----------------------------------------
-1	-1	18	8	
----------------------------------------

****************************************
Node 23 Forwarding Table:
14	0	18	0	
----------------------------------------
17	1	14	1	
----------------------------------------
14	2	17	2	
----------------------------------------
18	3	17	3	
----------------------------------------
14	4	17	4	
----------------------------------------
-1	-1	14	5	
----------------------------------------
14	6	17	6	
----------------------------------------
17	7	14	7	
----------------------------------------
-1	-1	18	8	
----------------------------------------
18	9	14	9	
----------------------------------------
17	10	14	10	
----------------------------------------
14	11	17	11	
----------------------------------------
14	12	18	12	
----------------------------------------
18	13	14	13	
----------------------------------------
14	14	18	14	
----------------------------------------
14	15	-1	-1	
----------------------------------------
14	16	18	16	
----------------------------------------
14	17	17	17	
----------------------------------------
-1	-1	14	18	
----------------------------------------
18	19	14	19	
----------------------------------------
17	20	14	20	
----------------------------------------
18	21	14	21	
----------------------------------------
-1	-1	17	22	
----------------------------------------

****************************************
