24 36
0 1 4 110 0.6
0 3 2 200 0.6
0 4 3 100 0.8
1 2 3 190 0.8
1 7 5 180 0.5
2 6 3 100 0.6
2 7 5 100 0.5
3 4 1 120 0.6
3 5 4 150 0.6
3 10 5 170 0.4
4 6 1 180 0.4
5 8 5 170 0.3
5 11 4 170 0.3
6 9 5 200 0.6
7 15 4 200 0.9
8 9 2 180 0.3
8 12 5 140 0.8
9 14 4 170 0.9
10 11 2 200 0.2
11 17 1 110 0.3
12 17 1 160 0.3
12 18 3 190 0.3
13 15 1 180 0.7
13 16 5 180 0.8
13 21 2 200 0.2
14 19 2 170 0.2
14 23 1 160 0.5
15 19 5 180 0.3
16 20 3 160 0.6
16 22 5 140 0.4
17 21 5 150 0.3
17 23 2 160 0.1
18 22 2 130 0.2
18 23 3 160 0.6
20 21 3 100 0.7
20 22 5 190 0.1