300
20 23 9 17 18
2 11 2 13 13
18 7 5 7 15
23 14 3 10 14
0 11 0 11 19
1 3 5 9 12
9 12 0 7 8
17 19 2 4 9
7 20 3 14 19
13 21 2 6 15
1 15 0 7 10
0 7 7 15 16
22 17 5 10 19
15 23 6 12 16
12 16 2 7 15
6 4 0 6 12
21 14 3 11 14
10 11 9 13 15
21 8 3 11 13
9 3 12 14 18
10 8 12 13 19
22 3 4 11 16
1 9 1 3 5
1 15 5 12 17
4 15 6 6 8
19 10 3 7 14
17 11 0 11 18
7 12 14 15 17
11 15 4 4 10
10 18 0 3 12
6 23 3 6 8
7 15 1 14 19
11 21 14 18 19
17 6 4 16 19
1 10 9 13 19
6 20 13 14 15
16 7 1 15 16
6 11 6 15 18
15 11 9 12 12
15 20 5 13 18
1 16 2 8 10
10 17 1 11 16
16 3 2 7 8
14 9 12 12 18
12 6 4 9 15
17 4 6 6 11
19 2 15 16 16
18 19 7 16 17
23 14 6 11 12
18 0 2 5 6
9 13 11 13 16
13 1 2 7 12
17 2 10 13 14
6 5 6 6 14
12 15 3 8 13
4 17 8 17 18
15 21 6 10 11
14 10 2 3 10
19 8 1 9 11
18 13 3 8 8
0 17 9 11 11
22 0 1 6 11
15 19 3 13 15
1 21 2 2 5
8 9 7 7 8
20 15 3 10 12
12 10 2 5 13
10 0 0 4 9
14 18 9 9 10
21 3 2 9 10
21 7 1 7 19
20 16 1 1 10
22 16 12 18 18
10 14 14 16 18
0 14 8 8 12
2 9 1 8 18
8 7 2 8 8
16 15 0 11 17
1 20 1 7 18
6 2 13 13 18
15 22 3 10 11
8 4 6 10 16
16 1 12 18 18
4 21 5 7 19
6 1 2 6 13
1 3 8 9 17
9 0 2 9 14
15 11 4 6 17
17 22 0 3 16
10 23 5 14 17
7 22 1 5 19
22 10 12 13 17
17 3 0 15 17
11 15 1 3 17
17 18 17 18 18
17 12 5 7 12
20 12 8 12 15
15 18 3 8 14
9 23 3 7 10
4 11 8 17 19
13 0 6 10 11
1 21 3 5 7
14 21 0 2 5
7 3 2 9 17
18 9 3 10 15
4 22 11 14 15
3 11 2 3 14
12 7 2 7 14
6 8 7 10 12
0 19 5 16 19
17 23 3 4 12
0 9 1 14 19
23 7 0 3 18
19 1 9 15 16
20 1 7 14 18
0 14 8 9 16
1 7 1 2 9
19 9 2 16 17
14 6 4 8 15
18 3 0 2 19
5 9 4 16 19
18 16 6 6 18
4 11 11 15 15
5 18 1 8 9
16 14 1 5 11
20 12 1 3 17
9 14 5 5 14
1 23 9 9 19
5 14 7 8 13
3 4 5 9 11
11 17 4 5 11
8 17 13 14 19
4 8 9 14 16
19 0 4 12 14
0 1 3 9 9
18 9 2 9 12
18 14 7 11 17
20 1 7 9 13
7 6 2 4 8
16 8 3 3 18
21 22 0 1 8
21 11 7 10 16
9 0 6 9 18
0 5 12 13 14
8 16 4 13 17
12 5 1 19 19
21 14 2 12 18
1 14 3 12 13
20 6 0 9 11
3 10 3 7 17
11 9 2 6 8
23 2 5 7 13
11 9 3 8 16
13 9 1 3 13
16 4 0 3 5
14 16 4 8 10
2 8 3 7 19
17 0 1 7 19
0 3 0 11 14
0 16 8 11 18
7 8 3 15 17
22 1 2 5 8
10 4 4 9 17
0 1 1 9 18
3 21 2 4 10
10 20 10 12 17
14 15 2 11 15
19 5 8 10 13
21 7 2 4 14
13 0 5 15 17
14 13 2 3 8
3 6 14 18 19
21 11 9 11 16
21 3 3 5 18
20 18 2 16 16
20 13 9 10 18
7 17 1 10 18
0 12 3 10 14
20 4 4 13 18
10 16 6 7 15
13 2 0 8 11
7 1 4 8 14
17 21 0 2 3
7 14 3 8 17
5 23 6 14 15
15 6 2 12 14
1 7 3 5 10
17 18 2 6 15
23 10 0 11 14
10 20 10 15 15
14 17 3 3 11
22 11 0 8 19
11 12 10 18 19
14 11 1 10 12
16 8 0 13 18
9 1 9 12 16
9 2 1 7 13
19 8 2 10 19
1 22 1 15 19
2 7 5 9 17
6 2 3 9 11
11 1 1 12 14
20 6 7 8 9
20 7 6 11 13
6 15 11 16 17
0 6 5 8 13
0 19 7 10 16
14 15 3 7 10
9 17 4 8 15
13 22 7 13 17
4 2 0 11 14
12 3 1 3 12
21 12 0 7 8
23 16 6 7 15
4 22 2 8 13
9 2 4 12 13
1 10 4 9 13
9 16 1 5 17
9 15 1 13 14
2 14 2 9 13
17 15 10 16 18
7 12 4 14 16
4 6 8 8 17
23 9 9 11 16
4 15 1 8 17
3 22 9 13 15
12 21 3 10 17
3 7 9 13 18
13 21 3 6 15
23 13 4 10 17
22 4 2 10 18
0 6 2 5 6
10 19 0 8 12
10 4 1 6 6
23 11 10 18 18
18 15 11 14 16
8 0 8 10 18
7 23 2 7 9
22 2 10 11 16
5 8 6 12 14
19 5 11 15 18
5 23 11 11 14
15 10 6 12 15
15 14 4 6 11
13 8 1 2 4
11 23 2 14 19
9 23 2 18 19
15 10 12 15 18
21 15 0 0 18
13 9 7 9 13
22 10 0 9 17
17 3 2 7 11
16 12 3 8 14
18 11 6 17 19
5 17 3 4 7
1 0 13 16 19
16 2 1 12 13
1 20 10 11 13
0 7 3 3 3
18 11 6 13 13
16 10 1 5 18
1 19 4 14 15
2 17 6 9 10
12 21 5 14 18
10 1 9 10 18
20 10 6 7 19
12 3 7 8 17
13 12 5 11 18
4 18 0 8 10
4 18 3 4 5
21 5 1 4 15
15 21 4 5 19
18 22 0 5 11
9 1 2 6 16
3 0 10 11 19
4 12 2 5 7
13 18 6 10 15
19 21 10 18 19
12 3 2 3 16
8 20 5 11 13
22 6 3 7 16
12 5 13 14 19
5 17 3 7 19
9 4 3 10 12
5 1 1 4 19
11 15 0 9 12
20 7 0 11 19
17 16 0 5 14
12 21 2 11 11
1 0 4 5 14
6 15 11 17 19
5 15 0 6 16
15 21 3 7 9
3 4 0 10 14
13 21 2 13 15
23 11 3 14 19
3 14 5 12 14
16 7 1 9 18
13 2 2 15 16
6 13 8 16 19