100
14 10 0 5 9
0 16 2 4 15
5 18 1 13 15
0 10 8 8 19
1 5 0 5 15
1 12 1 3 9
0 18 8 10 16
3 22 4 8 16
20 13 9 17 19
17 19 2 2 13
14 19 12 12 14
6 3 3 9 11
16 19 8 12 16
1 10 1 3 18
20 11 6 6 18
18 13 2 4 15
14 17 14 15 18
4 15 1 6 14
2 6 1 8 9
15 2 5 8 16
3 14 3 6 18
2 10 1 3 13
3 18 6 7 14
18 11 1 4 18
6 12 6 9 14
0 13 0 11 11
15 8 6 11 15
14 11 2 15 19
9 15 3 12 18
23 8 3 9 12
5 13 10 13 18
20 9 6 13 18
10 3 0 9 17
10 0 3 7 14
1 17 4 7 11
19 11 0 3 19
13 14 0 9 15
7 12 0 2 13
7 6 8 12 19
19 14 1 3 14
21 9 7 7 14
8 13 1 7 16
13 15 3 4 7
4 20 2 3 6
2 16 4 5 18
13 5 5 17 19
23 13 0 14 19
13 9 8 17 18
2 7 6 8 11
19 4 13 16 16
21 1 2 3 14
13 12 6 6 16
17 11 9 12 13
0 16 5 15 15
20 2 8 14 14
19 1 0 12 16
6 2 2 7 7
7 6 0 14 19
12 3 0 0 13
4 21 2 11 13
20 14 1 8 14
10 22 7 16 17
9 21 0 16 16
3 9 2 15 19
6 12 4 6 17
20 22 5 13 16
13 7 10 10 15
13 16 10 19 19
4 18 4 17 17
11 10 2 9 11
2 12 1 18 19
4 17 5 8 15
0 1 0 3 19
10 4 12 14 15
2 10 5 15 17
2 6 0 3 17
18 4 3 13 19
8 20 0 11 14
11 16 10 12 15
6 18 5 15 16
14 23 7 10 14
19 18 0 5 5
3 4 6 11 13
9 17 0 10 10
23 6 4 15 15
18 19 3 3 11
19 12 2 4 13
2 3 2 8 17
20 14 3 6 14
11 15 1 4 18
8 7 15 15 17
17 22 0 8 8
2 18 8 11 16
16 12 6 15 18
18 1 3 14 15
16 17 0 2 14
20 12 2 2 8
22 18 2 12 17
23 20 0 6 11
1 14 2 4 11