200
2 17 5 7 14
3 7 3 17 18
0 8 0 10 17
10 2 0 6 11
22 6 13 14 17
21 9 4 8 9
5 7 5 9 16
18 8 7 9 11
19 6 9 12 19
11 2 8 10 15
17 1 0 2 9
3 19 0 2 16
11 1 4 9 16
17 8 8 8 16
15 9 18 18 19
4 12 6 9 11
14 18 9 14 18
16 4 10 12 18
3 4 4 16 16
2 21 3 5 9
0 11 1 4 18
10 18 1 6 15
17 10 7 11 19
18 17 9 19 19
14 18 1 2 9
11 17 15 17 19
5 7 0 3 13
20 2 10 17 18
16 9 7 14 17
21 12 6 15 17
9 19 11 12 17
20 16 0 6 8
2 18 1 6 13
2 19 2 10 18
3 21 5 7 15
17 18 0 3 10
14 21 2 8 17
15 17 0 6 19
6 5 8 10 18
17 21 0 6 17
2 6 12 15 17
20 1 3 8 15
15 0 5 8 14
0 4 0 3 13
0 14 5 10 12
1 0 11 15 17
16 7 3 12 14
5 11 6 6 9
21 19 0 8 19
22 1 5 15 17
13 8 1 1 16
5 4 15 17 19
10 15 0 7 13
1 6 2 8 13
11 22 3 9 18
14 13 2 7 15
10 15 3 5 14
16 13 2 4 12
6 13 2 3 19
3 8 1 1 19
11 17 2 8 17
15 16 9 9 11
20 9 5 9 14
10 14 1 13 15
4 1 1 3 4
3 12 1 8 16
3 20 2 9 14
22 7 7 8 16
1 5 7 8 10
2 5 2 7 11
8 23 10 12 16
1 22 1 2 9
4 16 8 12 14
11 23 8 15 16
7 22 12 13 18
12 14 4 10 13
12 16 8 13 13
17 3 8 14 18
4 0 5 7 14
11 6 0 9 12
6 2 4 11 11
17 12 6 9 11
5 23 9 10 12
2 14 3 8 14
2 13 8 11 17
8 12 1 2 10
1 17 0 0 18
1 10 2 13 13
18 8 3 4 13
18 19 4 6 7
23 17 2 4 7
3 14 0 12 12
2 21 10 12 17
3 23 0 12 14
2 6 4 5 16
8 10 9 12 18
2 9 7 9 19
2 22 4 5 19
1 12 0 0 3
4 22 3 11 13
14 4 11 12 17
3 13 3 8 11
8 18 9 13 15
5 20 9 15 16
9 0 11 13 19
15 6 7 11 19
17 10 10 11 19
16 23 3 5 12
18 10 10 13 18
14 5 3 5 17
11 15 13 15 15
3 13 2 4 13
6 20 7 14 19
13 20 15 18 18
18 1 7 10 13
18 13 0 13 16
4 16 0 2 9
16 17 7 11 12
13 5 2 9 11
7 13 3 5 10
4 21 0 14 16
3 13 0 8 12
10 11 0 12 17
11 2 3 5 19
18 12 9 16 16
1 15 8 9 13
14 17 16 17 19
5 14 12 15 15
9 10 7 16 17
11 7 2 15 18
16 8 9 12 13
5 16 5 16 18
11 23 6 9 11
16 6 6 8 11
14 22 10 15 17
10 15 8 12 17
18 12 10 15 17
11 19 10 12 14
23 1 2 17 19
17 0 2 3 17
18 14 0 3 8
13 17 6 14 19
8 18 9 15 19
19 6 2 5 16
11 22 0 16 16
1 6 3 5 14
22 5 8 10 16
18 12 0 2 13
23 4 0 7 15
2 17 0 6 7
3 16 5 8 16
12 4 2 13 16
20 17 0 17 18
2 7 14 17 19
14 23 0 6 12
21 14 4 5 6
9 23 5 18 19
18 1 10 11 15
12 23 3 7 8
20 5 0 12 17
12 15 3 4 14
7 16 0 11 14
11 12 2 6 14
15 9 1 13 13
1 10 1 3 19
7 11 1 8 12
19 3 8 11 18
19 2 2 5 5
13 10 5 7 9
6 21 4 7 16
12 7 2 9 9
16 1 10 11 16
0 21 6 10 13
13 17 5 13 16
15 10 4 12 15
5 16 8 12 17
15 0 3 3 16
23 9 0 1 18
6 21 4 7 14
10 18 1 1 14
15 13 15 16 19
20 15 3 16 17
21 5 3 13 17
5 23 12 16 19
2 7 9 17 19
5 3 1 4 6
15 0 9 10 14
22 14 13 16 18
3 22 3 14 15
16 22 13 13 16
2 19 1 11 19
4 9 7 12 19
1 6 8 11 19
4 0 0 2 10
15 10 13 16 17
3 5 6 17 19
3 13 6 16 17
1 13 0 6 19
14 4 1 4 15
3 21 3 7 16