100
5 12 2 10 18
8 2 11 12 17
4 8 6 14 18
3 1 10 11 13
3 12 5 17 18
2 9 0 2 18
6 7 1 9 10
3 1 3 13 18
5 2 0 4 16
3 7 12 13 18
8 10 4 12 13
9 3 2 4 10
1 10 12 16 18
7 10 2 4 10
4 11 0 6 19
6 4 1 3 3
6 13 1 9 14
5 10 2 7 13
9 10 8 13 18
6 1 1 4 11
9 6 1 9 10
7 4 2 6 17
1 6 11 12 18
4 5 10 12 16
0 10 5 8 8
3 6 12 15 16
13 2 6 10 18
13 9 2 14 19
2 8 1 4 18
12 6 4 11 17
3 5 3 11 11
10 11 2 6 19
1 7 2 5 18
0 6 6 11 15
10 11 1 13 19
12 7 13 15 19
10 2 4 8 15
12 13 6 14 16
6 12 7 10 19
8 3 9 11 14
1 11 0 3 15
10 11 6 7 13
0 9 1 1 15
11 6 2 8 9
9 3 6 12 16
4 12 4 13 16
6 1 2 10 13
9 8 7 9 12
4 8 0 8 13
10 2 11 11 19
2 8 2 17 17
9 10 1 2 8
10 5 5 10 11
0 5 13 17 19
12 13 1 12 15
8 6 5 10 18
12 0 1 16 16
5 6 7 8 8
8 1 8 17 19
4 2 0 0 18
13 0 4 7 14
4 12 4 11 15
13 6 1 10 16
10 6 1 4 12
5 12 3 7 8
13 4 5 6 11
11 2 4 11 14
12 1 11 14 14
2 0 2 3 8
11 1 0 8 14
0 1 1 15 19
3 9 0 0 17
11 7 11 12 17
13 9 0 7 14
5 0 0 7 11
12 11 0 2 9
13 1 4 13 15
7 6 1 5 9
3 10 3 6 16
0 1 5 7 8
2 1 0 8 16
4 12 0 6 9
6 1 4 4 18
5 3 5 7 11
1 9 4 7 16
7 0 1 11 17
11 12 10 17 19
9 5 14 15 19
7 11 6 8 18
2 6 0 10 14
13 2 15 15 17
0 9 7 13 17
3 6 8 10 16
9 1 2 3 7
8 7 2 16 19
2 11 4 6 8
3 12 0 2 17
2 6 3 14 19
4 13 3 5 9
0 12 1 13 15