200
8 9 1 7 16
6 7 2 8 13
3 4 2 8 19
12 5 1 12 15
12 6 10 13 17
0 2 5 7 17
10 11 6 10 15
0 8 4 15 17
7 9 1 7 9
3 9 7 14 16
5 11 8 12 13
3 1 5 6 8
12 5 13 16 17
6 4 2 2 12
9 3 7 14 15
2 4 4 11 18
4 2 5 12 17
6 4 7 15 18
13 0 5 9 18
0 13 7 13 18
8 12 3 4 6
3 8 11 16 16
5 12 3 5 14
6 3 11 13 16
9 5 0 4 13
9 5 1 13 18
2 6 3 11 13
12 6 9 10 12
6 0 12 14 14
13 3 13 14 17
7 0 3 5 5
3 1 0 3 6
10 13 4 5 10
10 12 11 14 19
4 9 1 4 15
7 1 4 5 12
10 6 6 7 14
0 2 12 13 17
6 5 5 10 11
10 4 6 8 12
4 7 4 5 10
5 8 2 4 9
11 9 5 8 17
9 1 3 6 9
9 4 0 2 18
11 2 13 15 16
2 9 2 6 17
6 10 10 16 17
13 10 6 10 13
0 12 0 9 12
0 6 0 12 17
8 12 4 9 14
3 10 2 17 17
4 7 3 4 17
5 9 0 9 16
12 7 5 8 17
7 6 6 11 11
0 7 10 15 15
0 6 0 2 11
2 10 7 11 18
2 5 1 15 16
8 1 4 7 16
7 4 14 14 17
2 5 5 16 16
1 11 6 16 17
3 5 6 16 17
7 12 1 5 12
13 8 0 11 11
5 3 0 2 12
10 2 7 11 19
0 7 7 9 14
9 0 16 18 19
1 7 12 12 17
3 12 10 11 13
2 12 0 8 15
12 7 10 11 14
3 13 1 7 12
7 11 3 10 18
7 1 1 1 3
5 1 0 17 19
0 4 5 9 15
0 1 2 6 11
9 7 2 14 18
4 9 3 14 16
1 9 5 12 18
3 4 4 6 6
10 7 11 14 18
0 13 3 6 15
5 1 1 10 11
12 4 4 6 14
2 11 6 8 13
9 4 3 4 15
6 9 1 3 16
4 11 0 1 11
6 12 1 2 9
13 2 1 11 15
0 11 5 5 9
10 12 11 12 19
7 4 5 9 17
4 12 0 10 17
5 1 14 16 19
12 6 11 12 15
6 0 4 9 10
1 10 3 10 11
5 0 8 12 18
6 5 6 8 18
3 1 7 13 18
6 8 6 9 10
2 4 9 10 18
5 6 0 10 18
9 10 9 16 17
1 10 8 10 11
4 6 0 7 14
4 7 0 3 13
7 2 2 5 12
10 0 4 4 16
9 5 0 4 19
2 8 12 13 14
2 13 3 10 11
3 2 0 3 14
0 10 7 12 17
10 8 5 8 19
2 10 8 15 19
11 2 1 10 16
3 13 4 8 13
1 9 0 7 16
1 11 5 11 13
3 1 5 12 17
0 11 3 4 7
5 13 0 13 16
9 11 4 5 11
11 2 2 12 16
0 6 0 0 9
10 3 0 18 18
4 10 8 13 15
9 6 1 3 3
5 11 0 4 19
7 1 0 4 8
10 7 5 8 18
3 0 5 5 8
0 5 8 11 12
10 9 0 11 13
11 13 3 4 19
4 6 5 7 18
12 5 2 5 7
12 4 1 13 19
7 13 4 6 13
12 0 6 11 19
6 7 2 16 19
0 4 0 2 8
11 9 15 17 19
0 7 5 5 5
6 5 9 13 14
6 2 0 12 13
0 12 7 18 18
1 3 4 11 15
13 4 6 6 6
11 7 2 6 8
7 10 4 9 10
8 11 3 6 17
6 4 0 6 14
13 7 8 8 9
10 11 2 15 17
2 13 6 15 19
7 2 13 16 19
3 6 9 9 19
6 9 2 7 12
1 10 7 10 17
7 9 2 4 9
3 2 0 9 11
11 6 0 10 12
4 12 2 15 17
2 6 2 3 6
2 13 4 8 10
8 11 4 12 18
3 4 3 5 10
7 3 5 7 9
13 12 5 7 11
13 11 2 3 13
5 9 7 10 13
7 9 4 8 10
10 7 3 7 19
8 4 3 14 19
13 4 6 7 12
3 12 0 0 13
4 10 0 4 4
8 11 1 7 10
9 4 1 8 16
12 9 3 6 14
4 3 0 13 13
2 12 0 4 19
7 10 0 8 14
0 2 9 9 15
3 0 3 13 16
11 4 5 8 15
2 6 2 17 17
1 3 7 11 15
10 11 12 14 18
10 8 8 8 11
1 2 7 9 16