300
10 6 9 19 19
1 10 6 15 16
11 12 8 9 17
4 6 0 0 7
7 12 3 6 17
13 11 12 12 19
10 1 0 10 19
7 10 4 16 18
3 12 1 10 12
1 4 10 19 19
10 1 1 4 12
8 4 1 6 15
9 0 15 17 18
13 12 4 5 10
7 3 10 10 18
6 4 7 16 18
8 11 3 13 18
2 10 0 14 16
2 13 5 17 18
2 8 5 12 15
6 10 4 8 17
8 0 3 4 13
11 1 5 5 7
7 5 10 15 15
4 8 2 3 3
6 1 0 6 15
4 10 5 12 16
1 11 5 17 18
9 5 4 5 7
13 2 13 17 19
6 9 2 12 19
2 12 0 7 8
4 3 11 16 17
2 10 9 9 12
2 6 4 17 18
2 3 9 13 19
0 1 6 10 16
4 1 5 11 15
13 9 7 16 19
5 11 13 16 18
13 4 11 13 14
5 3 6 14 18
8 10 5 16 17
11 12 4 9 14
1 0 2 4 18
13 0 2 18 19
10 0 4 7 9
8 9 2 3 7
2 7 9 18 19
10 8 1 10 10
11 0 5 16 16
11 9 9 13 18
8 3 8 8 18
9 12 1 2 5
4 2 5 9 16
13 12 0 2 9
1 13 1 4 15
1 6 0 12 14
3 4 2 10 15
10 6 7 8 16
6 5 1 12 17
5 1 1 5 11
4 9 2 3 16
13 3 1 3 6
1 13 1 3 12
2 11 6 14 19
5 6 5 16 19
7 9 2 12 14
7 13 6 19 19
9 4 0 8 10
12 9 13 15 18
2 4 8 11 14
7 11 4 14 15
6 9 3 5 5
0 8 6 13 15
3 13 3 3 4
11 5 9 15 17
5 4 3 8 13
9 8 3 12 15
2 4 3 10 19
8 4 3 17 19
8 9 6 6 18
9 0 2 6 18
6 11 1 3 13
2 4 4 19 19
9 11 8 8 14
10 1 0 1 14
13 0 0 13 13
10 7 5 17 18
7 12 1 7 9
4 2 0 13 18
8 10 0 5 13
11 3 0 5 6
5 3 5 13 17
0 13 7 11 12
8 3 2 12 17
0 12 2 14 14
3 10 0 15 16
10 9 4 14 18
13 11 2 2 16
11 9 5 11 17
4 0 3 5 18
5 12 0 0 13
8 12 4 7 16
3 7 7 17 19
8 13 6 13 17
9 13 3 5 9
11 4 4 10 16
11 2 4 8 19
6 8 13 16 18
1 10 8 11 15
13 0 8 9 9
10 13 1 13 18
12 8 6 10 17
5 7 3 6 7
9 1 0 9 13
1 10 0 2 13
7 9 1 2 14
7 10 10 12 14
12 8 7 8 16
9 1 6 8 15
10 11 2 3 16
11 12 2 9 13
1 5 3 6 13
2 13 4 6 11
10 7 1 6 10
8 11 9 15 17
1 6 1 5 11
8 4 3 10 16
0 1 3 7 9
6 8 1 8 16
9 7 2 12 16
2 8 10 12 16
1 8 5 7 10
11 10 6 9 9
2 7 10 16 19
12 13 5 10 18
4 8 2 11 15
2 11 0 3 15
4 11 1 2 9
8 4 6 13 16
1 6 5 10 10
0 9 9 19 19
9 12 1 11 15
7 9 4 5 9
10 2 4 11 15
8 10 0 8 9
7 0 5 5 14
9 3 0 1 4
6 12 8 15 17
8 0 2 3 17
8 13 10 10 15
7 13 3 5 12
13 10 0 0 12
13 3 1 6 12
5 7 7 12 12
7 0 3 12 16
12 5 0 11 14
5 13 4 12 19
11 8 2 9 11
3 1 3 12 18
9 3 1 4 17
10 8 3 3 14
2 6 12 16 19
9 1 1 3 15
12 1 11 16 17
0 7 13 18 18
10 9 1 7 15
0 11 3 4 4
0 4 3 5 19
1 8 3 18 19
1 11 9 16 16
4 2 2 13 14
6 10 8 14 18
11 10 0 10 12
8 10 11 13 17
5 12 8 11 17
10 2 0 11 12
6 11 8 15 18
8 4 1 2 9
6 12 7 11 14
6 8 8 11 16
7 1 0 5 17
7 4 0 3 15
7 13 0 5 10
11 4 0 5 6
8 9 6 12 14
11 13 3 7 8
7 11 11 14 17
0 11 5 7 14
3 2 5 13 14
3 8 1 1 3
11 0 7 7 14
6 5 1 14 18
2 0 10 11 17
11 6 15 15 19
6 0 6 14 17
2 10 0 7 13
7 9 0 1 9
8 5 2 12 17
7 9 13 14 18
8 4 8 14 16
11 8 3 8 18
0 10 2 3 4
3 4 4 7 9
3 12 14 17 19
0 13 7 18 19
0 2 3 6 18
13 10 6 12 12
9 7 1 1 13
3 0 1 3 4
3 8 6 7 15
10 7 5 12 15
13 9 3 5 16
2 7 2 8 16
1 4 1 6 12
2 1 2 8 9
7 1 6 8 16
8 1 0 11 15
4 6 9 13 17
12 0 13 14 19
1 10 10 16 18
6 13 6 9 14
0 4 6 7 8
6 11 8 10 18
1 10 9 13 14
1 7 8 17 19
0 7 0 10 12
7 10 0 4 7
0 13 14 16 17
13 7 4 10 12
13 6 5 6 18
8 0 2 10 11
11 6 3 3 6
9 4 1 4 5
8 2 13 15 17
6 12 0 0 18
4 11 13 15 15
8 5 9 13 18
4 12 8 11 12
3 0 2 5 12
1 13 6 9 15
2 12 1 1 19
11 9 4 11 15
8 0 8 12 18
13 10 4 9 16
1 7 1 6 18
2 6 1 6 10
7 6 9 10 18
10 11 2 7 15
7 5 1 14 19
5 13 3 5 10
1 2 13 18 19
2 13 6 13 17
4 11 3 10 18
2 0 1 10 17
10 6 0 1 12
6 11 3 9 15
5 11 0 8 16
4 9 2 4 13
0 5 3 6 6
9 11 11 12 17
3 11 4 7 14
6 12 6 9 17
7 8 3 11 12
10 7 13 13 15
2 12 3 5 15
4 7 5 8 12
12 2 0 1 16
8 10 0 5 8
6 10 1 4 14
8 2 7 9 12
11 13 6 8 9
8 6 11 12 17
7 12 1 3 19
8 4 0 2 7
8 3 11 11 16
1 13 8 10 11
13 1 6 8 10
1 4 2 4 18
7 0 1 4 6
5 3 3 11 13
10 13 3 5 11
12 0 0 8 14
0 6 11 14 18
6 11 2 11 17
9 11 5 9 18
2 0 7 8 19
9 2 6 13 17
6 3 2 4 19
11 3 1 2 3
1 10 6 7 19
13 1 3 8 8
3 12 2 2 3
4 3 4 7 12
7 9 4 8 9
3 2 2 14 15
0 3 2 7 12
12 10 5 13 17
3 2 3 6 17