Node 0 Forwarding Table:
-1	-1	2	0	
----------------------------------------
-1	-1	3	1	
----------------------------------------
3	2	1	2	
----------------------------------------
2	3	-1	-1	
----------------------------------------
-1	-1	2	4	
----------------------------------------
1	5	-1	-1	
----------------------------------------
1	6	-1	-1	
----------------------------------------
3	7	1	7	
----------------------------------------
-1	-1	2	8	
----------------------------------------
-1	-1	2	9	
----------------------------------------
-1	-1	3	10	
----------------------------------------
-1	-1	1	11	
----------------------------------------
-1	-1	3	12	
----------------------------------------
3	13	1	13	
----------------------------------------
-1	-1	1	14	
----------------------------------------
3	15	-1	-1	
----------------------------------------
-1	-1	2	16	
----------------------------------------
-1	-1	1	17	
----------------------------------------
3	18	2	18	
----------------------------------------
-1	-1	2	19	
----------------------------------------
-1	-1	1	20	
----------------------------------------
1	21	-1	-1	
----------------------------------------
2	22	-1	-1	
----------------------------------------
3	23	1	23	
----------------------------------------
2	24	-1	-1	
----------------------------------------
3	25	2	25	
----------------------------------------
3	26	2	26	
----------------------------------------
3	27	1	27	
----------------------------------------
3	28	2	28	
----------------------------------------
-1	-1	1	29	
----------------------------------------
3	30	-1	-1	
----------------------------------------
-1	-1	1	31	
----------------------------------------
1	32	3	32	
----------------------------------------
3	33	1	33	
----------------------------------------
3	34	2	34	
----------------------------------------
1	35	3	35	
----------------------------------------
-1	-1	1	36	
----------------------------------------
3	37	-1	-1	
----------------------------------------
1	38	3	38	
----------------------------------------

****************************************
Node 1 Forwarding Table:
0	0	-1	-1	
----------------------------------------
2	1	7	1	
----------------------------------------
7	2	0	2	
----------------------------------------
7	3	0	3	
----------------------------------------
0	4	-1	-1	
----------------------------------------
7	5	-1	-1	
----------------------------------------
7	6	-1	-1	
----------------------------------------
0	7	7	7	
----------------------------------------
2	8	7	8	
----------------------------------------
0	9	-1	-1	
----------------------------------------
-1	-1	7	10	
----------------------------------------
7	11	2	11	
----------------------------------------
0	12	7	12	
----------------------------------------
-1	-1	7	13	
----------------------------------------
7	14	-1	-1	
----------------------------------------
2	15	-1	-1	
----------------------------------------
0	16	-1	-1	
----------------------------------------
2	17	-1	-1	
----------------------------------------
0	18	7	18	
----------------------------------------
2	19	-1	-1	
----------------------------------------
7	20	0	20	
----------------------------------------
0	21	-1	-1	
----------------------------------------
2	22	7	22	
----------------------------------------
7	23	2	23	
----------------------------------------
0	24	-1	-1	
----------------------------------------
0	25	7	25	
----------------------------------------
7	26	-1	-1	
----------------------------------------
0	27	7	27	
----------------------------------------
7	28	2	28	
----------------------------------------
-1	-1	0	29	
----------------------------------------
7	30	2	30	
----------------------------------------
0	31	7	31	
----------------------------------------
7	32	0	32	
----------------------------------------
0	33	2	33	
----------------------------------------
-1	-1	0	34	
----------------------------------------
-1	-1	2	35	
----------------------------------------

****************************************
Node 2 Forwarding Table:
0	0	-1	-1	
----------------------------------------
-1	-1	5	1	
----------------------------------------
5	2	-1	-1	
----------------------------------------
5	3	0	3	
----------------------------------------
0	4	5	4	
----------------------------------------
-1	-1	1	5	
----------------------------------------
0	6	-1	-1	
----------------------------------------
5	7	-1	-1	
----------------------------------------
-1	-1	5	8	
----------------------------------------
0	9	5	9	
----------------------------------------
-1	-1	1	10	
----------------------------------------
-1	-1	5	11	
----------------------------------------
-1	-1	5	12	
----------------------------------------
1	13	-1	-1	
----------------------------------------
-1	-1	5	14	
----------------------------------------
5	15	1	15	
----------------------------------------
0	16	5	16	
----------------------------------------
0	17	5	17	
----------------------------------------
0	18	5	18	
----------------------------------------
5	19	1	19	
----------------------------------------
-1	-1	5	20	
----------------------------------------
5	21	-1	-1	
----------------------------------------
5	22	1	22	
----------------------------------------
5	23	0	23	
----------------------------------------
5	24	1	24	
----------------------------------------
1	25	-1	-1	
----------------------------------------
5	26	0	26	
----------------------------------------
0	27	-1	-1	
----------------------------------------
0	28	-1	-1	
----------------------------------------
0	29	-1	-1	
----------------------------------------
1	30	-1	-1	
----------------------------------------
1	31	-1	-1	
----------------------------------------
0	32	-1	-1	
----------------------------------------
1	33	-1	-1	
----------------------------------------
1	34	-1	-1	
----------------------------------------

****************************************
Node 3 Forwarding Table:
-1	-1	4	0	
----------------------------------------
0	1	8	1	
----------------------------------------
-1	-1	8	2	
----------------------------------------
-1	-1	0	3	
----------------------------------------
8	4	-1	-1	
----------------------------------------
-1	-1	8	5	
----------------------------------------
4	6	-1	-1	
----------------------------------------
4	7	-1	-1	
----------------------------------------
-1	-1	0	8	
----------------------------------------
4	9	8	9	
----------------------------------------
4	10	8	10	
----------------------------------------
8	11	4	11	
----------------------------------------
0	12	4	12	
----------------------------------------
-1	-1	4	13	
----------------------------------------
0	14	4	14	
----------------------------------------
8	15	0	15	
----------------------------------------
-1	-1	4	16	
----------------------------------------
4	17	-1	-1	
----------------------------------------
8	18	0	18	
----------------------------------------
-1	-1	8	19	
----------------------------------------
4	20	8	20	
----------------------------------------
-1	-1	0	21	
----------------------------------------
4	22	8	22	
----------------------------------------
-1	-1	0	23	
----------------------------------------
-1	-1	0	24	
----------------------------------------
8	25	0	25	
----------------------------------------
-1	-1	0	26	
----------------------------------------
8	27	0	27	
----------------------------------------
-1	-1	0	28	
----------------------------------------
0	29	-1	-1	
----------------------------------------
-1	-1	0	30	
----------------------------------------
-1	-1	0	31	
----------------------------------------
0	32	-1	-1	
----------------------------------------
-1	-1	0	33	
----------------------------------------
0	34	-1	-1	
----------------------------------------

****************************************
Node 4 Forwarding Table:
3	0	-1	-1	
----------------------------------------
5	1	6	1	
----------------------------------------
6	2	-1	-1	
----------------------------------------
5	3	-1	-1	
----------------------------------------
-1	-1	5	4	
----------------------------------------
6	5	-1	-1	
----------------------------------------
6	6	3	6	
----------------------------------------
5	7	6	7	
----------------------------------------
5	8	3	8	
----------------------------------------
-1	-1	3	9	
----------------------------------------
6	10	5	10	
----------------------------------------
6	11	-1	-1	
----------------------------------------
-1	-1	6	12	
----------------------------------------
5	13	3	13	
----------------------------------------
3	14	-1	-1	
----------------------------------------
3	15	6	15	
----------------------------------------
3	16	6	16	
----------------------------------------
-1	-1	6	17	
----------------------------------------
3	18	6	18	
----------------------------------------
6	19	-1	-1	
----------------------------------------
3	20	5	20	
----------------------------------------
5	21	3	21	
----------------------------------------
6	22	3	22	
----------------------------------------
5	23	-1	-1	
----------------------------------------
-1	-1	5	24	
----------------------------------------
5	25	-1	-1	
----------------------------------------
5	26	6	26	
----------------------------------------
5	27	-1	-1	
----------------------------------------
-1	-1	3	28	
----------------------------------------
6	29	5	29	
----------------------------------------
6	30	-1	-1	
----------------------------------------
-1	-1	5	31	
----------------------------------------
6	32	5	32	
----------------------------------------
-1	-1	6	33	
----------------------------------------
-1	-1	6	34	
----------------------------------------
-1	-1	5	35	
----------------------------------------
-1	-1	6	36	
----------------------------------------
6	37	5	37	
----------------------------------------
-1	-1	5	38	
----------------------------------------

****************************************
Node 5 Forwarding Table:
12	0	-1	-1	
----------------------------------------
12	1	4	1	
----------------------------------------
-1	-1	12	2	
----------------------------------------
12	3	-1	-1	
----------------------------------------
2	4	4	4	
----------------------------------------
4	5	2	5	
----------------------------------------
13	6	2	6	
----------------------------------------
2	7	13	7	
----------------------------------------
-1	-1	12	8	
----------------------------------------
12	9	-1	-1	
----------------------------------------
12	10	-1	-1	
----------------------------------------
12	11	4	11	
----------------------------------------
13	12	4	12	
----------------------------------------
4	13	-1	-1	
----------------------------------------
-1	-1	4	14	
----------------------------------------
12	15	2	15	
----------------------------------------
2	16	12	16	
----------------------------------------
2	17	12	17	
----------------------------------------
-1	-1	12	18	
----------------------------------------
2	19	-1	-1	
----------------------------------------
2	20	-1	-1	
----------------------------------------
4	21	-1	-1	
----------------------------------------
-1	-1	4	22	
----------------------------------------
2	23	12	23	
----------------------------------------
-1	-1	2	24	
----------------------------------------
2	25	4	25	
----------------------------------------
4	26	12	26	
----------------------------------------
2	27	4	27	
----------------------------------------
13	28	4	28	
----------------------------------------
2	29	13	29	
----------------------------------------
-1	-1	2	30	
----------------------------------------
12	31	4	31	
----------------------------------------
2	32	12	32	
----------------------------------------
4	33	12	33	
----------------------------------------
13	34	2	34	
----------------------------------------
4	35	12	35	
----------------------------------------
-1	-1	2	36	
----------------------------------------
-1	-1	2	37	
----------------------------------------
4	38	-1	-1	
----------------------------------------
-1	-1	2	39	
----------------------------------------
13	40	2	40	
----------------------------------------
12	41	-1	-1	
----------------------------------------
-1	-1	13	42	
----------------------------------------
4	43	13	43	
----------------------------------------
-1	-1	12	44	
----------------------------------------
12	45	-1	-1	
----------------------------------------
4	46	13	46	
----------------------------------------
-1	-1	13	47	
----------------------------------------
4	48	13	48	
----------------------------------------

****************************************
Node 6 Forwarding Table:
-1	-1	7	0	
----------------------------------------
4	1	-1	-1	
----------------------------------------
-1	-1	4	2	
----------------------------------------
-1	-1	4	3	
----------------------------------------
-1	-1	4	4	
----------------------------------------
7	5	-1	-1	
----------------------------------------
4	6	-1	-1	
----------------------------------------
-1	-1	7	7	
----------------------------------------
7	8	-1	-1	
----------------------------------------
-1	-1	4	9	
----------------------------------------
7	10	4	10	
----------------------------------------
4	11	7	11	
----------------------------------------
-1	-1	7	12	
----------------------------------------
4	13	-1	-1	
----------------------------------------
4	14	7	14	
----------------------------------------
4	15	7	15	
----------------------------------------
7	16	-1	-1	
----------------------------------------
4	17	-1	-1	
----------------------------------------
7	18	4	18	
----------------------------------------
7	19	4	19	
----------------------------------------
4	20	7	20	
----------------------------------------
-1	-1	4	21	
----------------------------------------
7	22	4	22	
----------------------------------------
7	23	-1	-1	
----------------------------------------
-1	-1	7	24	
----------------------------------------
-1	-1	4	25	
----------------------------------------
7	26	-1	-1	
----------------------------------------
4	27	-1	-1	
----------------------------------------
4	28	7	28	
----------------------------------------
7	29	-1	-1	
----------------------------------------
4	30	-1	-1	
----------------------------------------
7	31	4	31	
----------------------------------------
-1	-1	7	32	
----------------------------------------
-1	-1	7	33	
----------------------------------------
7	34	-1	-1	
----------------------------------------

****************************************
Node 7 Forwarding Table:
6	0	-1	-1	
----------------------------------------
-1	-1	10	1	
----------------------------------------
1	2	6	2	
----------------------------------------
6	3	1	3	
----------------------------------------
-1	-1	1	4	
----------------------------------------
-1	-1	1	5	
----------------------------------------
10	6	6	6	
----------------------------------------
10	7	6	7	
----------------------------------------
6	8	-1	-1	
----------------------------------------
10	9	1	9	
----------------------------------------
6	10	10	10	
----------------------------------------
6	11	10	11	
----------------------------------------
6	12	-1	-1	
----------------------------------------
10	13	-1	-1	
----------------------------------------
-1	-1	6	14	
----------------------------------------
1	15	-1	-1	
----------------------------------------
1	16	10	16	
----------------------------------------
-1	-1	6	17	
----------------------------------------
1	18	10	18	
----------------------------------------
-1	-1	10	19	
----------------------------------------
10	20	1	20	
----------------------------------------
1	21	-1	-1	
----------------------------------------
1	22	-1	-1	
----------------------------------------
10	23	-1	-1	
----------------------------------------
-1	-1	6	24	
----------------------------------------
-1	-1	1	25	
----------------------------------------
6	26	-1	-1	
----------------------------------------
1	27	10	27	
----------------------------------------
-1	-1	6	28	
----------------------------------------
10	29	6	29	
----------------------------------------
6	30	1	30	
----------------------------------------
1	31	6	31	
----------------------------------------
6	32	-1	-1	
----------------------------------------
-1	-1	1	33	
----------------------------------------
1	34	6	34	
----------------------------------------
-1	-1	1	35	
----------------------------------------
-1	-1	6	36	
----------------------------------------
6	37	-1	-1	
----------------------------------------
1	38	-1	-1	
----------------------------------------
6	39	1	39	
----------------------------------------
-1	-1	1	40	
----------------------------------------
1	41	6	41	
----------------------------------------
-1	-1	1	42	
----------------------------------------

****************************************
Node 8 Forwarding Table:
-1	-1	9	0	
----------------------------------------
3	1	-1	-1	
----------------------------------------
3	2	9	2	
----------------------------------------
9	3	3	3	
----------------------------------------
-1	-1	9	4	
----------------------------------------
3	5	-1	-1	
----------------------------------------
3	6	9	6	
----------------------------------------
3	7	-1	-1	
----------------------------------------
11	8	9	8	
----------------------------------------
9	9	3	9	
----------------------------------------
-1	-1	9	10	
----------------------------------------
-1	-1	3	11	
----------------------------------------
9	12	-1	-1	
----------------------------------------
9	13	3	13	
----------------------------------------
3	14	9	14	
----------------------------------------
3	15	11	15	
----------------------------------------
3	16	11	16	
----------------------------------------
9	17	-1	-1	
----------------------------------------
11	18	3	18	
----------------------------------------
9	19	11	19	
----------------------------------------
11	20	3	20	
----------------------------------------
-1	-1	11	21	
----------------------------------------
-1	-1	11	22	
----------------------------------------
-1	-1	11	23	
----------------------------------------
11	24	-1	-1	
----------------------------------------

****************************************
Node 9 Forwarding Table:
8	0	-1	-1	
----------------------------------------
10	1	-1	-1	
----------------------------------------
8	2	-1	-1	
----------------------------------------
-1	-1	8	3	
----------------------------------------
8	4	12	4	
----------------------------------------
-1	-1	12	5	
----------------------------------------
-1	-1	12	6	
----------------------------------------
10	7	12	7	
----------------------------------------
8	8	-1	-1	
----------------------------------------
8	9	-1	-1	
----------------------------------------
-1	-1	10	10	
----------------------------------------
-1	-1	8	11	
----------------------------------------
12	12	-1	-1	
----------------------------------------
8	13	12	13	
----------------------------------------
12	14	-1	-1	
----------------------------------------
12	15	10	15	
----------------------------------------
10	16	12	16	
----------------------------------------
10	17	8	17	
----------------------------------------
-1	-1	8	18	
----------------------------------------
8	19	12	19	
----------------------------------------
12	20	10	20	
----------------------------------------
12	21	-1	-1	
----------------------------------------
10	22	12	22	
----------------------------------------
12	23	10	23	
----------------------------------------
-1	-1	10	24	
----------------------------------------
-1	-1	12	25	
----------------------------------------
10	26	8	26	
----------------------------------------
-1	-1	8	27	
----------------------------------------
10	28	-1	-1	
----------------------------------------
12	29	-1	-1	
----------------------------------------
10	30	12	30	
----------------------------------------
10	31	-1	-1	
----------------------------------------
12	32	-1	-1	
----------------------------------------

****************************************
Node 10 Forwarding Table:
-1	-1	11	0	
----------------------------------------
7	1	9	1	
----------------------------------------
-1	-1	13	2	
----------------------------------------
-1	-1	9	3	
----------------------------------------
-1	-1	7	4	
----------------------------------------
-1	-1	7	5	
----------------------------------------
9	6	7	6	
----------------------------------------
7	7	-1	-1	
----------------------------------------
13	8	-1	-1	
----------------------------------------
7	9	-1	-1	
----------------------------------------
9	10	7	10	
----------------------------------------
7	11	-1	-1	
----------------------------------------
7	12	11	12	
----------------------------------------
7	13	9	13	
----------------------------------------
13	14	9	14	
----------------------------------------
-1	-1	7	15	
----------------------------------------
9	16	7	16	
----------------------------------------
-1	-1	13	17	
----------------------------------------
7	18	11	18	
----------------------------------------
-1	-1	9	19	
----------------------------------------
9	20	7	20	
----------------------------------------
9	21	-1	-1	
----------------------------------------
-1	-1	13	22	
----------------------------------------
-1	-1	9	23	
----------------------------------------
13	24	-1	-1	
----------------------------------------
-1	-1	9	25	
----------------------------------------
11	26	13	26	
----------------------------------------
-1	-1	11	27	
----------------------------------------
13	28	9	28	
----------------------------------------
13	29	11	29	
----------------------------------------
13	30	9	30	
----------------------------------------
13	31	-1	-1	
----------------------------------------
-1	-1	11	32	
----------------------------------------
-1	-1	11	33	
----------------------------------------

****************************************
Node 11 Forwarding Table:
10	0	-1	-1	
----------------------------------------
12	1	-1	-1	
----------------------------------------
-1	-1	8	2	
----------------------------------------
-1	-1	12	3	
----------------------------------------
10	4	-1	-1	
----------------------------------------
8	5	-1	-1	
----------------------------------------
12	6	-1	-1	
----------------------------------------
8	7	-1	-1	
----------------------------------------
10	8	-1	-1	
----------------------------------------
-1	-1	8	9	
----------------------------------------
8	10	-1	-1	
----------------------------------------
-1	-1	8	11	
----------------------------------------
12	12	-1	-1	
----------------------------------------
-1	-1	10	13	
----------------------------------------
-1	-1	12	14	
----------------------------------------
8	15	-1	-1	
----------------------------------------
10	16	-1	-1	
----------------------------------------
8	17	-1	-1	
----------------------------------------
10	18	-1	-1	
----------------------------------------
8	19	-1	-1	
----------------------------------------
10	20	-1	-1	
----------------------------------------
10	21	8	21	
----------------------------------------

****************************************
Node 12 Forwarding Table:
-1	-1	5	0	
----------------------------------------
-1	-1	5	1	
----------------------------------------
5	2	11	2	
----------------------------------------
-1	-1	5	3	
----------------------------------------
9	4	-1	-1	
----------------------------------------
5	5	-1	-1	
----------------------------------------
9	6	5	6	
----------------------------------------
9	7	5	7	
----------------------------------------
-1	-1	5	8	
----------------------------------------
9	9	-1	-1	
----------------------------------------
11	10	5	10	
----------------------------------------
5	11	9	11	
----------------------------------------
5	12	-1	-1	
----------------------------------------
9	13	-1	-1	
----------------------------------------
5	14	9	14	
----------------------------------------
-1	-1	9	15	
----------------------------------------
9	16	-1	-1	
----------------------------------------
9	17	-1	-1	
----------------------------------------
5	18	-1	-1	
----------------------------------------
-1	-1	9	19	
----------------------------------------
5	20	9	20	
----------------------------------------
-1	-1	5	21	
----------------------------------------
5	22	11	22	
----------------------------------------
5	23	-1	-1	
----------------------------------------
9	24	-1	-1	
----------------------------------------
5	25	-1	-1	
----------------------------------------
-1	-1	9	26	
----------------------------------------
9	27	5	27	
----------------------------------------
5	28	11	28	
----------------------------------------
-1	-1	5	29	
----------------------------------------
11	30	9	30	
----------------------------------------
9	31	-1	-1	
----------------------------------------
-1	-1	9	32	
----------------------------------------

****************************************
Node 13 Forwarding Table:
-1	-1	5	0	
----------------------------------------
5	1	-1	-1	
----------------------------------------
-1	-1	5	2	
----------------------------------------
10	3	-1	-1	
----------------------------------------
-1	-1	10	4	
----------------------------------------
-1	-1	10	5	
----------------------------------------
10	6	5	6	
----------------------------------------
5	7	-1	-1	
----------------------------------------
-1	-1	5	8	
----------------------------------------
10	9	5	9	
----------------------------------------
5	10	-1	-1	
----------------------------------------
5	11	10	11	
----------------------------------------
10	12	-1	-1	
----------------------------------------
5	13	-1	-1	
----------------------------------------
-1	-1	10	14	
----------------------------------------
-1	-1	10	15	
----------------------------------------
5	16	10	16	
----------------------------------------
5	17	10	17	
----------------------------------------

****************************************
