0	8	9
8->9
0,-1
3
----------------------------------------
1	6	7
6->7
0,-1
3
----------------------------------------
2	3	4
3->4
0,-1
3
----------------------------------------
3	12	5
12->5
0,-1
4
----------------------------------------
4	12	6
12->5->4->6
1,1,1,-1
9
----------------------------------------
5	0	2
0->2
0,-1
3
----------------------------------------
6	10	11
10->11
0,-1
3
----------------------------------------
7	0	8
0->3->8
1,1,-1
6
----------------------------------------
8	7	9
7->10->9
1,1,-1
7
----------------------------------------
9	3	9
3->8->9
2,2,-1
6
----------------------------------------
10	5	11
5->12->11
2,2,-1
6
----------------------------------------
11	3	1
3->0->1
3,2,-1
6
----------------------------------------
12	12	5
12->5
3,-1
4
----------------------------------------
13	6	4
6->4
2,-1
3
----------------------------------------
14	9	3
9->8->3
3,3,-1
6
----------------------------------------
15	2	4
2->5->4
1,4,-1
7
----------------------------------------
16	4	2
4->5->2
4,5,-1
7
----------------------------------------
17	6	4
6->4
3,-1
3
----------------------------------------
18	13	0
13->5->2->0
0,6,3,-1
10
----------------------------------------
19	0	13
0->2->5->13
4,4,7,-1
9
----------------------------------------
20	8	12
8->9->12
4,4,-1
6
----------------------------------------
21	3	8
3->8
5,-1
3
----------------------------------------
22	5	12
5->12
8,-1
3
----------------------------------------
23	6	3
6->4->3
4,6,-1
6
----------------------------------------
24	9	5
9->12->5
5,6,-1
7
----------------------------------------
25	9	5
9->12->5
6,7,-1
7
----------------------------------------
26	2	6
2->1->7->6
5,1,2,-1
8
----------------------------------------
27	12	6
12->5->4->6
8,11,7,-1
9
----------------------------------------
28	6	0
6->7->1->0
7,3,2,-1
9
----------------------------------------
29	13	3
13->5->4->3
2,12,8,-1
10
----------------------------------------
30	7	0
7->1->0
4,3,-1
6
----------------------------------------
31	3	1
3->0->1
8,7,-1
6
----------------------------------------
32	10	13
10->13
2,-1
2
----------------------------------------
33	10	12
10->9->12
3,7,-1
6
----------------------------------------
34	4	9
4->3->8->9
9,9,6,-1
9
----------------------------------------
35	7	1
7->1
5,-1
3
----------------------------------------
36	10	6
10->7->6
4,6,-1
5
----------------------------------------
37	0	2
0->2
8,-1
3
----------------------------------------
38	6	5
6->4->5
9,10,-1
7
----------------------------------------
39	10	4
10->7->6->4
5,7,10,-1
8
----------------------------------------
40	4	7
4->6->7
12,11,-1
5
----------------------------------------
41	5	8
5->4->3->8
14,13,10,-1
9
----------------------------------------
42	11	9
11->8->9
2,8,-1
6
----------------------------------------
43	9	1
9->10->7->1
10,6,9,-1
10
----------------------------------------
44	9	4
9->8->3->4
11,9,11,-1
9
----------------------------------------
45	11	2
11->12->5->2
3,10,15,-1
10
----------------------------------------
46	2	9
2->5->12->9
8,16,11,-1
10
----------------------------------------
47	6	10
6->7->10
12,10,-1
7
----------------------------------------
48	13	10
13->10
4,-1
4
----------------------------------------
49	0	12
0->2->5->12
9,9,17,-1
10
----------------------------------------
50	0	6
0->3->4->6
10,12,15,-1
8
----------------------------------------
51	8	12
8->9->12
10,13,-1
6
----------------------------------------
52	3	10
3->4->6->7->10
13,16,14,11,-1
12
----------------------------------------
53	4	7
4->6->7
17,15,-1
5
----------------------------------------
54	5	9
5->12->9
18,14,-1
6
----------------------------------------
55	12	7
12->9->10->7
15,15,10,-1
10
----------------------------------------
56	7	6
7->6
14,-1
2
----------------------------------------
57	0	7
0->1->7
11,7,-1
6
----------------------------------------
58	0	6
0->3->4->6
12,14,18,-1
8
----------------------------------------
59	2	10
2->1->7->10
10,8,16,-1
10
----------------------------------------
60	2	5
2->5
11,-1
4
----------------------------------------
61	8	1
8->3->0->1
11,15,13,-1
9
----------------------------------------
62	7	4
7->6->4
17,18,-1
5
----------------------------------------
63	2	5
2->5
12,-1
4
----------------------------------------
64	1	11
1->7->10->11
10,18,12,-1
10
----------------------------------------
65	3	5
3->4->5
16,20,-1
7
----------------------------------------
66	7	12
7->10->9->12
19,13,16,-1
10
----------------------------------------
67	13	8
13->10->9->8
5,14,17,-1
10
----------------------------------------
68	5	3
5->4->3
22,21,-1
6
----------------------------------------
69	10	2
10->7->1->2
15,20,11,-1
9
----------------------------------------
70	0	7
0->1->7
14,12,-1
6
----------------------------------------
71	9	0
9->8->3->0
18,13,18,-1
9
----------------------------------------
72	1	7
1->7
13,-1
3
----------------------------------------
73	3	12
3->8->9->12
19,14,19,-1
9
----------------------------------------
74	2	12
2->5->12
14,23,-1
7
----------------------------------------
75	12	7
12->9->10->7
19,20,16,-1
10
----------------------------------------
76	7	11
7->6->4->3->8->11
24,19,22,20,15,-1
14
----------------------------------------
77	7	1
7->1
25,-1
3
----------------------------------------
78	5	1
5->2->1
24,15,-1
6
----------------------------------------
79	0	4
0->2->5->4
16,16,25,-1
10
----------------------------------------
80	0	1
0->1
17,-1
3
----------------------------------------
81	4	9
4->5->12->9
24,26,20,-1
10
----------------------------------------
82	3	4
3->0->2->5->4
21,18,17,27,-1
13
----------------------------------------
83	10	7
10->13->5->4->6->7
17,6,28,26,20,-1
14
----------------------------------------
84	0	13
0->2->5->13
19,18,29,-1
9
----------------------------------------
85	5	1
5->2->1
30,19,-1
6
----------------------------------------
86	12	4
12->5->4
21,31,-1
7
----------------------------------------
87	2	11
2->5->12->11
20,32,22,-1
10
----------------------------------------
88	4	11
4->3->8->11
28,22,16,-1
9
----------------------------------------
89	6	12
6->4->5->12
21,29,33,-1
10
----------------------------------------
90	13	2
13->5->2
8,34,-1
7
----------------------------------------
91	0	11
0->1->7->10->11
20,18,27,18,-1
13
----------------------------------------
92	10	12
10->9->12
19,22,-1
6
----------------------------------------
93	7	4
7->6->4
28,22,-1
5
----------------------------------------
94	4	12
4->5->12
31,35,-1
7
----------------------------------------
95	5	1
5->2->1
36,22,-1
6
----------------------------------------
96	12	6
12->9->10->7->6
26,23,20,29,-1
12
----------------------------------------
97	6	0
6->7->1->0
24,30,20,-1
9
----------------------------------------
98	5	0
5->2->0
37,23,-1
6
----------------------------------------
99	6	5
6->4->5
25,32,-1
7
----------------------------------------
100	3	1
3->0->1
23,23,-1
6
----------------------------------------
101	5	6
5->2->1->7->6
39,24,22,31,-1
11
----------------------------------------
102	9	10
9->10
24,-1
4
----------------------------------------
103	4	6
4->6
33,-1
2
----------------------------------------
104	4	7
4->6->7
34,28,-1
5
----------------------------------------
105	7	2
7->1->2
33,23,-1
6
----------------------------------------
106	10	0
10->13->5->2->0
22,9,40,26,-1
12
----------------------------------------
107	9	5
9->12->5
25,27,-1
7
----------------------------------------
108	3	2
3->0->2
24,25,-1
6
----------------------------------------
109	10	8
10->9->8
23,26,-1
6
----------------------------------------
110	11	2
11->8->3->0->2
9,18,25,26,-1
12
----------------------------------------
111	3	1
3->0->1
26,27,-1
6
----------------------------------------
112	5	13
5->13
42,-1
2
----------------------------------------
113	9	11
9->8->11
27,19,-1
6
----------------------------------------
114	11	2
11->8->3->0->2
11,20,27,28,-1
12
----------------------------------------
115	0	6
0->1->7->6
29,25,34,-1
8
----------------------------------------
116	4	10
4->5->13->10
35,43,11,-1
10
----------------------------------------
117	5	11
5->12->11
44,28,-1
6
----------------------------------------
118	7	1
7->1
35,-1
3
----------------------------------------
119	3	0
3->0
28,-1
3
----------------------------------------
120	10	9
10->9
25,-1
3
----------------------------------------
121	11	13
11->10->13
13,26,-1
6
----------------------------------------
122	4	6
4->6
36,-1
2
----------------------------------------
123	12	5
12->5
29,-1
4
----------------------------------------
124	7	13
7->6->4->5->13
36,31,37,46,-1
11
----------------------------------------
125	6	7
6->7
32,-1
3
----------------------------------------
126	11	9
11->12->9
14,30,-1
6
----------------------------------------
127	0	7
0->1->7
31,27,-1
6
----------------------------------------
128	6	2
6->7->1->2
33,39,28,-1
9
----------------------------------------
129	1	3
1->0->3
29,32,-1
6
----------------------------------------
130	8	11
8->11
21,-1
3
----------------------------------------
131	10	11
10->11
27,-1
3
----------------------------------------
132	7	2
7->1->2
40,30,-1
6
----------------------------------------
133	3	6
3->0->1->7->6
30,33,31,41,-1
11
----------------------------------------
134	3	2
3->0->2
31,34,-1
6
----------------------------------------
135	8	11
8->11
22,-1
3
----------------------------------------
136	7	3
7->1->0->3
42,32,35,-1
9
----------------------------------------
137	13	12
13->10->9->12
14,28,30,-1
10
----------------------------------------
138	13	11
13->10->11
15,29,-1
7
----------------------------------------
139	5	9
5->13->10->9
47,16,30,-1
9
----------------------------------------
140	4	10
4->5->13->10
38,48,17,-1
10
----------------------------------------
141	8	11
8->11
23,-1
3
----------------------------------------
142	12	9
12->9
32,-1
3
----------------------------------------
143	0	2
0->1->2
36,33,-1
6
----------------------------------------
144	3	0
3->0
33,-1
3
----------------------------------------
145	1	3
1->0->3
34,38,-1
6
----------------------------------------
146	10	11
10->11
32,-1
3
----------------------------------------
147	10	8
10->11->8
33,21,-1
6
----------------------------------------
148	1	2
1->2
35,-1
3
----------------------------------------
