Node 0 Forwarding Table:
-1	-1	2	0	
----------------------------------------
-1	-1	3	1	
----------------------------------------
3	2	1	2	
----------------------------------------
2	3	-1	-1	
----------------------------------------
-1	-1	2	4	
----------------------------------------
1	5	-1	-1	
----------------------------------------
1	6	-1	-1	
----------------------------------------
3	7	1	7	
----------------------------------------
-1	-1	2	8	
----------------------------------------
-1	-1	2	9	
----------------------------------------
-1	-1	3	10	
----------------------------------------
-1	-1	1	11	
----------------------------------------
-1	-1	3	12	
----------------------------------------
3	13	1	13	
----------------------------------------
-1	-1	1	14	
----------------------------------------
3	15	-1	-1	
----------------------------------------
-1	-1	3	16	
----------------------------------------
-1	-1	1	17	
----------------------------------------
-1	-1	2	18	
----------------------------------------
-1	-1	3	19	
----------------------------------------
1	20	-1	-1	
----------------------------------------
2	21	-1	-1	
----------------------------------------
3	22	1	22	
----------------------------------------
2	23	-1	-1	
----------------------------------------
3	24	2	24	
----------------------------------------
3	25	1	25	
----------------------------------------
-1	-1	1	26	
----------------------------------------
-1	-1	3	27	
----------------------------------------
3	28	-1	-1	
----------------------------------------
-1	-1	3	29	
----------------------------------------
-1	-1	1	30	
----------------------------------------
1	31	3	31	
----------------------------------------
3	32	1	32	
----------------------------------------
3	33	2	33	
----------------------------------------
-1	-1	2	34	
----------------------------------------
3	35	-1	-1	
----------------------------------------
1	36	3	36	
----------------------------------------

****************************************
Node 1 Forwarding Table:
0	0	-1	-1	
----------------------------------------
2	1	7	1	
----------------------------------------
7	2	0	2	
----------------------------------------
7	3	0	3	
----------------------------------------
0	4	-1	-1	
----------------------------------------
7	5	-1	-1	
----------------------------------------
7	6	-1	-1	
----------------------------------------
0	7	7	7	
----------------------------------------
2	8	7	8	
----------------------------------------
0	9	-1	-1	
----------------------------------------
-1	-1	7	10	
----------------------------------------
7	11	2	11	
----------------------------------------
0	12	7	12	
----------------------------------------
-1	-1	7	13	
----------------------------------------
7	14	-1	-1	
----------------------------------------
2	15	-1	-1	
----------------------------------------
0	16	-1	-1	
----------------------------------------
-1	-1	7	17	
----------------------------------------
2	18	-1	-1	
----------------------------------------
2	19	-1	-1	
----------------------------------------
7	20	0	20	
----------------------------------------
-1	-1	2	21	
----------------------------------------
0	22	-1	-1	
----------------------------------------
-1	-1	2	23	
----------------------------------------
7	24	2	24	
----------------------------------------
0	25	-1	-1	
----------------------------------------
0	26	7	26	
----------------------------------------
7	27	-1	-1	
----------------------------------------
0	28	7	28	
----------------------------------------
7	29	2	29	
----------------------------------------
-1	-1	0	30	
----------------------------------------
7	31	2	31	
----------------------------------------
0	32	7	32	
----------------------------------------
2	33	7	33	
----------------------------------------
2	34	7	34	
----------------------------------------
-1	-1	0	35	
----------------------------------------
-1	-1	2	36	
----------------------------------------

****************************************
Node 2 Forwarding Table:
0	0	-1	-1	
----------------------------------------
-1	-1	5	1	
----------------------------------------
5	2	-1	-1	
----------------------------------------
5	3	0	3	
----------------------------------------
0	4	5	4	
----------------------------------------
-1	-1	1	5	
----------------------------------------
0	6	-1	-1	
----------------------------------------
5	7	-1	-1	
----------------------------------------
-1	-1	5	8	
----------------------------------------
0	9	5	9	
----------------------------------------
-1	-1	1	10	
----------------------------------------
-1	-1	5	11	
----------------------------------------
-1	-1	5	12	
----------------------------------------
1	13	-1	-1	
----------------------------------------
-1	-1	5	14	
----------------------------------------
5	15	1	15	
----------------------------------------
0	16	5	16	
----------------------------------------
5	17	1	17	
----------------------------------------
-1	-1	5	18	
----------------------------------------
5	19	-1	-1	
----------------------------------------
5	20	1	20	
----------------------------------------
1	21	5	21	
----------------------------------------
5	22	0	22	
----------------------------------------
-1	-1	5	23	
----------------------------------------
1	24	5	24	
----------------------------------------
1	25	-1	-1	
----------------------------------------
5	26	0	26	
----------------------------------------
-1	-1	5	27	
----------------------------------------
0	28	-1	-1	
----------------------------------------
5	29	-1	-1	
----------------------------------------
5	30	-1	-1	
----------------------------------------
1	31	-1	-1	
----------------------------------------
1	32	-1	-1	
----------------------------------------
0	33	-1	-1	
----------------------------------------
-1	-1	1	34	
----------------------------------------
0	35	-1	-1	
----------------------------------------
-1	-1	1	36	
----------------------------------------
1	37	-1	-1	
----------------------------------------

****************************************
Node 3 Forwarding Table:
-1	-1	4	0	
----------------------------------------
0	1	8	1	
----------------------------------------
-1	-1	8	2	
----------------------------------------
-1	-1	0	3	
----------------------------------------
8	4	-1	-1	
----------------------------------------
-1	-1	8	5	
----------------------------------------
4	6	-1	-1	
----------------------------------------
4	7	-1	-1	
----------------------------------------
-1	-1	0	8	
----------------------------------------
4	9	8	9	
----------------------------------------
4	10	8	10	
----------------------------------------
8	11	4	11	
----------------------------------------
0	12	4	12	
----------------------------------------
-1	-1	8	13	
----------------------------------------
0	14	4	14	
----------------------------------------
8	15	0	15	
----------------------------------------
-1	-1	4	16	
----------------------------------------
4	17	-1	-1	
----------------------------------------
8	18	0	18	
----------------------------------------
-1	-1	8	19	
----------------------------------------
-1	-1	4	20	
----------------------------------------
0	21	4	21	
----------------------------------------
-1	-1	4	22	
----------------------------------------
8	23	4	23	
----------------------------------------
4	24	8	24	
----------------------------------------
4	25	8	25	
----------------------------------------
0	26	8	26	
----------------------------------------
-1	-1	0	27	
----------------------------------------
4	28	8	28	
----------------------------------------
-1	-1	0	29	
----------------------------------------
-1	-1	0	30	
----------------------------------------
0	31	4	31	
----------------------------------------
-1	-1	0	32	
----------------------------------------
0	33	4	33	
----------------------------------------
0	34	-1	-1	
----------------------------------------
-1	-1	0	35	
----------------------------------------
-1	-1	0	36	
----------------------------------------
4	37	-1	-1	
----------------------------------------
4	38	-1	-1	
----------------------------------------
-1	-1	0	39	
----------------------------------------
0	40	-1	-1	
----------------------------------------

****************************************
Node 4 Forwarding Table:
3	0	-1	-1	
----------------------------------------
5	1	6	1	
----------------------------------------
6	2	-1	-1	
----------------------------------------
5	3	-1	-1	
----------------------------------------
-1	-1	5	4	
----------------------------------------
6	5	-1	-1	
----------------------------------------
6	6	3	6	
----------------------------------------
5	7	6	7	
----------------------------------------
5	8	3	8	
----------------------------------------
-1	-1	3	9	
----------------------------------------
6	10	5	10	
----------------------------------------
6	11	-1	-1	
----------------------------------------
-1	-1	6	12	
----------------------------------------
5	13	3	13	
----------------------------------------
3	14	-1	-1	
----------------------------------------
3	15	6	15	
----------------------------------------
-1	-1	6	16	
----------------------------------------
3	17	6	17	
----------------------------------------
6	18	-1	-1	
----------------------------------------
3	19	5	19	
----------------------------------------
5	20	3	20	
----------------------------------------
3	21	5	21	
----------------------------------------
3	22	-1	-1	
----------------------------------------
-1	-1	5	23	
----------------------------------------
3	24	-1	-1	
----------------------------------------
5	25	-1	-1	
----------------------------------------
3	26	-1	-1	
----------------------------------------
6	27	3	27	
----------------------------------------
-1	-1	3	28	
----------------------------------------
6	29	5	29	
----------------------------------------
6	30	-1	-1	
----------------------------------------
-1	-1	5	31	
----------------------------------------
5	32	6	32	
----------------------------------------
6	33	5	33	
----------------------------------------
6	34	3	34	
----------------------------------------
5	35	-1	-1	
----------------------------------------
5	36	6	36	
----------------------------------------
-1	-1	6	37	
----------------------------------------
-1	-1	6	38	
----------------------------------------
3	39	6	39	
----------------------------------------
-1	-1	5	40	
----------------------------------------
5	41	6	41	
----------------------------------------
-1	-1	6	42	
----------------------------------------
6	43	5	43	
----------------------------------------
3	44	-1	-1	
----------------------------------------
6	45	5	45	
----------------------------------------
5	46	-1	-1	
----------------------------------------
6	47	-1	-1	
----------------------------------------
5	48	6	48	
----------------------------------------
6	49	3	49	
----------------------------------------
-1	-1	5	50	
----------------------------------------
-1	-1	3	51	
----------------------------------------

****************************************
Node 5 Forwarding Table:
12	0	-1	-1	
----------------------------------------
12	1	4	1	
----------------------------------------
-1	-1	12	2	
----------------------------------------
12	3	-1	-1	
----------------------------------------
2	4	4	4	
----------------------------------------
4	5	2	5	
----------------------------------------
13	6	2	6	
----------------------------------------
2	7	13	7	
----------------------------------------
-1	-1	12	8	
----------------------------------------
12	9	-1	-1	
----------------------------------------
12	10	-1	-1	
----------------------------------------
12	11	4	11	
----------------------------------------
13	12	4	12	
----------------------------------------
4	13	-1	-1	
----------------------------------------
-1	-1	4	14	
----------------------------------------
12	15	2	15	
----------------------------------------
2	16	12	16	
----------------------------------------
2	17	12	17	
----------------------------------------
-1	-1	12	18	
----------------------------------------
2	19	-1	-1	
----------------------------------------
2	20	-1	-1	
----------------------------------------
4	21	-1	-1	
----------------------------------------
-1	-1	4	22	
----------------------------------------
2	23	12	23	
----------------------------------------
4	24	13	24	
----------------------------------------
-1	-1	2	25	
----------------------------------------
4	26	12	26	
----------------------------------------
2	27	13	27	
----------------------------------------
-1	-1	2	28	
----------------------------------------
12	29	4	29	
----------------------------------------
2	30	12	30	
----------------------------------------
4	31	12	31	
----------------------------------------
13	32	2	32	
----------------------------------------
4	33	12	33	
----------------------------------------
-1	-1	2	34	
----------------------------------------
12	35	4	35	
----------------------------------------
2	36	13	36	
----------------------------------------
-1	-1	2	37	
----------------------------------------
4	38	-1	-1	
----------------------------------------
2	39	4	39	
----------------------------------------
-1	-1	4	40	
----------------------------------------
2	41	13	41	
----------------------------------------
13	42	2	42	
----------------------------------------
12	43	-1	-1	
----------------------------------------
2	44	12	44	
----------------------------------------
12	45	2	45	
----------------------------------------
-1	-1	13	46	
----------------------------------------
12	47	2	47	
----------------------------------------
4	48	13	48	
----------------------------------------
-1	-1	12	49	
----------------------------------------
13	50	4	50	
----------------------------------------
12	51	-1	-1	
----------------------------------------
4	52	13	52	
----------------------------------------
4	53	-1	-1	
----------------------------------------
13	54	4	54	
----------------------------------------
13	55	4	55	
----------------------------------------
13	56	12	56	
----------------------------------------
-1	-1	12	57	
----------------------------------------
4	58	13	58	
----------------------------------------

****************************************
Node 6 Forwarding Table:
-1	-1	7	0	
----------------------------------------
4	1	-1	-1	
----------------------------------------
-1	-1	4	2	
----------------------------------------
-1	-1	4	3	
----------------------------------------
-1	-1	4	4	
----------------------------------------
7	5	-1	-1	
----------------------------------------
4	6	-1	-1	
----------------------------------------
-1	-1	7	7	
----------------------------------------
7	8	-1	-1	
----------------------------------------
-1	-1	4	9	
----------------------------------------
7	10	4	10	
----------------------------------------
4	11	7	11	
----------------------------------------
-1	-1	7	12	
----------------------------------------
4	13	-1	-1	
----------------------------------------
4	14	7	14	
----------------------------------------
7	15	-1	-1	
----------------------------------------
4	16	-1	-1	
----------------------------------------
7	17	4	17	
----------------------------------------
-1	-1	4	18	
----------------------------------------
-1	-1	4	19	
----------------------------------------
7	20	4	20	
----------------------------------------
4	21	-1	-1	
----------------------------------------
-1	-1	7	22	
----------------------------------------
-1	-1	4	23	
----------------------------------------
-1	-1	4	24	
----------------------------------------
4	25	-1	-1	
----------------------------------------
4	26	-1	-1	
----------------------------------------
4	27	7	27	
----------------------------------------
4	28	-1	-1	
----------------------------------------
7	29	-1	-1	
----------------------------------------
4	30	7	30	
----------------------------------------
4	31	-1	-1	
----------------------------------------
7	32	4	32	
----------------------------------------
-1	-1	7	33	
----------------------------------------
-1	-1	4	34	
----------------------------------------
-1	-1	7	35	
----------------------------------------
-1	-1	4	36	
----------------------------------------
4	37	7	37	
----------------------------------------
7	38	-1	-1	
----------------------------------------
7	39	-1	-1	
----------------------------------------
7	40	4	40	
----------------------------------------
7	41	-1	-1	
----------------------------------------

****************************************
Node 7 Forwarding Table:
6	0	-1	-1	
----------------------------------------
-1	-1	10	1	
----------------------------------------
1	2	6	2	
----------------------------------------
6	3	1	3	
----------------------------------------
-1	-1	1	4	
----------------------------------------
-1	-1	1	5	
----------------------------------------
10	6	6	6	
----------------------------------------
10	7	6	7	
----------------------------------------
6	8	-1	-1	
----------------------------------------
10	9	1	9	
----------------------------------------
6	10	10	10	
----------------------------------------
6	11	-1	-1	
----------------------------------------
10	12	-1	-1	
----------------------------------------
-1	-1	6	13	
----------------------------------------
1	14	-1	-1	
----------------------------------------
1	15	10	15	
----------------------------------------
-1	-1	6	16	
----------------------------------------
1	17	10	17	
----------------------------------------
-1	-1	10	18	
----------------------------------------
10	19	1	19	
----------------------------------------
1	20	-1	-1	
----------------------------------------
1	21	-1	-1	
----------------------------------------
10	22	-1	-1	
----------------------------------------
-1	-1	10	23	
----------------------------------------
-1	-1	1	24	
----------------------------------------
10	25	-1	-1	
----------------------------------------
1	26	10	26	
----------------------------------------
10	27	-1	-1	
----------------------------------------
-1	-1	6	28	
----------------------------------------
6	29	1	29	
----------------------------------------
6	30	-1	-1	
----------------------------------------
-1	-1	1	31	
----------------------------------------
1	32	10	32	
----------------------------------------
10	33	6	33	
----------------------------------------
-1	-1	1	34	
----------------------------------------
6	35	-1	-1	
----------------------------------------
-1	-1	6	36	
----------------------------------------
6	37	-1	-1	
----------------------------------------
1	38	-1	-1	
----------------------------------------
6	39	1	39	
----------------------------------------
6	40	-1	-1	
----------------------------------------
-1	-1	1	41	
----------------------------------------
1	42	6	42	
----------------------------------------
1	43	6	43	
----------------------------------------
-1	-1	6	44	
----------------------------------------
1	45	6	45	
----------------------------------------

****************************************
Node 8 Forwarding Table:
-1	-1	9	0	
----------------------------------------
3	1	-1	-1	
----------------------------------------
3	2	9	2	
----------------------------------------
9	3	3	3	
----------------------------------------
-1	-1	9	4	
----------------------------------------
3	5	-1	-1	
----------------------------------------
3	6	9	6	
----------------------------------------
3	7	-1	-1	
----------------------------------------
11	8	9	8	
----------------------------------------
9	9	3	9	
----------------------------------------
-1	-1	9	10	
----------------------------------------
3	11	9	11	
----------------------------------------
-1	-1	3	12	
----------------------------------------
9	13	-1	-1	
----------------------------------------
9	14	3	14	
----------------------------------------
3	15	9	15	
----------------------------------------
9	16	3	16	
----------------------------------------
3	17	9	17	
----------------------------------------
3	18	11	18	
----------------------------------------
3	19	11	19	
----------------------------------------
3	20	-1	-1	
----------------------------------------
9	21	-1	-1	
----------------------------------------
9	22	-1	-1	
----------------------------------------
9	23	11	23	
----------------------------------------
-1	-1	11	24	
----------------------------------------
-1	-1	11	25	
----------------------------------------
-1	-1	11	26	
----------------------------------------
9	27	-1	-1	
----------------------------------------

****************************************
Node 9 Forwarding Table:
8	0	-1	-1	
----------------------------------------
10	1	-1	-1	
----------------------------------------
8	2	-1	-1	
----------------------------------------
-1	-1	8	3	
----------------------------------------
8	4	12	4	
----------------------------------------
-1	-1	12	5	
----------------------------------------
-1	-1	12	6	
----------------------------------------
10	7	12	7	
----------------------------------------
8	8	-1	-1	
----------------------------------------
8	9	-1	-1	
----------------------------------------
-1	-1	10	10	
----------------------------------------
-1	-1	8	11	
----------------------------------------
12	12	-1	-1	
----------------------------------------
8	13	12	13	
----------------------------------------
8	14	10	14	
----------------------------------------
12	15	-1	-1	
----------------------------------------
12	16	10	16	
----------------------------------------
10	17	12	17	
----------------------------------------
10	18	8	18	
----------------------------------------
-1	-1	8	19	
----------------------------------------
8	20	12	20	
----------------------------------------
12	21	10	21	
----------------------------------------
-1	-1	10	22	
----------------------------------------
12	23	-1	-1	
----------------------------------------
10	24	-1	-1	
----------------------------------------
-1	-1	8	25	
----------------------------------------
8	26	-1	-1	
----------------------------------------
10	27	12	27	
----------------------------------------
-1	-1	10	28	
----------------------------------------
-1	-1	12	29	
----------------------------------------
12	30	8	30	
----------------------------------------
10	31	8	31	
----------------------------------------
-1	-1	8	32	
----------------------------------------
-1	-1	10	33	
----------------------------------------
10	34	-1	-1	
----------------------------------------
12	35	-1	-1	
----------------------------------------
12	36	-1	-1	
----------------------------------------
12	37	-1	-1	
----------------------------------------
10	38	8	38	
----------------------------------------

****************************************
Node 10 Forwarding Table:
-1	-1	11	0	
----------------------------------------
7	1	9	1	
----------------------------------------
-1	-1	13	2	
----------------------------------------
-1	-1	9	3	
----------------------------------------
-1	-1	7	4	
----------------------------------------
-1	-1	7	5	
----------------------------------------
9	6	7	6	
----------------------------------------
7	7	-1	-1	
----------------------------------------
13	8	-1	-1	
----------------------------------------
9	9	-1	-1	
----------------------------------------
9	10	7	10	
----------------------------------------
7	11	-1	-1	
----------------------------------------
7	12	11	12	
----------------------------------------
7	13	9	13	
----------------------------------------
13	14	9	14	
----------------------------------------
-1	-1	7	15	
----------------------------------------
9	16	7	16	
----------------------------------------
7	17	11	17	
----------------------------------------
9	18	7	18	
----------------------------------------
7	19	9	19	
----------------------------------------
-1	-1	7	20	
----------------------------------------
-1	-1	9	21	
----------------------------------------
13	22	-1	-1	
----------------------------------------
9	23	-1	-1	
----------------------------------------
13	24	-1	-1	
----------------------------------------
-1	-1	13	25	
----------------------------------------
-1	-1	9	26	
----------------------------------------
7	27	11	27	
----------------------------------------
13	28	-1	-1	
----------------------------------------
9	29	7	29	
----------------------------------------
-1	-1	13	30	
----------------------------------------
-1	-1	9	31	
----------------------------------------
11	32	13	32	
----------------------------------------
-1	-1	11	33	
----------------------------------------
13	34	11	34	
----------------------------------------
13	35	-1	-1	
----------------------------------------
-1	-1	11	36	
----------------------------------------
-1	-1	9	37	
----------------------------------------

****************************************
Node 11 Forwarding Table:
10	0	-1	-1	
----------------------------------------
12	1	-1	-1	
----------------------------------------
-1	-1	8	2	
----------------------------------------
-1	-1	12	3	
----------------------------------------
10	4	-1	-1	
----------------------------------------
10	5	-1	-1	
----------------------------------------
12	6	-1	-1	
----------------------------------------
8	7	-1	-1	
----------------------------------------
8	8	-1	-1	
----------------------------------------
-1	-1	12	9	
----------------------------------------
10	10	-1	-1	
----------------------------------------
8	11	-1	-1	
----------------------------------------
-1	-1	12	12	
----------------------------------------
12	13	-1	-1	
----------------------------------------
-1	-1	10	14	
----------------------------------------
-1	-1	12	15	
----------------------------------------
8	16	-1	-1	
----------------------------------------
10	17	-1	-1	
----------------------------------------
8	18	-1	-1	
----------------------------------------
10	19	-1	-1	
----------------------------------------
8	20	-1	-1	
----------------------------------------
10	21	-1	-1	
----------------------------------------

****************************************
Node 12 Forwarding Table:
-1	-1	5	0	
----------------------------------------
-1	-1	5	1	
----------------------------------------
5	2	11	2	
----------------------------------------
-1	-1	5	3	
----------------------------------------
9	4	-1	-1	
----------------------------------------
5	5	-1	-1	
----------------------------------------
9	6	5	6	
----------------------------------------
9	7	5	7	
----------------------------------------
-1	-1	5	8	
----------------------------------------
9	9	-1	-1	
----------------------------------------
11	10	5	10	
----------------------------------------
5	11	9	11	
----------------------------------------
5	12	-1	-1	
----------------------------------------
9	13	-1	-1	
----------------------------------------
5	14	9	14	
----------------------------------------
-1	-1	9	15	
----------------------------------------
9	16	-1	-1	
----------------------------------------
9	17	-1	-1	
----------------------------------------
5	18	-1	-1	
----------------------------------------
-1	-1	9	19	
----------------------------------------
5	20	9	20	
----------------------------------------
-1	-1	5	21	
----------------------------------------
5	22	11	22	
----------------------------------------
5	23	-1	-1	
----------------------------------------
9	24	-1	-1	
----------------------------------------
5	25	-1	-1	
----------------------------------------
-1	-1	5	26	
----------------------------------------
9	27	5	27	
----------------------------------------
5	28	9	28	
----------------------------------------
11	29	5	29	
----------------------------------------
11	30	5	30	
----------------------------------------
5	31	11	31	
----------------------------------------
-1	-1	5	32	
----------------------------------------
11	33	9	33	
----------------------------------------
5	34	-1	-1	
----------------------------------------
5	35	9	35	
----------------------------------------
-1	-1	9	36	
----------------------------------------

****************************************
Node 13 Forwarding Table:
-1	-1	5	0	
----------------------------------------
5	1	-1	-1	
----------------------------------------
-1	-1	5	2	
----------------------------------------
10	3	-1	-1	
----------------------------------------
-1	-1	10	4	
----------------------------------------
-1	-1	10	5	
----------------------------------------
5	6	-1	-1	
----------------------------------------
5	7	-1	-1	
----------------------------------------
-1	-1	5	8	
----------------------------------------
5	9	10	9	
----------------------------------------
5	10	10	10	
----------------------------------------
10	11	5	11	
----------------------------------------
5	12	-1	-1	
----------------------------------------
5	13	10	13	
----------------------------------------
10	14	5	14	
----------------------------------------
10	15	-1	-1	
----------------------------------------
5	16	-1	-1	
----------------------------------------
-1	-1	5	17	
----------------------------------------
-1	-1	5	18	
----------------------------------------
-1	-1	5	19	
----------------------------------------
-1	-1	10	20	
----------------------------------------
5	21	10	21	
----------------------------------------

****************************************
