0	8	9
8->9
0,-1
3
----------------------------------------
1	6	7
6->7
0,-1
3
----------------------------------------
2	3	4
3->4
0,-1
3
----------------------------------------
3	12	5
12->5
0,-1
4
----------------------------------------
4	12	6
12->5->4->6
1,1,1,-1
9
----------------------------------------
5	0	2
0->2
0,-1
3
----------------------------------------
6	10	11
10->11
0,-1
3
----------------------------------------
7	0	8
0->3->8
1,1,-1
6
----------------------------------------
8	7	9
7->10->9
1,1,-1
7
----------------------------------------
9	3	9
3->8->9
2,2,-1
6
----------------------------------------
10	5	11
5->12->11
2,2,-1
6
----------------------------------------
11	3	1
3->0->1
3,2,-1
6
----------------------------------------
12	12	5
12->5
3,-1
4
----------------------------------------
13	6	4
6->4
2,-1
3
----------------------------------------
14	9	3
9->8->3
3,3,-1
6
----------------------------------------
15	2	4
2->5->4
1,4,-1
7
----------------------------------------
16	4	2
4->5->2
4,5,-1
7
----------------------------------------
17	6	4
6->4
3,-1
3
----------------------------------------
18	13	0
13->5->2->0
0,6,3,-1
10
----------------------------------------
19	0	13
0->2->5->13
4,4,7,-1
9
----------------------------------------
20	8	12
8->9->12
4,4,-1
6
----------------------------------------
21	3	8
3->8
5,-1
3
----------------------------------------
22	5	12
5->12
8,-1
3
----------------------------------------
23	6	3
6->4->3
4,6,-1
6
----------------------------------------
24	9	5
9->12->5
5,6,-1
7
----------------------------------------
25	9	5
9->12->5
6,7,-1
7
----------------------------------------
26	2	6
2->1->7->6
5,1,2,-1
8
----------------------------------------
27	12	6
12->5->4->6
8,11,7,-1
9
----------------------------------------
28	6	0
6->7->1->0
7,3,2,-1
9
----------------------------------------
29	13	3
13->5->4->3
2,12,8,-1
10
----------------------------------------
30	7	0
7->1->0
4,3,-1
6
----------------------------------------
31	3	1
3->0->1
8,7,-1
6
----------------------------------------
32	10	13
10->13
2,-1
2
----------------------------------------
33	10	12
10->9->12
3,7,-1
6
----------------------------------------
34	4	9
4->3->8->9
9,9,6,-1
9
----------------------------------------
35	7	1
7->1
5,-1
3
----------------------------------------
36	10	6
10->7->6
4,6,-1
5
----------------------------------------
37	0	2
0->2
8,-1
3
----------------------------------------
38	6	5
6->4->5
9,10,-1
7
----------------------------------------
39	10	4
10->7->6->4
5,7,10,-1
8
----------------------------------------
40	4	7
4->6->7
12,11,-1
5
----------------------------------------
41	5	8
5->4->3->8
14,13,10,-1
9
----------------------------------------
42	11	9
11->8->9
2,8,-1
6
----------------------------------------
43	9	1
9->10->7->1
10,6,9,-1
10
----------------------------------------
44	9	4
9->8->3->4
11,9,11,-1
9
----------------------------------------
45	11	2
11->12->5->2
3,10,15,-1
10
----------------------------------------
46	2	9
2->5->12->9
8,16,11,-1
10
----------------------------------------
47	6	10
6->7->10
12,10,-1
7
----------------------------------------
48	13	10
13->10
4,-1
4
----------------------------------------
49	0	12
0->2->5->12
9,9,17,-1
10
----------------------------------------
50	0	6
0->3->4->6
10,12,15,-1
8
----------------------------------------
51	8	12
8->9->12
10,13,-1
6
----------------------------------------
52	3	10
3->8->9->10
13,11,14,-1
10
----------------------------------------
53	4	7
4->6->7
16,14,-1
5
----------------------------------------
54	5	9
5->12->9
18,14,-1
6
----------------------------------------
55	12	7
12->9->10->7
15,16,10,-1
10
----------------------------------------
56	7	6
7->6
13,-1
2
----------------------------------------
57	0	7
0->1->7
11,7,-1
6
----------------------------------------
58	0	6
0->3->4->6
12,14,17,-1
8
----------------------------------------
59	2	10
2->1->7->10
10,8,15,-1
10
----------------------------------------
60	2	5
2->5
11,-1
4
----------------------------------------
61	8	1
8->3->0->1
12,15,13,-1
9
----------------------------------------
62	7	4
7->6->4
16,17,-1
5
----------------------------------------
63	2	5
2->5
12,-1
4
----------------------------------------
64	1	11
1->7->10->11
10,17,12,-1
10
----------------------------------------
65	3	5
3->4->5
16,19,-1
7
----------------------------------------
66	7	12
7->10->9->12
18,13,17,-1
10
----------------------------------------
67	13	8
13->10->9->8
5,14,18,-1
10
----------------------------------------
68	5	3
5->4->3
22,20,-1
6
----------------------------------------
69	10	2
10->7->1->2
15,19,11,-1
9
----------------------------------------
70	0	7
0->1->7
14,12,-1
6
----------------------------------------
71	9	0
9->8->3->0
19,14,18,-1
9
----------------------------------------
72	1	7
1->7
13,-1
3
----------------------------------------
73	3	12
3->8->9->12
19,15,20,-1
9
----------------------------------------
74	2	12
2->5->12
14,23,-1
7
----------------------------------------
75	12	7
12->9->10->7
19,21,16,-1
10
----------------------------------------
76	3	13
3->4->5->13
20,21,24,-1
9
----------------------------------------
77	7	11
7->10->11
23,17,-1
7
----------------------------------------
78	7	1
7->1
24,-1
3
----------------------------------------
79	5	1
5->2->1
25,15,-1
6
----------------------------------------
80	0	4
0->3->4
16,21,-1
6
----------------------------------------
81	0	1
0->1
17,-1
3
----------------------------------------
82	9	7
9->10->7
22,18,-1
7
----------------------------------------
83	4	9
4->5->12->9
23,26,20,-1
10
----------------------------------------
84	1	9
1->7->10->9
17,26,19,-1
10
----------------------------------------
85	3	4
3->4
22,-1
3
----------------------------------------
86	10	7
10->7
20,-1
3
----------------------------------------
87	0	13
0->2->5->13
18,16,27,-1
9
----------------------------------------
88	5	1
5->2->1
28,17,-1
6
----------------------------------------
89	12	4
12->5->4
21,29,-1
7
----------------------------------------
90	2	11
2->5->12->11
18,30,22,-1
10
----------------------------------------
91	9	4
9->8->3->4
25,16,23,-1
9
----------------------------------------
92	6	9
6->4->3->8->9
18,27,24,17,-1
12
----------------------------------------
93	4	11
4->3->8->11
28,25,18,-1
9
----------------------------------------
94	6	12
6->4->5->12
19,29,31,-1
10
----------------------------------------
95	13	2
13->5->2
8,32,-1
7
----------------------------------------
96	0	11
0->3->8->11
19,26,19,-1
9
----------------------------------------
97	10	12
10->9->12
21,27,-1
6
----------------------------------------
98	7	4
7->6->4
28,20,-1
5
----------------------------------------
99	4	12
4->5->12
31,33,-1
7
----------------------------------------
100	5	1
5->2->1
34,20,-1
6
----------------------------------------
101	12	6
12->5->4->6
26,35,32,-1
9
----------------------------------------
102	6	0
6->7->1->0
22,29,20,-1
9
----------------------------------------
103	1	10
1->2->5->13->10
21,21,36,9,-1
13
----------------------------------------
104	5	0
5->2->0
37,22,-1
6
----------------------------------------
105	6	5
6->4->5
23,33,-1
7
----------------------------------------
106	3	1
3->0->1
27,22,-1
6
----------------------------------------
107	6	8
6->4->3->8
24,34,28,-1
9
----------------------------------------
108	2	4
2->5->4
23,39,-1
7
----------------------------------------
109	5	6
5->4->6
40,36,-1
5
----------------------------------------
110	9	10
9->10
28,-1
4
----------------------------------------
111	1	10
1->2->5->13->10
23,24,41,10,-1
13
----------------------------------------
112	4	6
4->6
37,-1
2
----------------------------------------
113	4	7
4->6->7
38,27,-1
5
----------------------------------------
114	7	2
7->1->2
31,24,-1
6
----------------------------------------
115	10	0
10->13->5->2->0
25,11,42,26,-1
12
----------------------------------------
116	9	5
9->12->5
29,27,-1
7
----------------------------------------
117	2	8
2->5->12->9->8
27,44,28,30,-1
13
----------------------------------------
118	3	2
3->0->2
29,24,-1
6
----------------------------------------
119	10	8
10->9->8
26,31,-1
6
----------------------------------------
120	11	2
11->12->5->2
9,29,45,-1
10
----------------------------------------
121	3	1
3->0->1
30,25,-1
6
----------------------------------------
122	0	11
0->1->7->10->11
26,26,32,27,-1
13
----------------------------------------
123	5	13
5->13
46,-1
2
----------------------------------------
124	9	11
9->8->11
32,23,-1
6
----------------------------------------
125	11	2
11->12->5->2
12,30,47,-1
10
----------------------------------------
126	0	6
0->3->4->6
27,31,39,-1
8
----------------------------------------
127	4	10
4->5->13->10
40,48,13,-1
10
----------------------------------------
128	9	6
9->10->7->6
33,29,33,-1
9
----------------------------------------
129	5	11
5->12->11
49,31,-1
6
----------------------------------------
130	7	1
7->1
34,-1
3
----------------------------------------
131	10	7
10->13->5->4->6->7
30,14,50,41,30,-1
14
----------------------------------------
132	3	0
3->0
32,-1
3
----------------------------------------
133	10	9
10->9
31,-1
3
----------------------------------------
134	11	13
11->10->13
14,32,-1
6
----------------------------------------
135	4	6
4->6
42,-1
2
----------------------------------------
136	12	5
12->5
32,-1
4
----------------------------------------
137	7	13
7->6->4->5->13
36,32,43,52,-1
11
----------------------------------------
138	6	7
6->7
33,-1
3
----------------------------------------
139	0	4
0->3->4
29,33,-1
6
----------------------------------------
140	11	9
11->12->9
15,33,-1
6
----------------------------------------
141	0	7
0->1->7
30,28,-1
6
----------------------------------------
142	6	5
6->4->5
34,45,-1
7
----------------------------------------
143	6	2
6->7->1->2
35,39,29,-1
9
----------------------------------------
144	1	3
1->0->3
30,31,-1
6
----------------------------------------
145	13	4
13->5->4
17,54,-1
7
----------------------------------------
146	8	11
8->11
24,-1
3
----------------------------------------
147	6	4
6->4
36,-1
3
----------------------------------------
148	13	7
13->5->4->6->7
18,55,48,37,-1
12
----------------------------------------
149	10	11
10->11
33,-1
3
----------------------------------------
150	7	2
7->1->2
41,31,-1
6
----------------------------------------
151	3	6
3->0->1->7->6
35,32,32,42,-1
11
----------------------------------------
152	3	2
3->0->2
36,33,-1
6
----------------------------------------
153	2	6
2->1->7->6
34,33,43,-1
8
----------------------------------------
154	8	11
8->11
25,-1
3
----------------------------------------
155	7	3
7->6->4->3
44,40,49,-1
8
----------------------------------------
156	13	12
13->5->12
19,56,-1
7
----------------------------------------
157	13	11
13->10->11
20,34,-1
7
----------------------------------------
158	5	9
5->12->9
57,35,-1
6
----------------------------------------
159	4	10
4->5->13->10
50,58,21,-1
10
----------------------------------------
160	8	11
8->11
26,-1
3
----------------------------------------
161	12	9
12->9
36,-1
3
----------------------------------------
162	4	3
4->3
51,-1
3
----------------------------------------
163	0	2
0->2
34,-1
3
----------------------------------------
164	3	0
3->0
39,-1
3
----------------------------------------
165	2	6
2->1->7->6
36,34,45,-1
8
----------------------------------------
166	1	3
1->0->3
35,36,-1
6
----------------------------------------
167	10	11
10->11
36,-1
3
----------------------------------------
168	10	8
10->9->8
37,38,-1
6
----------------------------------------
169	1	2
1->2
36,-1
3
----------------------------------------
