0	8	9
8->9
0,-1
2
----------------------------------------
1	6	7
6->7
0,-1
3
----------------------------------------
2	3	4
3->4
0,-1
3
----------------------------------------
3	12	5
12->5
0,-1
2
----------------------------------------
4	12	6
12->5->4->6
1,1,1,-1
6
----------------------------------------
5	0	2
0->2
0,-1
1
----------------------------------------
6	10	11
10->11
0,-1
2
----------------------------------------
7	0	8
0->3->8
1,1,-1
9
----------------------------------------
8	7	9
7->10->9
1,1,-1
5
----------------------------------------
9	3	9
3->8->9
2,2,-1
6
----------------------------------------
10	5	11
5->12->11
2,2,-1
6
----------------------------------------
11	3	1
3->0->1
3,2,-1
8
----------------------------------------
12	12	5
12->5
3,-1
2
----------------------------------------
13	6	4
6->4
2,-1
2
----------------------------------------
14	9	3
9->8->3
3,3,-1
6
----------------------------------------
15	2	4
2->5->4
1,4,-1
3
----------------------------------------
16	4	2
4->5->2
4,5,-1
3
----------------------------------------
17	6	4
6->4
3,-1
2
----------------------------------------
18	13	0
13->5->2->0
0,6,3,-1
4
----------------------------------------
19	0	13
0->2->5->13
4,4,7,-1
4
----------------------------------------
20	8	12
8->9->12
4,4,-1
5
----------------------------------------
21	3	8
3->8
5,-1
4
----------------------------------------
22	5	12
5->12
8,-1
2
----------------------------------------
23	6	3
6->4->3
4,6,-1
5
----------------------------------------
24	9	5
9->12->5
5,6,-1
5
----------------------------------------
25	9	5
9->12->5
6,7,-1
5
----------------------------------------
26	2	6
2->5->4->6
5,11,7,-1
5
----------------------------------------
27	12	6
12->5->4->6
8,12,8,-1
6
----------------------------------------
28	6	0
6->4->5->2->0
7,9,13,6,-1
6
----------------------------------------
29	13	3
13->5->4->3
2,14,10,-1
7
----------------------------------------
30	7	0
7->1->0
2,1,-1
7
----------------------------------------
31	3	1
3->0->1
8,7,-1
8
----------------------------------------
32	10	13
10->13
2,-1
4
----------------------------------------
33	10	12
10->9->12
3,7,-1
4
----------------------------------------
34	4	9
4->5->12->9
11,15,10,-1
7
----------------------------------------
35	7	1
7->1
3,-1
4
----------------------------------------
36	10	6
10->7->6
4,4,-1
7
----------------------------------------
37	0	2
0->2
8,-1
1
----------------------------------------
38	6	5
6->4->5
9,12,-1
4
----------------------------------------
39	10	4
10->9->12->5->4
5,9,11,17,-1
8
----------------------------------------
40	4	7
4->6->7
14,10,-1
5
----------------------------------------
41	5	8
5->12->9->8
18,12,10,-1
7
----------------------------------------
42	11	9
11->10->9
2,6,-1
3
----------------------------------------
43	9	1
9->10->7->1
12,7,6,-1
9
----------------------------------------
44	9	4
9->12->5->4
13,13,19,-1
7
----------------------------------------
45	11	2
11->12->5->2
3,14,20,-1
7
----------------------------------------
46	2	9
2->5->12->9
9,21,15,-1
6
----------------------------------------
47	6	10
6->7->10
11,7,-1
7
----------------------------------------
48	13	10
13->10
4,-1
4
----------------------------------------
49	0	12
0->2->5->12
9,10,22,-1
4
----------------------------------------
50	0	6
0->2->5->4->6
10,11,23,16,-1
6
----------------------------------------
51	8	12
8->9->12
7,15,-1
5
----------------------------------------
52	3	10
3->8->9->10
9,8,16,-1
7
----------------------------------------
53	4	7
4->6->7
17,13,-1
5
----------------------------------------
54	5	9
5->12->9
24,18,-1
5
----------------------------------------
55	12	7
12->9->10->7
19,18,11,-1
8
----------------------------------------
56	7	6
7->6
10,-1
3
----------------------------------------
57	0	7
0->1->7
11,5,-1
7
----------------------------------------
58	0	6
0->2->5->4->6
12,12,25,18,-1
6
----------------------------------------
59	2	10
2->5->13->10
13,26,5,-1
7
----------------------------------------
60	2	5
2->5
14,-1
1
----------------------------------------
61	8	1
8->9->10->7->1
9,19,13,12,-1
11
----------------------------------------
62	7	4
7->6->4
13,16,-1
5
----------------------------------------
63	2	5
2->5
15,-1
1
----------------------------------------
64	1	11
1->7->10->11
7,14,14,-1
10
----------------------------------------
65	3	5
3->4->5
10,20,-1
5
----------------------------------------
66	7	12
7->10->9->12
15,15,20,-1
8
----------------------------------------
67	13	8
13->10->9->8
6,16,21,-1
7
----------------------------------------
68	5	3
5->2->0->3
30,16,13,-1
7
----------------------------------------
69	10	2
10->9->12->5->2
17,22,21,31,-1
7
----------------------------------------
70	0	7
0->1->7
14,8,-1
7
----------------------------------------
71	9	0
9->8->3->0
23,11,12,-1
11
----------------------------------------
72	1	7
1->7
9,-1
4
----------------------------------------
73	3	12
3->4->5->12
13,21,32,-1
7
----------------------------------------
74	2	12
2->0->3->8->9->12
18,16,14,12,24,-1
15
----------------------------------------
75	12	7
12->9->10->7
24,25,18,-1
8
----------------------------------------
76	3	13
3->4->5->13
15,22,33,-1
7
----------------------------------------
77	7	11
7->10->11
19,19,-1
6
----------------------------------------
78	7	1
7->1
20,-1
4
----------------------------------------
79	5	1
5->2->0->1
34,19,17,-1
5
----------------------------------------
80	0	4
0->3->4
18,16,-1
8
----------------------------------------
81	0	1
0->1
19,-1
3
----------------------------------------
82	9	7
9->10->7
26,20,-1
5
----------------------------------------
83	4	9
4->5->12->9
24,35,25,-1
7
----------------------------------------
84	1	9
1->7->10->9
13,22,21,-1
9
----------------------------------------
85	3	4
3->4
17,-1
3
----------------------------------------
86	5	1
5->2->0->1
36,20,20,-1
5
----------------------------------------
87	12	4
12->9->8->3->4
26,29,13,18,-1
12
----------------------------------------
88	2	11
2->5->12->11
21,37,27,-1
7
----------------------------------------
89	6	9
6->4->5->12->9
17,27,38,28,-1
9
----------------------------------------
90	6	12
6->4->5->12
18,28,39,-1
6
----------------------------------------
91	13	2
13->5->2
8,40,-1
3
----------------------------------------
92	0	11
0->1->7->10->11
21,15,23,22,-1
13
----------------------------------------
93	10	12
10->9->12
23,31,-1
4
----------------------------------------
94	7	4
7->6->4
24,19,-1
5
----------------------------------------
95	5	1
5->2->0->1
41,23,22,-1
5
----------------------------------------
96	6	0
6->7->1->0
20,25,17,-1
10
----------------------------------------
97	3	1
3->0->1
19,24,-1
8
----------------------------------------
98	6	8
6->4->3->8
21,30,20,-1
9
----------------------------------------
99	9	10
9->10
32,-1
1
----------------------------------------
100	4	6
4->6
31,-1
2
----------------------------------------
101	4	7
4->6->7
32,23,-1
5
----------------------------------------
102	7	2
7->1->0->2
27,19,25,-1
8
----------------------------------------
103	9	5
9->10->13->5
33,25,9,-1
7
----------------------------------------
104	2	8
2->0->3->8
25,26,21,-1
10
----------------------------------------
105	3	2
3->0->2
22,27,-1
6
----------------------------------------
106	10	8
10->9->8
26,34,-1
3
----------------------------------------
107	3	1
3->0->1
23,28,-1
8
----------------------------------------
108	5	13
5->13
43,-1
2
----------------------------------------
109	9	11
9->10->11
35,27,-1
3
----------------------------------------
110	0	6
0->1->7->6
29,21,28,-1
10
----------------------------------------
111	9	6
9->10->7->6
36,28,29,-1
8
----------------------------------------
112	5	11
5->13->10->11
44,11,29,-1
8
----------------------------------------
113	7	1
7->1
30,-1
4
----------------------------------------
114	3	0
3->0
24,-1
5
----------------------------------------
115	10	9
10->9
30,-1
1
----------------------------------------
116	11	13
11->10->13
10,31,-1
6
----------------------------------------
117	4	6
4->6
33,-1
2
----------------------------------------
118	12	5
12->5
31,-1
2
----------------------------------------
119	6	7
6->7
27,-1
3
----------------------------------------
120	11	9
11->10->9
11,32,-1
3
----------------------------------------
121	0	7
0->1->7
31,23,-1
7
----------------------------------------
122	6	2
6->7->1->0->2
28,33,24,32,-1
11
----------------------------------------
123	1	3
1->0->3
25,33,-1
8
----------------------------------------
124	13	4
13->10->7->6->4
13,33,34,29,-1
13
----------------------------------------
125	8	11
8->11
17,-1
5
----------------------------------------
126	6	4
6->4
30,-1
2
----------------------------------------
127	10	11
10->11
34,-1
2
----------------------------------------
128	7	2
7->1->0->2
35,26,34,-1
8
----------------------------------------
129	3	2
3->0->2
26,35,-1
6
----------------------------------------
130	2	6
2->0->1->7->6
30,36,27,36,-1
11
----------------------------------------
131	8	11
8->11
18,-1
5
----------------------------------------
132	7	3
7->6->4->3
37,32,36,-1
8
----------------------------------------
133	13	11
13->10->11
14,35,-1
6
----------------------------------------
134	8	11
8->11
19,-1
5
----------------------------------------
135	12	9
12->9
32,-1
3
----------------------------------------
136	4	3
4->3
37,-1
3
----------------------------------------
137	0	2
0->1->2
37,28,-1
8
----------------------------------------
138	3	0
3->0
29,-1
5
----------------------------------------
139	1	3
1->0->3
29,39,-1
8
----------------------------------------
140	10	11
10->11
36,-1
2
----------------------------------------
141	10	8
10->11->8
37,18,-1
7
----------------------------------------
142	1	2
1->2
30,-1
5
----------------------------------------
