Node 0 Forwarding Table:
-1	-1	2	0	
----------------------------------------
-1	-1	3	1	
----------------------------------------
3	2	1	2	
----------------------------------------
2	3	-1	-1	
----------------------------------------
-1	-1	2	4	
----------------------------------------
2	5	-1	-1	
----------------------------------------
1	6	-1	-1	
----------------------------------------
3	7	1	7	
----------------------------------------
-1	-1	2	8	
----------------------------------------
-1	-1	2	9	
----------------------------------------
-1	-1	2	10	
----------------------------------------
-1	-1	1	11	
----------------------------------------
-1	-1	2	12	
----------------------------------------
2	13	3	13	
----------------------------------------
-1	-1	1	14	
----------------------------------------
3	15	-1	-1	
----------------------------------------
2	16	3	16	
----------------------------------------
2	17	1	17	
----------------------------------------
-1	-1	3	18	
----------------------------------------
-1	-1	1	19	
----------------------------------------
2	20	1	20	
----------------------------------------
-1	-1	1	21	
----------------------------------------
2	22	1	22	
----------------------------------------
1	23	-1	-1	
----------------------------------------
3	24	1	24	
----------------------------------------
1	25	2	25	
----------------------------------------
2	26	3	26	
----------------------------------------
3	27	2	27	
----------------------------------------
3	28	1	28	
----------------------------------------
-1	-1	1	29	
----------------------------------------
3	30	-1	-1	
----------------------------------------
-1	-1	1	31	
----------------------------------------
1	32	2	32	
----------------------------------------
1	33	3	33	
----------------------------------------
1	34	2	34	
----------------------------------------
3	35	2	35	
----------------------------------------
2	36	1	36	
----------------------------------------
-1	-1	1	37	
----------------------------------------
3	38	-1	-1	
----------------------------------------
1	39	3	39	
----------------------------------------

****************************************
Node 1 Forwarding Table:
0	0	-1	-1	
----------------------------------------
7	1	0	1	
----------------------------------------
0	2	-1	-1	
----------------------------------------
7	3	-1	-1	
----------------------------------------
7	4	-1	-1	
----------------------------------------
0	5	7	5	
----------------------------------------
7	6	-1	-1	
----------------------------------------
-1	-1	7	7	
----------------------------------------
0	8	7	8	
----------------------------------------
-1	-1	7	9	
----------------------------------------
7	10	-1	-1	
----------------------------------------
0	11	-1	-1	
----------------------------------------
0	12	-1	-1	
----------------------------------------
-1	-1	7	13	
----------------------------------------
0	14	-1	-1	
----------------------------------------
0	15	7	15	
----------------------------------------
0	16	-1	-1	
----------------------------------------
7	17	0	17	
----------------------------------------
0	18	-1	-1	
----------------------------------------
7	19	0	19	
----------------------------------------
0	20	-1	-1	
----------------------------------------
0	21	7	21	
----------------------------------------
7	22	-1	-1	
----------------------------------------
0	23	7	23	
----------------------------------------
7	24	0	24	
----------------------------------------
-1	-1	0	25	
----------------------------------------
7	26	0	26	
----------------------------------------
0	27	7	27	
----------------------------------------
0	28	2	28	
----------------------------------------
-1	-1	0	29	
----------------------------------------
-1	-1	2	30	
----------------------------------------

****************************************
Node 2 Forwarding Table:
0	0	-1	-1	
----------------------------------------
-1	-1	5	1	
----------------------------------------
5	2	-1	-1	
----------------------------------------
5	3	0	3	
----------------------------------------
0	4	5	4	
----------------------------------------
-1	-1	5	5	
----------------------------------------
5	6	0	6	
----------------------------------------
0	7	-1	-1	
----------------------------------------
5	8	-1	-1	
----------------------------------------
-1	-1	5	9	
----------------------------------------
0	10	5	10	
----------------------------------------
0	11	5	11	
----------------------------------------
0	12	5	12	
----------------------------------------
-1	-1	5	13	
----------------------------------------
-1	-1	5	14	
----------------------------------------
-1	-1	5	15	
----------------------------------------
5	16	0	16	
----------------------------------------
5	17	-1	-1	
----------------------------------------
-1	-1	0	18	
----------------------------------------
5	19	0	19	
----------------------------------------
5	20	0	20	
----------------------------------------
-1	-1	5	21	
----------------------------------------
5	22	-1	-1	
----------------------------------------
5	23	0	23	
----------------------------------------
0	24	-1	-1	
----------------------------------------
-1	-1	0	25	
----------------------------------------
0	26	-1	-1	
----------------------------------------
0	27	-1	-1	
----------------------------------------
0	28	-1	-1	
----------------------------------------
0	29	-1	-1	
----------------------------------------
-1	-1	0	30	
----------------------------------------
1	31	-1	-1	
----------------------------------------
1	32	-1	-1	
----------------------------------------

****************************************
Node 3 Forwarding Table:
-1	-1	4	0	
----------------------------------------
0	1	8	1	
----------------------------------------
-1	-1	8	2	
----------------------------------------
-1	-1	0	3	
----------------------------------------
8	4	-1	-1	
----------------------------------------
-1	-1	8	5	
----------------------------------------
4	6	-1	-1	
----------------------------------------
4	7	-1	-1	
----------------------------------------
-1	-1	0	8	
----------------------------------------
-1	-1	8	9	
----------------------------------------
-1	-1	4	10	
----------------------------------------
0	11	-1	-1	
----------------------------------------
8	12	0	12	
----------------------------------------
-1	-1	4	13	
----------------------------------------
0	14	8	14	
----------------------------------------
-1	-1	4	15	
----------------------------------------
0	16	4	16	
----------------------------------------
-1	-1	4	17	
----------------------------------------
8	18	4	18	
----------------------------------------
-1	-1	0	19	
----------------------------------------
4	20	8	20	
----------------------------------------
0	21	8	21	
----------------------------------------
-1	-1	0	22	
----------------------------------------
-1	-1	0	23	
----------------------------------------
-1	-1	0	24	
----------------------------------------
0	25	-1	-1	
----------------------------------------
-1	-1	0	26	
----------------------------------------
4	27	-1	-1	
----------------------------------------
4	28	-1	-1	
----------------------------------------
-1	-1	0	29	
----------------------------------------
0	30	-1	-1	
----------------------------------------

****************************************
Node 4 Forwarding Table:
3	0	-1	-1	
----------------------------------------
5	1	6	1	
----------------------------------------
6	2	-1	-1	
----------------------------------------
5	3	-1	-1	
----------------------------------------
-1	-1	5	4	
----------------------------------------
6	5	-1	-1	
----------------------------------------
6	6	3	6	
----------------------------------------
5	7	6	7	
----------------------------------------
5	8	6	8	
----------------------------------------
6	9	5	9	
----------------------------------------
5	10	3	10	
----------------------------------------
-1	-1	5	11	
----------------------------------------
6	12	5	12	
----------------------------------------
5	13	-1	-1	
----------------------------------------
-1	-1	6	14	
----------------------------------------
5	15	-1	-1	
----------------------------------------
5	16	6	16	
----------------------------------------
-1	-1	6	17	
----------------------------------------
5	18	6	18	
----------------------------------------
6	19	-1	-1	
----------------------------------------
3	20	5	20	
----------------------------------------
3	21	5	21	
----------------------------------------
3	22	5	22	
----------------------------------------
3	23	-1	-1	
----------------------------------------
-1	-1	5	24	
----------------------------------------
3	25	-1	-1	
----------------------------------------
3	26	-1	-1	
----------------------------------------
6	27	5	27	
----------------------------------------
6	28	5	28	
----------------------------------------
6	29	-1	-1	
----------------------------------------
6	30	3	30	
----------------------------------------
-1	-1	6	31	
----------------------------------------
-1	-1	6	32	
----------------------------------------
-1	-1	6	33	
----------------------------------------
6	34	-1	-1	
----------------------------------------
6	35	-1	-1	
----------------------------------------
6	36	3	36	
----------------------------------------
-1	-1	3	37	
----------------------------------------

****************************************
Node 5 Forwarding Table:
12	0	-1	-1	
----------------------------------------
12	1	4	1	
----------------------------------------
-1	-1	12	2	
----------------------------------------
12	3	-1	-1	
----------------------------------------
2	4	4	4	
----------------------------------------
4	5	2	5	
----------------------------------------
13	6	2	6	
----------------------------------------
2	7	13	7	
----------------------------------------
-1	-1	12	8	
----------------------------------------
12	9	-1	-1	
----------------------------------------
12	10	-1	-1	
----------------------------------------
2	11	4	11	
----------------------------------------
12	12	4	12	
----------------------------------------
4	13	2	13	
----------------------------------------
13	14	4	14	
----------------------------------------
4	15	12	15	
----------------------------------------
4	16	-1	-1	
----------------------------------------
12	17	4	17	
----------------------------------------
-1	-1	12	18	
----------------------------------------
12	19	4	19	
----------------------------------------
12	20	2	20	
----------------------------------------
2	21	12	21	
----------------------------------------
2	22	12	22	
----------------------------------------
2	23	4	23	
----------------------------------------
-1	-1	12	24	
----------------------------------------
2	25	4	25	
----------------------------------------
2	26	13	26	
----------------------------------------
2	27	-1	-1	
----------------------------------------
2	28	-1	-1	
----------------------------------------
4	29	-1	-1	
----------------------------------------
-1	-1	2	30	
----------------------------------------
12	31	2	31	
----------------------------------------
4	32	12	32	
----------------------------------------
4	33	13	33	
----------------------------------------
-1	-1	2	34	
----------------------------------------
4	35	12	35	
----------------------------------------
-1	-1	2	36	
----------------------------------------
2	37	12	37	
----------------------------------------
4	38	12	38	
----------------------------------------
4	39	12	39	
----------------------------------------
13	40	2	40	
----------------------------------------
-1	-1	2	41	
----------------------------------------
13	42	-1	-1	
----------------------------------------
-1	-1	13	43	
----------------------------------------
-1	-1	13	44	
----------------------------------------
12	45	-1	-1	
----------------------------------------

****************************************
Node 6 Forwarding Table:
-1	-1	7	0	
----------------------------------------
4	1	-1	-1	
----------------------------------------
-1	-1	4	2	
----------------------------------------
-1	-1	4	3	
----------------------------------------
-1	-1	4	4	
----------------------------------------
4	5	-1	-1	
----------------------------------------
4	6	-1	-1	
----------------------------------------
-1	-1	4	7	
----------------------------------------
7	8	-1	-1	
----------------------------------------
-1	-1	4	9	
----------------------------------------
4	10	7	10	
----------------------------------------
-1	-1	7	11	
----------------------------------------
4	12	-1	-1	
----------------------------------------
4	13	7	13	
----------------------------------------
7	14	-1	-1	
----------------------------------------
4	15	-1	-1	
----------------------------------------
7	16	4	16	
----------------------------------------
-1	-1	4	17	
----------------------------------------
-1	-1	4	18	
----------------------------------------
7	19	4	19	
----------------------------------------
-1	-1	7	20	
----------------------------------------
-1	-1	4	21	
----------------------------------------
4	22	-1	-1	
----------------------------------------
4	23	7	23	
----------------------------------------
7	24	-1	-1	
----------------------------------------
7	25	-1	-1	
----------------------------------------
4	26	-1	-1	
----------------------------------------
-1	-1	7	27	
----------------------------------------
-1	-1	7	28	
----------------------------------------
7	29	4	29	
----------------------------------------
-1	-1	4	30	
----------------------------------------
7	31	-1	-1	
----------------------------------------
7	32	4	32	
----------------------------------------

****************************************
Node 7 Forwarding Table:
6	0	-1	-1	
----------------------------------------
-1	-1	10	1	
----------------------------------------
-1	-1	1	2	
----------------------------------------
-1	-1	1	3	
----------------------------------------
10	4	6	4	
----------------------------------------
6	5	-1	-1	
----------------------------------------
10	6	1	6	
----------------------------------------
6	7	10	7	
----------------------------------------
6	8	-1	-1	
----------------------------------------
10	9	-1	-1	
----------------------------------------
-1	-1	6	10	
----------------------------------------
1	11	-1	-1	
----------------------------------------
10	12	1	12	
----------------------------------------
-1	-1	6	13	
----------------------------------------
1	14	10	14	
----------------------------------------
-1	-1	10	15	
----------------------------------------
1	16	-1	-1	
----------------------------------------
1	17	-1	-1	
----------------------------------------
10	18	-1	-1	
----------------------------------------
-1	-1	10	19	
----------------------------------------
-1	-1	1	20	
----------------------------------------
10	21	-1	-1	
----------------------------------------
1	22	10	22	
----------------------------------------
1	23	10	23	
----------------------------------------
-1	-1	6	24	
----------------------------------------
6	25	1	25	
----------------------------------------
6	26	-1	-1	
----------------------------------------
-1	-1	1	27	
----------------------------------------
1	28	6	28	
----------------------------------------
10	29	6	29	
----------------------------------------
-1	-1	1	30	
----------------------------------------
6	31	-1	-1	
----------------------------------------
1	32	-1	-1	
----------------------------------------
6	33	1	33	
----------------------------------------
10	34	6	34	
----------------------------------------
-1	-1	1	35	
----------------------------------------
1	36	6	36	
----------------------------------------
-1	-1	6	37	
----------------------------------------

****************************************
Node 8 Forwarding Table:
-1	-1	9	0	
----------------------------------------
3	1	-1	-1	
----------------------------------------
3	2	9	2	
----------------------------------------
9	3	3	3	
----------------------------------------
-1	-1	9	4	
----------------------------------------
3	5	-1	-1	
----------------------------------------
9	6	-1	-1	
----------------------------------------
-1	-1	9	7	
----------------------------------------
3	8	9	8	
----------------------------------------
-1	-1	9	9	
----------------------------------------
9	10	-1	-1	
----------------------------------------
9	11	3	11	
----------------------------------------
3	12	9	12	
----------------------------------------
9	13	3	13	
----------------------------------------
3	14	-1	-1	
----------------------------------------
3	15	-1	-1	
----------------------------------------
9	16	-1	-1	
----------------------------------------
-1	-1	11	17	
----------------------------------------
-1	-1	11	18	
----------------------------------------
-1	-1	11	19	
----------------------------------------
11	20	-1	-1	
----------------------------------------

****************************************
Node 9 Forwarding Table:
8	0	-1	-1	
----------------------------------------
10	1	-1	-1	
----------------------------------------
8	2	-1	-1	
----------------------------------------
-1	-1	8	3	
----------------------------------------
8	4	12	4	
----------------------------------------
-1	-1	12	5	
----------------------------------------
-1	-1	12	6	
----------------------------------------
10	7	12	7	
----------------------------------------
12	8	-1	-1	
----------------------------------------
10	9	12	9	
----------------------------------------
12	10	8	10	
----------------------------------------
10	11	-1	-1	
----------------------------------------
-1	-1	10	12	
----------------------------------------
-1	-1	12	13	
----------------------------------------
12	14	-1	-1	
----------------------------------------
8	15	12	15	
----------------------------------------
8	16	10	16	
----------------------------------------
12	17	-1	-1	
----------------------------------------
12	18	10	18	
----------------------------------------
8	19	10	19	
----------------------------------------
10	20	12	20	
----------------------------------------
10	21	8	21	
----------------------------------------
10	22	12	22	
----------------------------------------
-1	-1	8	23	
----------------------------------------
8	24	12	24	
----------------------------------------
12	25	10	25	
----------------------------------------
-1	-1	10	26	
----------------------------------------
12	27	-1	-1	
----------------------------------------
10	28	-1	-1	
----------------------------------------
12	29	8	29	
----------------------------------------
12	30	-1	-1	
----------------------------------------
10	31	12	31	
----------------------------------------
-1	-1	10	32	
----------------------------------------
-1	-1	10	33	
----------------------------------------
10	34	8	34	
----------------------------------------
-1	-1	10	35	
----------------------------------------
-1	-1	10	36	
----------------------------------------
10	37	-1	-1	
----------------------------------------
10	38	-1	-1	
----------------------------------------
12	39	-1	-1	
----------------------------------------

****************************************
Node 10 Forwarding Table:
-1	-1	11	0	
----------------------------------------
7	1	9	1	
----------------------------------------
-1	-1	13	2	
----------------------------------------
-1	-1	9	3	
----------------------------------------
-1	-1	7	4	
----------------------------------------
-1	-1	9	5	
----------------------------------------
11	6	9	6	
----------------------------------------
9	7	7	7	
----------------------------------------
7	8	-1	-1	
----------------------------------------
13	9	-1	-1	
----------------------------------------
9	10	-1	-1	
----------------------------------------
9	11	7	11	
----------------------------------------
13	12	-1	-1	
----------------------------------------
9	13	7	13	
----------------------------------------
7	14	11	14	
----------------------------------------
7	15	9	15	
----------------------------------------
13	16	9	16	
----------------------------------------
-1	-1	9	17	
----------------------------------------
9	18	7	18	
----------------------------------------
7	19	11	19	
----------------------------------------
9	20	7	20	
----------------------------------------
7	21	9	21	
----------------------------------------
7	22	11	22	
----------------------------------------
-1	-1	9	23	
----------------------------------------
9	24	-1	-1	
----------------------------------------
9	25	13	25	
----------------------------------------
-1	-1	9	26	
----------------------------------------
9	27	11	27	
----------------------------------------
9	28	7	28	
----------------------------------------
13	29	11	29	
----------------------------------------
-1	-1	9	30	
----------------------------------------
11	31	13	31	
----------------------------------------
11	32	9	32	
----------------------------------------
13	33	7	33	
----------------------------------------
-1	-1	11	34	
----------------------------------------
13	35	11	35	
----------------------------------------
-1	-1	11	36	
----------------------------------------
-1	-1	11	37	
----------------------------------------

****************************************
Node 11 Forwarding Table:
10	0	-1	-1	
----------------------------------------
12	1	-1	-1	
----------------------------------------
-1	-1	10	2	
----------------------------------------
-1	-1	12	3	
----------------------------------------
10	4	-1	-1	
----------------------------------------
10	5	-1	-1	
----------------------------------------
12	6	-1	-1	
----------------------------------------
10	7	-1	-1	
----------------------------------------
10	8	-1	-1	
----------------------------------------
10	9	-1	-1	
----------------------------------------
-1	-1	10	10	
----------------------------------------
-1	-1	10	11	
----------------------------------------
8	12	-1	-1	
----------------------------------------
10	13	-1	-1	
----------------------------------------
8	14	-1	-1	
----------------------------------------
10	15	-1	-1	
----------------------------------------
8	16	-1	-1	
----------------------------------------
10	17	-1	-1	
----------------------------------------
10	18	8	18	
----------------------------------------

****************************************
Node 12 Forwarding Table:
-1	-1	5	0	
----------------------------------------
-1	-1	5	1	
----------------------------------------
5	2	11	2	
----------------------------------------
-1	-1	5	3	
----------------------------------------
9	4	-1	-1	
----------------------------------------
5	5	-1	-1	
----------------------------------------
9	6	5	6	
----------------------------------------
9	7	5	7	
----------------------------------------
-1	-1	5	8	
----------------------------------------
9	9	-1	-1	
----------------------------------------
5	10	9	10	
----------------------------------------
9	11	5	11	
----------------------------------------
5	12	9	12	
----------------------------------------
9	13	5	13	
----------------------------------------
11	14	5	14	
----------------------------------------
5	15	9	15	
----------------------------------------
5	16	-1	-1	
----------------------------------------
9	17	-1	-1	
----------------------------------------
5	18	9	18	
----------------------------------------
-1	-1	9	19	
----------------------------------------
9	20	-1	-1	
----------------------------------------
9	21	5	21	
----------------------------------------
5	22	-1	-1	
----------------------------------------
9	23	-1	-1	
----------------------------------------
-1	-1	9	24	
----------------------------------------
5	25	9	25	
----------------------------------------
-1	-1	9	26	
----------------------------------------
5	27	11	27	
----------------------------------------
5	28	9	28	
----------------------------------------
5	29	-1	-1	
----------------------------------------
9	30	-1	-1	
----------------------------------------
-1	-1	5	31	
----------------------------------------
-1	-1	9	32	
----------------------------------------

****************************************
Node 13 Forwarding Table:
-1	-1	5	0	
----------------------------------------
5	1	-1	-1	
----------------------------------------
-1	-1	5	2	
----------------------------------------
10	3	-1	-1	
----------------------------------------
-1	-1	10	4	
----------------------------------------
5	5	10	5	
----------------------------------------
-1	-1	10	6	
----------------------------------------
5	7	-1	-1	
----------------------------------------
-1	-1	5	8	
----------------------------------------
10	9	5	9	
----------------------------------------
5	10	-1	-1	
----------------------------------------
5	11	10	11	
----------------------------------------
10	12	-1	-1	
----------------------------------------
-1	-1	10	13	
----------------------------------------
-1	-1	10	14	
----------------------------------------

****************************************
