Node 0 Forwarding Table:
-1	-1	2	0	
----------------------------------------
-1	-1	3	1	
----------------------------------------
3	2	1	2	
----------------------------------------
2	3	-1	-1	
----------------------------------------
-1	-1	2	4	
----------------------------------------
2	5	-1	-1	
----------------------------------------
1	6	-1	-1	
----------------------------------------
3	7	1	7	
----------------------------------------
-1	-1	2	8	
----------------------------------------
-1	-1	2	9	
----------------------------------------
-1	-1	2	10	
----------------------------------------
-1	-1	1	11	
----------------------------------------
-1	-1	2	12	
----------------------------------------
-1	-1	1	13	
----------------------------------------
2	14	-1	-1	
----------------------------------------
2	15	1	15	
----------------------------------------
-1	-1	2	16	
----------------------------------------
-1	-1	1	17	
----------------------------------------
-1	-1	2	18	
----------------------------------------
2	19	1	19	
----------------------------------------
2	20	1	20	
----------------------------------------
-1	-1	2	21	
----------------------------------------
2	22	1	22	
----------------------------------------
2	23	-1	-1	
----------------------------------------
3	24	1	24	
----------------------------------------
2	25	3	25	
----------------------------------------
1	26	2	26	
----------------------------------------
2	27	-1	-1	
----------------------------------------
2	28	3	28	
----------------------------------------
3	29	2	29	
----------------------------------------
3	30	1	30	
----------------------------------------
-1	-1	1	31	
----------------------------------------
3	32	-1	-1	
----------------------------------------
3	33	-1	-1	
----------------------------------------
-1	-1	3	34	
----------------------------------------
-1	-1	1	35	
----------------------------------------
1	36	2	36	
----------------------------------------
-1	-1	3	37	
----------------------------------------
1	38	3	38	
----------------------------------------
1	39	2	39	
----------------------------------------
3	40	2	40	
----------------------------------------
2	41	1	41	
----------------------------------------
-1	-1	2	42	
----------------------------------------
3	43	-1	-1	
----------------------------------------
2	44	1	44	
----------------------------------------
1	45	3	45	
----------------------------------------

****************************************
Node 1 Forwarding Table:
0	0	-1	-1	
----------------------------------------
7	1	0	1	
----------------------------------------
0	2	-1	-1	
----------------------------------------
7	3	-1	-1	
----------------------------------------
7	4	-1	-1	
----------------------------------------
0	5	7	5	
----------------------------------------
7	6	-1	-1	
----------------------------------------
-1	-1	7	7	
----------------------------------------
0	8	7	8	
----------------------------------------
-1	-1	7	9	
----------------------------------------
7	10	-1	-1	
----------------------------------------
0	11	-1	-1	
----------------------------------------
0	12	-1	-1	
----------------------------------------
-1	-1	7	13	
----------------------------------------
0	14	-1	-1	
----------------------------------------
0	15	7	15	
----------------------------------------
0	16	-1	-1	
----------------------------------------
0	17	-1	-1	
----------------------------------------
7	18	0	18	
----------------------------------------
0	19	-1	-1	
----------------------------------------
0	20	7	20	
----------------------------------------
7	21	-1	-1	
----------------------------------------
0	22	7	22	
----------------------------------------
7	23	0	23	
----------------------------------------
-1	-1	0	24	
----------------------------------------
7	25	0	25	
----------------------------------------
0	26	7	26	
----------------------------------------
0	27	7	27	
----------------------------------------
-1	-1	0	28	
----------------------------------------
-1	-1	2	29	
----------------------------------------

****************************************
Node 2 Forwarding Table:
0	0	-1	-1	
----------------------------------------
-1	-1	5	1	
----------------------------------------
5	2	-1	-1	
----------------------------------------
5	3	0	3	
----------------------------------------
0	4	5	4	
----------------------------------------
-1	-1	5	5	
----------------------------------------
5	6	0	6	
----------------------------------------
0	7	-1	-1	
----------------------------------------
5	8	-1	-1	
----------------------------------------
-1	-1	5	9	
----------------------------------------
0	10	5	10	
----------------------------------------
0	11	5	11	
----------------------------------------
0	12	5	12	
----------------------------------------
-1	-1	5	13	
----------------------------------------
-1	-1	5	14	
----------------------------------------
-1	-1	5	15	
----------------------------------------
5	16	-1	-1	
----------------------------------------
5	17	0	17	
----------------------------------------
-1	-1	5	18	
----------------------------------------
5	19	0	19	
----------------------------------------
0	20	5	20	
----------------------------------------
0	21	5	21	
----------------------------------------
5	22	0	22	
----------------------------------------
-1	-1	0	23	
----------------------------------------
5	24	-1	-1	
----------------------------------------
0	25	5	25	
----------------------------------------
5	26	0	26	
----------------------------------------
5	27	0	27	
----------------------------------------
-1	-1	0	28	
----------------------------------------
0	29	-1	-1	
----------------------------------------
5	30	0	30	
----------------------------------------
-1	-1	0	31	
----------------------------------------
0	32	-1	-1	
----------------------------------------
0	33	-1	-1	
----------------------------------------
0	34	-1	-1	
----------------------------------------
0	35	-1	-1	
----------------------------------------
-1	-1	0	36	
----------------------------------------
0	37	-1	-1	
----------------------------------------
-1	-1	0	38	
----------------------------------------
1	39	-1	-1	
----------------------------------------

****************************************
Node 3 Forwarding Table:
-1	-1	4	0	
----------------------------------------
0	1	8	1	
----------------------------------------
-1	-1	8	2	
----------------------------------------
-1	-1	0	3	
----------------------------------------
8	4	-1	-1	
----------------------------------------
-1	-1	8	5	
----------------------------------------
4	6	-1	-1	
----------------------------------------
4	7	-1	-1	
----------------------------------------
-1	-1	0	8	
----------------------------------------
-1	-1	8	9	
----------------------------------------
-1	-1	4	10	
----------------------------------------
4	11	-1	-1	
----------------------------------------
-1	-1	4	12	
----------------------------------------
-1	-1	4	13	
----------------------------------------
-1	-1	4	14	
----------------------------------------
-1	-1	0	15	
----------------------------------------
4	16	8	16	
----------------------------------------
0	17	4	17	
----------------------------------------
0	18	8	18	
----------------------------------------
-1	-1	0	19	
----------------------------------------
-1	-1	8	20	
----------------------------------------
-1	-1	0	21	
----------------------------------------
8	22	-1	-1	
----------------------------------------
-1	-1	0	23	
----------------------------------------
8	24	4	24	
----------------------------------------
8	25	0	25	
----------------------------------------
0	26	4	26	
----------------------------------------
0	27	8	27	
----------------------------------------
0	28	-1	-1	
----------------------------------------
-1	-1	0	29	
----------------------------------------
-1	-1	4	30	
----------------------------------------
4	31	-1	-1	
----------------------------------------
4	32	-1	-1	
----------------------------------------
-1	-1	0	33	
----------------------------------------
0	34	-1	-1	
----------------------------------------

****************************************
Node 4 Forwarding Table:
3	0	-1	-1	
----------------------------------------
5	1	6	1	
----------------------------------------
6	2	-1	-1	
----------------------------------------
5	3	-1	-1	
----------------------------------------
-1	-1	5	4	
----------------------------------------
6	5	-1	-1	
----------------------------------------
6	6	3	6	
----------------------------------------
5	7	6	7	
----------------------------------------
5	8	6	8	
----------------------------------------
6	9	5	9	
----------------------------------------
5	10	3	10	
----------------------------------------
-1	-1	5	11	
----------------------------------------
6	12	5	12	
----------------------------------------
5	13	-1	-1	
----------------------------------------
-1	-1	6	14	
----------------------------------------
5	15	-1	-1	
----------------------------------------
5	16	6	16	
----------------------------------------
-1	-1	6	17	
----------------------------------------
5	18	6	18	
----------------------------------------
6	19	-1	-1	
----------------------------------------
3	20	5	20	
----------------------------------------
5	21	3	21	
----------------------------------------
3	22	5	22	
----------------------------------------
3	23	5	23	
----------------------------------------
5	24	-1	-1	
----------------------------------------
-1	-1	5	25	
----------------------------------------
3	26	-1	-1	
----------------------------------------
5	27	-1	-1	
----------------------------------------
5	28	-1	-1	
----------------------------------------
-1	-1	5	29	
----------------------------------------
6	30	5	30	
----------------------------------------
6	31	-1	-1	
----------------------------------------
-1	-1	5	32	
----------------------------------------
6	33	5	33	
----------------------------------------
6	34	3	34	
----------------------------------------
3	35	-1	-1	
----------------------------------------
-1	-1	6	36	
----------------------------------------
-1	-1	6	37	
----------------------------------------
-1	-1	6	38	
----------------------------------------
3	39	-1	-1	
----------------------------------------
3	40	-1	-1	
----------------------------------------
6	41	-1	-1	
----------------------------------------
6	42	5	42	
----------------------------------------
3	43	-1	-1	
----------------------------------------
6	44	3	44	
----------------------------------------
-1	-1	3	45	
----------------------------------------

****************************************
Node 5 Forwarding Table:
12	0	-1	-1	
----------------------------------------
12	1	4	1	
----------------------------------------
-1	-1	12	2	
----------------------------------------
12	3	-1	-1	
----------------------------------------
2	4	4	4	
----------------------------------------
4	5	2	5	
----------------------------------------
13	6	2	6	
----------------------------------------
2	7	13	7	
----------------------------------------
-1	-1	12	8	
----------------------------------------
12	9	-1	-1	
----------------------------------------
12	10	-1	-1	
----------------------------------------
2	11	4	11	
----------------------------------------
12	12	4	12	
----------------------------------------
4	13	2	13	
----------------------------------------
13	14	4	14	
----------------------------------------
4	15	12	15	
----------------------------------------
4	16	-1	-1	
----------------------------------------
12	17	4	17	
----------------------------------------
-1	-1	12	18	
----------------------------------------
12	19	4	19	
----------------------------------------
12	20	2	20	
----------------------------------------
2	21	12	21	
----------------------------------------
2	22	12	22	
----------------------------------------
2	23	4	23	
----------------------------------------
-1	-1	12	24	
----------------------------------------
2	25	4	25	
----------------------------------------
2	26	13	26	
----------------------------------------
2	27	-1	-1	
----------------------------------------
2	28	-1	-1	
----------------------------------------
4	29	-1	-1	
----------------------------------------
-1	-1	4	30	
----------------------------------------
12	31	2	31	
----------------------------------------
12	32	2	32	
----------------------------------------
4	33	12	33	
----------------------------------------
2	34	12	34	
----------------------------------------
4	35	13	35	
----------------------------------------
-1	-1	2	36	
----------------------------------------
2	37	4	37	
----------------------------------------
4	38	12	38	
----------------------------------------
2	39	13	39	
----------------------------------------
-1	-1	2	40	
----------------------------------------
12	41	4	41	
----------------------------------------
12	42	4	42	
----------------------------------------
4	43	12	43	
----------------------------------------
4	44	12	44	
----------------------------------------
13	45	2	45	
----------------------------------------
2	46	12	46	
----------------------------------------
4	47	12	47	
----------------------------------------
-1	-1	2	48	
----------------------------------------
4	49	2	49	
----------------------------------------
12	50	2	50	
----------------------------------------
13	51	-1	-1	
----------------------------------------
-1	-1	13	52	
----------------------------------------
-1	-1	12	53	
----------------------------------------
13	54	-1	-1	
----------------------------------------
4	55	12	55	
----------------------------------------
13	56	12	56	
----------------------------------------

****************************************
Node 6 Forwarding Table:
-1	-1	7	0	
----------------------------------------
4	1	-1	-1	
----------------------------------------
-1	-1	4	2	
----------------------------------------
-1	-1	4	3	
----------------------------------------
-1	-1	4	4	
----------------------------------------
4	5	-1	-1	
----------------------------------------
4	6	-1	-1	
----------------------------------------
-1	-1	4	7	
----------------------------------------
7	8	-1	-1	
----------------------------------------
-1	-1	4	9	
----------------------------------------
4	10	7	10	
----------------------------------------
-1	-1	7	11	
----------------------------------------
4	12	-1	-1	
----------------------------------------
4	13	7	13	
----------------------------------------
7	14	-1	-1	
----------------------------------------
4	15	-1	-1	
----------------------------------------
7	16	4	16	
----------------------------------------
-1	-1	7	17	
----------------------------------------
-1	-1	4	18	
----------------------------------------
7	19	4	19	
----------------------------------------
7	20	-1	-1	
----------------------------------------
-1	-1	4	21	
----------------------------------------
-1	-1	4	22	
----------------------------------------
4	23	-1	-1	
----------------------------------------
4	24	7	24	
----------------------------------------
7	25	-1	-1	
----------------------------------------
7	26	-1	-1	
----------------------------------------
4	27	-1	-1	
----------------------------------------
-1	-1	7	28	
----------------------------------------
-1	-1	7	29	
----------------------------------------
-1	-1	4	30	
----------------------------------------
7	31	4	31	
----------------------------------------
7	32	-1	-1	
----------------------------------------
7	33	4	33	
----------------------------------------
7	34	-1	-1	
----------------------------------------

****************************************
Node 7 Forwarding Table:
6	0	-1	-1	
----------------------------------------
-1	-1	10	1	
----------------------------------------
-1	-1	1	2	
----------------------------------------
-1	-1	1	3	
----------------------------------------
10	4	6	4	
----------------------------------------
6	5	-1	-1	
----------------------------------------
10	6	1	6	
----------------------------------------
6	7	10	7	
----------------------------------------
6	8	-1	-1	
----------------------------------------
10	9	-1	-1	
----------------------------------------
-1	-1	6	10	
----------------------------------------
1	11	-1	-1	
----------------------------------------
10	12	1	12	
----------------------------------------
-1	-1	6	13	
----------------------------------------
1	14	10	14	
----------------------------------------
-1	-1	10	15	
----------------------------------------
1	16	-1	-1	
----------------------------------------
1	17	-1	-1	
----------------------------------------
10	18	-1	-1	
----------------------------------------
-1	-1	10	19	
----------------------------------------
-1	-1	1	20	
----------------------------------------
10	21	-1	-1	
----------------------------------------
1	22	10	22	
----------------------------------------
10	23	-1	-1	
----------------------------------------
1	24	10	24	
----------------------------------------
6	25	10	25	
----------------------------------------
-1	-1	6	26	
----------------------------------------
10	27	6	27	
----------------------------------------
6	28	-1	-1	
----------------------------------------
-1	-1	1	29	
----------------------------------------
1	30	6	30	
----------------------------------------
10	31	6	31	
----------------------------------------
-1	-1	1	32	
----------------------------------------
6	33	-1	-1	
----------------------------------------
1	34	-1	-1	
----------------------------------------
6	35	1	35	
----------------------------------------
-1	-1	1	36	
----------------------------------------
-1	-1	6	37	
----------------------------------------
1	38	6	38	
----------------------------------------
-1	-1	6	39	
----------------------------------------
1	40	6	40	
----------------------------------------

****************************************
Node 8 Forwarding Table:
-1	-1	9	0	
----------------------------------------
3	1	-1	-1	
----------------------------------------
3	2	9	2	
----------------------------------------
9	3	3	3	
----------------------------------------
-1	-1	9	4	
----------------------------------------
3	5	-1	-1	
----------------------------------------
9	6	-1	-1	
----------------------------------------
-1	-1	9	7	
----------------------------------------
3	8	9	8	
----------------------------------------
-1	-1	9	9	
----------------------------------------
9	10	-1	-1	
----------------------------------------
3	11	-1	-1	
----------------------------------------
3	12	-1	-1	
----------------------------------------
9	13	-1	-1	
----------------------------------------
3	14	9	14	
----------------------------------------
9	15	3	15	
----------------------------------------
9	16	3	16	
----------------------------------------
9	17	3	17	
----------------------------------------
3	18	9	18	
----------------------------------------
-1	-1	11	19	
----------------------------------------
-1	-1	11	20	
----------------------------------------
-1	-1	11	21	
----------------------------------------
11	22	-1	-1	
----------------------------------------

****************************************
Node 9 Forwarding Table:
8	0	-1	-1	
----------------------------------------
10	1	-1	-1	
----------------------------------------
8	2	-1	-1	
----------------------------------------
-1	-1	8	3	
----------------------------------------
8	4	12	4	
----------------------------------------
-1	-1	12	5	
----------------------------------------
-1	-1	12	6	
----------------------------------------
10	7	12	7	
----------------------------------------
12	8	-1	-1	
----------------------------------------
10	9	12	9	
----------------------------------------
12	10	8	10	
----------------------------------------
10	11	-1	-1	
----------------------------------------
-1	-1	10	12	
----------------------------------------
-1	-1	12	13	
----------------------------------------
12	14	-1	-1	
----------------------------------------
8	15	12	15	
----------------------------------------
8	16	10	16	
----------------------------------------
12	17	-1	-1	
----------------------------------------
12	18	10	18	
----------------------------------------
8	19	10	19	
----------------------------------------
10	20	12	20	
----------------------------------------
10	21	8	21	
----------------------------------------
10	22	12	22	
----------------------------------------
-1	-1	12	23	
----------------------------------------
12	24	10	24	
----------------------------------------
-1	-1	10	25	
----------------------------------------
12	26	-1	-1	
----------------------------------------
10	27	-1	-1	
----------------------------------------
-1	-1	12	28	
----------------------------------------
10	29	-1	-1	
----------------------------------------
10	30	12	30	
----------------------------------------
12	31	10	31	
----------------------------------------
-1	-1	10	32	
----------------------------------------
10	33	12	33	
----------------------------------------
-1	-1	10	34	
----------------------------------------
10	35	8	35	
----------------------------------------
8	36	10	36	
----------------------------------------
-1	-1	10	37	
----------------------------------------
10	38	8	38	
----------------------------------------
-1	-1	10	39	
----------------------------------------
10	40	-1	-1	
----------------------------------------
12	41	10	41	
----------------------------------------
12	42	8	42	
----------------------------------------
12	43	8	43	
----------------------------------------
10	44	-1	-1	
----------------------------------------
8	45	12	45	
----------------------------------------
12	46	-1	-1	
----------------------------------------
12	47	-1	-1	
----------------------------------------

****************************************
Node 10 Forwarding Table:
-1	-1	11	0	
----------------------------------------
7	1	9	1	
----------------------------------------
-1	-1	13	2	
----------------------------------------
-1	-1	9	3	
----------------------------------------
-1	-1	7	4	
----------------------------------------
-1	-1	9	5	
----------------------------------------
11	6	9	6	
----------------------------------------
9	7	7	7	
----------------------------------------
7	8	-1	-1	
----------------------------------------
13	9	-1	-1	
----------------------------------------
9	10	-1	-1	
----------------------------------------
9	11	7	11	
----------------------------------------
13	12	-1	-1	
----------------------------------------
9	13	7	13	
----------------------------------------
7	14	11	14	
----------------------------------------
7	15	9	15	
----------------------------------------
13	16	9	16	
----------------------------------------
-1	-1	9	17	
----------------------------------------
9	18	7	18	
----------------------------------------
7	19	11	19	
----------------------------------------
9	20	7	20	
----------------------------------------
7	21	9	21	
----------------------------------------
-1	-1	7	22	
----------------------------------------
7	23	11	23	
----------------------------------------
7	24	9	24	
----------------------------------------
-1	-1	9	25	
----------------------------------------
9	26	7	26	
----------------------------------------
9	27	-1	-1	
----------------------------------------
-1	-1	9	28	
----------------------------------------
9	29	13	29	
----------------------------------------
-1	-1	9	30	
----------------------------------------
9	31	13	31	
----------------------------------------
9	32	11	32	
----------------------------------------
-1	-1	9	33	
----------------------------------------
9	34	7	34	
----------------------------------------
-1	-1	9	35	
----------------------------------------
11	36	13	36	
----------------------------------------
9	37	13	37	
----------------------------------------
11	38	9	38	
----------------------------------------
-1	-1	11	39	
----------------------------------------
13	40	11	40	
----------------------------------------
-1	-1	11	41	
----------------------------------------
-1	-1	11	42	
----------------------------------------

****************************************
Node 11 Forwarding Table:
10	0	-1	-1	
----------------------------------------
12	1	-1	-1	
----------------------------------------
-1	-1	10	2	
----------------------------------------
-1	-1	12	3	
----------------------------------------
10	4	-1	-1	
----------------------------------------
10	5	-1	-1	
----------------------------------------
10	6	-1	-1	
----------------------------------------
12	7	-1	-1	
----------------------------------------
12	8	-1	-1	
----------------------------------------
10	9	-1	-1	
----------------------------------------
12	10	-1	-1	
----------------------------------------
-1	-1	10	11	
----------------------------------------
-1	-1	10	12	
----------------------------------------
8	13	-1	-1	
----------------------------------------
10	14	-1	-1	
----------------------------------------
8	15	-1	-1	
----------------------------------------
10	16	-1	-1	
----------------------------------------
8	17	-1	-1	
----------------------------------------
10	18	-1	-1	
----------------------------------------
10	19	8	19	
----------------------------------------

****************************************
Node 12 Forwarding Table:
-1	-1	5	0	
----------------------------------------
-1	-1	5	1	
----------------------------------------
5	2	11	2	
----------------------------------------
-1	-1	5	3	
----------------------------------------
9	4	-1	-1	
----------------------------------------
5	5	-1	-1	
----------------------------------------
9	6	5	6	
----------------------------------------
9	7	5	7	
----------------------------------------
-1	-1	5	8	
----------------------------------------
9	9	-1	-1	
----------------------------------------
5	10	9	10	
----------------------------------------
9	11	5	11	
----------------------------------------
5	12	9	12	
----------------------------------------
9	13	5	13	
----------------------------------------
11	14	5	14	
----------------------------------------
5	15	9	15	
----------------------------------------
5	16	-1	-1	
----------------------------------------
9	17	-1	-1	
----------------------------------------
5	18	9	18	
----------------------------------------
-1	-1	9	19	
----------------------------------------
9	20	-1	-1	
----------------------------------------
9	21	5	21	
----------------------------------------
9	22	5	22	
----------------------------------------
5	23	-1	-1	
----------------------------------------
5	24	-1	-1	
----------------------------------------
-1	-1	9	25	
----------------------------------------
5	26	9	26	
----------------------------------------
-1	-1	5	27	
----------------------------------------
9	28	5	28	
----------------------------------------
5	29	11	29	
----------------------------------------
5	30	-1	-1	
----------------------------------------
5	31	11	31	
----------------------------------------
9	32	-1	-1	
----------------------------------------
5	33	-1	-1	
----------------------------------------
-1	-1	9	34	
----------------------------------------
9	35	5	35	
----------------------------------------
5	36	11	36	
----------------------------------------
-1	-1	9	37	
----------------------------------------
-1	-1	9	38	
----------------------------------------
-1	-1	9	39	
----------------------------------------
9	40	-1	-1	
----------------------------------------
5	41	9	41	
----------------------------------------
5	42	-1	-1	
----------------------------------------
-1	-1	9	43	
----------------------------------------

****************************************
Node 13 Forwarding Table:
-1	-1	5	0	
----------------------------------------
5	1	-1	-1	
----------------------------------------
-1	-1	5	2	
----------------------------------------
10	3	-1	-1	
----------------------------------------
-1	-1	10	4	
----------------------------------------
5	5	10	5	
----------------------------------------
-1	-1	10	6	
----------------------------------------
5	7	-1	-1	
----------------------------------------
5	8	-1	-1	
----------------------------------------
-1	-1	5	9	
----------------------------------------
10	10	5	10	
----------------------------------------
10	11	-1	-1	
----------------------------------------
5	12	-1	-1	
----------------------------------------
10	13	-1	-1	
----------------------------------------
10	14	5	14	
----------------------------------------
-1	-1	5	15	
----------------------------------------
-1	-1	10	16	
----------------------------------------

****************************************
