0	8	9
8->9
0,-1
2
----------------------------------------
1	6	7
6->7
0,-1
3
----------------------------------------
2	3	4
3->4
0,-1
3
----------------------------------------
3	12	5
12->5
0,-1
2
----------------------------------------
4	12	6
12->5->4->6
1,1,1,-1
6
----------------------------------------
5	0	2
0->2
0,-1
1
----------------------------------------
6	10	11
10->11
0,-1
2
----------------------------------------
7	0	8
0->3->8
1,1,-1
9
----------------------------------------
8	7	9
7->10->9
1,1,-1
5
----------------------------------------
9	3	9
3->8->9
2,2,-1
6
----------------------------------------
10	5	11
5->12->11
2,2,-1
6
----------------------------------------
11	3	1
3->0->1
3,2,-1
8
----------------------------------------
12	12	5
12->5
3,-1
2
----------------------------------------
13	6	4
6->4
2,-1
2
----------------------------------------
14	9	3
9->8->3
3,3,-1
6
----------------------------------------
15	2	4
2->5->4
1,4,-1
3
----------------------------------------
16	4	2
4->5->2
4,5,-1
3
----------------------------------------
17	6	4
6->4
3,-1
2
----------------------------------------
18	13	0
13->5->2->0
0,6,3,-1
4
----------------------------------------
19	0	13
0->2->5->13
4,4,7,-1
4
----------------------------------------
20	8	12
8->9->12
4,4,-1
5
----------------------------------------
21	3	8
3->8
5,-1
4
----------------------------------------
22	5	12
5->12
8,-1
2
----------------------------------------
23	6	3
6->4->3
4,6,-1
5
----------------------------------------
24	9	5
9->12->5
5,6,-1
5
----------------------------------------
25	9	5
9->12->5
6,7,-1
5
----------------------------------------
26	2	6
2->5->4->6
5,11,7,-1
5
----------------------------------------
27	12	6
12->5->4->6
8,12,8,-1
6
----------------------------------------
28	6	0
6->4->5->2->0
7,9,13,6,-1
6
----------------------------------------
29	13	3
13->5->4->3
2,14,10,-1
7
----------------------------------------
30	7	0
7->1->0
2,1,-1
7
----------------------------------------
31	3	1
3->0->1
8,7,-1
8
----------------------------------------
32	10	13
10->13
2,-1
4
----------------------------------------
33	10	12
10->9->12
3,7,-1
4
----------------------------------------
34	4	9
4->5->12->9
11,15,10,-1
7
----------------------------------------
35	7	1
7->1
3,-1
4
----------------------------------------
36	10	6
10->7->6
4,4,-1
7
----------------------------------------
37	0	2
0->2
8,-1
1
----------------------------------------
38	6	5
6->4->5
9,12,-1
4
----------------------------------------
39	10	4
10->9->12->5->4
5,9,11,17,-1
8
----------------------------------------
40	4	7
4->6->7
14,10,-1
5
----------------------------------------
41	5	8
5->12->9->8
18,12,10,-1
7
----------------------------------------
42	11	9
11->10->9
2,6,-1
3
----------------------------------------
43	9	1
9->10->7->1
12,7,6,-1
9
----------------------------------------
44	9	4
9->12->5->4
13,13,19,-1
7
----------------------------------------
45	11	2
11->12->5->2
3,14,20,-1
7
----------------------------------------
46	2	9
2->5->12->9
9,21,15,-1
6
----------------------------------------
47	6	10
6->7->10
11,7,-1
7
----------------------------------------
48	13	10
13->10
4,-1
4
----------------------------------------
49	0	12
0->2->5->12
9,10,22,-1
4
----------------------------------------
50	0	6
0->2->5->4->6
10,11,23,16,-1
6
----------------------------------------
51	8	12
8->9->12
7,15,-1
5
----------------------------------------
52	3	10
3->8->9->10
9,8,16,-1
7
----------------------------------------
53	4	7
4->6->7
17,13,-1
5
----------------------------------------
54	5	9
5->12->9
24,18,-1
5
----------------------------------------
55	12	7
12->9->10->7
19,18,11,-1
8
----------------------------------------
56	7	6
7->6
10,-1
3
----------------------------------------
57	0	7
0->1->7
11,5,-1
7
----------------------------------------
58	0	6
0->2->5->4->6
12,12,25,18,-1
6
----------------------------------------
59	2	10
2->5->13->10
13,26,5,-1
7
----------------------------------------
60	2	5
2->5
14,-1
1
----------------------------------------
61	8	1
8->9->10->7->1
9,19,13,12,-1
11
----------------------------------------
62	7	4
7->6->4
13,16,-1
5
----------------------------------------
63	2	5
2->5
15,-1
1
----------------------------------------
64	1	11
1->7->10->11
7,14,14,-1
10
----------------------------------------
65	3	5
3->4->5
10,20,-1
5
----------------------------------------
66	7	12
7->10->9->12
15,15,20,-1
8
----------------------------------------
67	13	8
13->10->9->8
6,16,21,-1
7
----------------------------------------
68	5	3
5->4->3
30,21,-1
5
----------------------------------------
69	10	2
10->9->12->5->2
17,22,21,31,-1
7
----------------------------------------
70	0	7
0->1->7
13,8,-1
7
----------------------------------------
71	9	0
9->12->5->2->0
23,22,32,17,-1
7
----------------------------------------
72	1	7
1->7
9,-1
4
----------------------------------------
73	3	12
3->4->5->12
12,22,33,-1
7
----------------------------------------
74	2	12
2->5->12
18,34,-1
3
----------------------------------------
75	12	7
12->9->10->7
25,24,18,-1
8
----------------------------------------
76	3	13
3->4->5->13
13,23,35,-1
7
----------------------------------------
77	7	11
7->10->11
19,19,-1
6
----------------------------------------
78	7	1
7->1
20,-1
4
----------------------------------------
79	5	1
5->2->0->1
36,19,15,-1
5
----------------------------------------
80	0	4
0->2->5->4
16,20,37,-1
4
----------------------------------------
81	0	1
0->1
17,-1
3
----------------------------------------
82	9	7
9->10->7
25,20,-1
5
----------------------------------------
83	4	9
4->5->12->9
25,38,26,-1
7
----------------------------------------
84	1	9
1->7->10->9
13,22,21,-1
9
----------------------------------------
85	3	4
3->4
14,-1
3
----------------------------------------
86	10	7
10->7
22,-1
4
----------------------------------------
87	0	13
0->2->5->13
18,21,39,-1
4
----------------------------------------
88	5	1
5->2->0->1
40,22,19,-1
5
----------------------------------------
89	12	4
12->5->4
27,41,-1
4
----------------------------------------
90	2	11
2->0->1->7->10->11
23,20,15,24,23,-1
14
----------------------------------------
91	9	4
9->12->5->4
28,28,42,-1
7
----------------------------------------
92	6	9
6->7->10->9
17,25,24,-1
8
----------------------------------------
93	4	11
4->5->12->11
29,43,29,-1
8
----------------------------------------
94	6	12
6->4->5->12
18,30,44,-1
6
----------------------------------------
95	13	2
13->5->2
9,45,-1
3
----------------------------------------
96	0	11
0->2->5->12->11
21,25,46,31,-1
8
----------------------------------------
97	10	12
10->9->12
25,30,-1
4
----------------------------------------
98	7	4
7->6->4
26,19,-1
5
----------------------------------------
99	4	12
4->5->12
32,47,-1
4
----------------------------------------
100	5	1
5->2->0->1
48,26,22,-1
5
----------------------------------------
101	12	6
12->9->10->7->6
34,31,26,27,-1
11
----------------------------------------
102	6	0
6->4->5->2->0
21,33,49,27,-1
6
----------------------------------------
103	3	1
3->0->1
15,24,-1
8
----------------------------------------
104	6	8
6->4->3->8
22,34,16,-1
9
----------------------------------------
105	2	4
2->0->3->4
28,25,17,-1
9
----------------------------------------
106	9	10
9->10
32,-1
1
----------------------------------------
107	4	6
4->6
36,-1
2
----------------------------------------
108	4	7
4->6->7
37,24,-1
5
----------------------------------------
109	7	2
7->1->0->2
29,18,26,-1
8
----------------------------------------
110	10	0
10->9->12->5->2->0
28,33,35,50,30,-1
8
----------------------------------------
111	9	5
9->10->13->5
34,29,10,-1
7
----------------------------------------
112	2	8
2->0->3->8
31,28,18,-1
10
----------------------------------------
113	3	2
3->0->2
19,29,-1
6
----------------------------------------
114	10	8
10->9->8
30,35,-1
3
----------------------------------------
115	3	13
3->8->9->10->13
20,14,36,31,-1
11
----------------------------------------
116	3	1
3->0->1
21,30,-1
8
----------------------------------------
117	5	13
5->13
52,-1
2
----------------------------------------
118	9	11
9->10->11
37,32,-1
3
----------------------------------------
119	0	6
0->1->7->6
31,20,30,-1
10
----------------------------------------
120	10	3
10->9->8->3
33,38,15,-1
7
----------------------------------------
121	9	6
9->10->7->6
39,34,31,-1
8
----------------------------------------
122	5	11
5->12->11
53,36,-1
6
----------------------------------------
123	7	1
7->1
32,-1
4
----------------------------------------
124	3	0
3->0
23,-1
5
----------------------------------------
125	10	9
10->9
35,-1
1
----------------------------------------
126	11	13
11->10->13
11,36,-1
6
----------------------------------------
127	4	6
4->6
38,-1
2
----------------------------------------
128	12	5
12->9->10->13->5
37,41,37,14,-1
10
----------------------------------------
129	12	4
12->9->8->3->4
38,42,16,24,-1
12
----------------------------------------
130	12	0
12->9->8->3->0
39,43,17,25,-1
14
----------------------------------------
131	6	7
6->7
28,-1
3
----------------------------------------
132	0	4
0->3->4
34,26,-1
8
----------------------------------------
133	11	9
11->10->9
12,38,-1
3
----------------------------------------
134	0	7
0->1->7
35,22,-1
7
----------------------------------------
135	6	2
6->7->1->0->2
29,35,23,36,-1
11
----------------------------------------
136	0	12
0->3->8->9->12
37,27,18,45,-1
14
----------------------------------------
137	1	3
1->0->3
24,38,-1
8
----------------------------------------
138	8	11
8->11
19,-1
5
----------------------------------------
139	6	4
6->4
30,-1
2
----------------------------------------
140	10	11
10->11
39,-1
2
----------------------------------------
141	7	2
7->1->0->2
36,25,39,-1
8
----------------------------------------
142	7	9
7->6->4->5->12->9
37,31,42,55,41,-1
12
----------------------------------------
143	3	2
3->0->2
29,40,-1
6
----------------------------------------
144	2	6
2->0->1->7->6
36,41,26,38,-1
11
----------------------------------------
145	8	11
8->11
20,-1
5
----------------------------------------
146	3	4
3->4
30,-1
3
----------------------------------------
147	7	3
7->6->4->3
39,33,44,-1
8
----------------------------------------
148	13	12
13->5->12
15,56,-1
4
----------------------------------------
149	13	11
13->10->11
16,40,-1
6
----------------------------------------
150	8	11
8->11
21,-1
5
----------------------------------------
151	12	9
12->9
43,-1
3
----------------------------------------
152	4	3
4->3
45,-1
3
----------------------------------------
153	0	2
0->2
42,-1
1
----------------------------------------
154	3	0
3->0
33,-1
5
----------------------------------------
155	2	6
2->0->1->7->6
38,44,27,40,-1
11
----------------------------------------
156	1	3
1->0->3
28,45,-1
8
----------------------------------------
157	10	11
10->11
41,-1
2
----------------------------------------
158	10	8
10->11->8
42,19,-1
7
----------------------------------------
159	1	2
1->2
29,-1
5
----------------------------------------
