Node 0 Forwarding Table:
-1	-1	2	0	
----------------------------------------
-1	-1	3	1	
----------------------------------------
3	2	1	2	
----------------------------------------
2	3	-1	-1	
----------------------------------------
-1	-1	2	4	
----------------------------------------
1	5	-1	-1	
----------------------------------------
1	6	-1	-1	
----------------------------------------
3	7	1	7	
----------------------------------------
-1	-1	2	8	
----------------------------------------
-1	-1	2	9	
----------------------------------------
-1	-1	3	10	
----------------------------------------
3	11	1	11	
----------------------------------------
-1	-1	1	12	
----------------------------------------
-1	-1	3	13	
----------------------------------------
3	14	1	14	
----------------------------------------
-1	-1	1	15	
----------------------------------------
3	16	-1	-1	
----------------------------------------
1	17	3	17	
----------------------------------------
-1	-1	2	18	
----------------------------------------
-1	-1	1	19	
----------------------------------------
3	20	2	20	
----------------------------------------
-1	-1	2	21	
----------------------------------------
2	22	3	22	
----------------------------------------
-1	-1	1	23	
----------------------------------------
1	24	-1	-1	
----------------------------------------
2	25	-1	-1	
----------------------------------------
3	26	1	26	
----------------------------------------
3	27	2	27	
----------------------------------------
3	28	2	28	
----------------------------------------
3	29	1	29	
----------------------------------------
3	30	2	30	
----------------------------------------
-1	-1	1	31	
----------------------------------------
3	32	-1	-1	
----------------------------------------
-1	-1	2	33	
----------------------------------------
-1	-1	1	34	
----------------------------------------
1	35	3	35	
----------------------------------------
3	36	1	36	
----------------------------------------
3	37	2	37	
----------------------------------------
1	38	3	38	
----------------------------------------
-1	-1	1	39	
----------------------------------------
3	40	-1	-1	
----------------------------------------
1	41	3	41	
----------------------------------------

****************************************
Node 1 Forwarding Table:
0	0	-1	-1	
----------------------------------------
7	1	0	1	
----------------------------------------
7	2	0	2	
----------------------------------------
0	3	-1	-1	
----------------------------------------
7	4	-1	-1	
----------------------------------------
7	5	-1	-1	
----------------------------------------
0	6	7	6	
----------------------------------------
0	7	7	7	
----------------------------------------
2	8	7	8	
----------------------------------------
0	9	-1	-1	
----------------------------------------
-1	-1	7	10	
----------------------------------------
7	11	2	11	
----------------------------------------
0	12	7	12	
----------------------------------------
-1	-1	7	13	
----------------------------------------
7	14	0	14	
----------------------------------------
7	15	-1	-1	
----------------------------------------
2	16	-1	-1	
----------------------------------------
0	17	-1	-1	
----------------------------------------
2	18	7	18	
----------------------------------------
2	19	-1	-1	
----------------------------------------
0	20	7	20	
----------------------------------------
2	21	-1	-1	
----------------------------------------
7	22	0	22	
----------------------------------------
0	23	-1	-1	
----------------------------------------
2	24	7	24	
----------------------------------------
7	25	2	25	
----------------------------------------
0	26	-1	-1	
----------------------------------------
0	27	7	27	
----------------------------------------
7	28	-1	-1	
----------------------------------------
0	29	7	29	
----------------------------------------
7	30	2	30	
----------------------------------------
-1	-1	0	31	
----------------------------------------
0	32	7	32	
----------------------------------------
7	33	2	33	
----------------------------------------
7	34	0	34	
----------------------------------------
0	35	2	35	
----------------------------------------
-1	-1	0	36	
----------------------------------------
-1	-1	2	37	
----------------------------------------

****************************************
Node 2 Forwarding Table:
0	0	-1	-1	
----------------------------------------
-1	-1	5	1	
----------------------------------------
5	2	-1	-1	
----------------------------------------
5	3	0	3	
----------------------------------------
0	4	5	4	
----------------------------------------
-1	-1	5	5	
----------------------------------------
0	6	-1	-1	
----------------------------------------
5	7	-1	-1	
----------------------------------------
-1	-1	5	8	
----------------------------------------
0	9	5	9	
----------------------------------------
-1	-1	1	10	
----------------------------------------
-1	-1	5	11	
----------------------------------------
-1	-1	5	12	
----------------------------------------
1	13	-1	-1	
----------------------------------------
-1	-1	5	14	
----------------------------------------
5	15	1	15	
----------------------------------------
0	16	5	16	
----------------------------------------
0	17	5	17	
----------------------------------------
5	18	1	18	
----------------------------------------
0	19	5	19	
----------------------------------------
5	20	1	20	
----------------------------------------
-1	-1	0	21	
----------------------------------------
5	22	-1	-1	
----------------------------------------
5	23	1	23	
----------------------------------------
5	24	0	24	
----------------------------------------
5	25	1	25	
----------------------------------------
1	26	-1	-1	
----------------------------------------
0	27	-1	-1	
----------------------------------------
0	28	-1	-1	
----------------------------------------
0	29	-1	-1	
----------------------------------------
0	30	5	30	
----------------------------------------
1	31	-1	-1	
----------------------------------------
1	32	-1	-1	
----------------------------------------
0	33	-1	-1	
----------------------------------------
1	34	-1	-1	
----------------------------------------
1	35	-1	-1	
----------------------------------------

****************************************
Node 3 Forwarding Table:
-1	-1	4	0	
----------------------------------------
0	1	8	1	
----------------------------------------
-1	-1	8	2	
----------------------------------------
-1	-1	0	3	
----------------------------------------
8	4	-1	-1	
----------------------------------------
-1	-1	8	5	
----------------------------------------
4	6	-1	-1	
----------------------------------------
4	7	-1	-1	
----------------------------------------
-1	-1	0	8	
----------------------------------------
4	9	8	9	
----------------------------------------
4	10	8	10	
----------------------------------------
8	11	4	11	
----------------------------------------
0	12	4	12	
----------------------------------------
-1	-1	0	13	
----------------------------------------
0	14	4	14	
----------------------------------------
8	15	0	15	
----------------------------------------
-1	-1	4	16	
----------------------------------------
4	17	-1	-1	
----------------------------------------
8	18	0	18	
----------------------------------------
-1	-1	4	19	
----------------------------------------
-1	-1	8	20	
----------------------------------------
0	21	8	21	
----------------------------------------
-1	-1	0	22	
----------------------------------------
0	23	8	23	
----------------------------------------
-1	-1	0	24	
----------------------------------------
-1	-1	0	25	
----------------------------------------
8	26	0	26	
----------------------------------------
-1	-1	0	27	
----------------------------------------
8	28	0	28	
----------------------------------------
-1	-1	0	29	
----------------------------------------
0	30	-1	-1	
----------------------------------------
8	31	0	31	
----------------------------------------
-1	-1	0	32	
----------------------------------------
0	33	-1	-1	
----------------------------------------
4	34	-1	-1	
----------------------------------------
-1	-1	0	35	
----------------------------------------
0	36	-1	-1	
----------------------------------------

****************************************
Node 4 Forwarding Table:
3	0	-1	-1	
----------------------------------------
5	1	6	1	
----------------------------------------
6	2	-1	-1	
----------------------------------------
5	3	-1	-1	
----------------------------------------
-1	-1	5	4	
----------------------------------------
6	5	-1	-1	
----------------------------------------
6	6	3	6	
----------------------------------------
5	7	6	7	
----------------------------------------
5	8	6	8	
----------------------------------------
5	9	3	9	
----------------------------------------
-1	-1	3	10	
----------------------------------------
6	11	5	11	
----------------------------------------
5	12	-1	-1	
----------------------------------------
-1	-1	6	13	
----------------------------------------
5	14	3	14	
----------------------------------------
3	15	-1	-1	
----------------------------------------
3	16	6	16	
----------------------------------------
-1	-1	6	17	
----------------------------------------
3	18	6	18	
----------------------------------------
6	19	-1	-1	
----------------------------------------
3	20	5	20	
----------------------------------------
5	21	3	21	
----------------------------------------
3	22	5	22	
----------------------------------------
5	23	-1	-1	
----------------------------------------
-1	-1	5	24	
----------------------------------------
5	25	-1	-1	
----------------------------------------
-1	-1	5	26	
----------------------------------------
6	27	5	27	
----------------------------------------
6	28	-1	-1	
----------------------------------------
-1	-1	5	29	
----------------------------------------
6	30	5	30	
----------------------------------------
-1	-1	6	31	
----------------------------------------
-1	-1	6	32	
----------------------------------------
-1	-1	6	33	
----------------------------------------
5	34	-1	-1	
----------------------------------------
6	35	-1	-1	
----------------------------------------
6	36	-1	-1	
----------------------------------------
-1	-1	5	37	
----------------------------------------
-1	-1	3	38	
----------------------------------------

****************************************
Node 5 Forwarding Table:
12	0	-1	-1	
----------------------------------------
12	1	4	1	
----------------------------------------
-1	-1	12	2	
----------------------------------------
12	3	-1	-1	
----------------------------------------
2	4	4	4	
----------------------------------------
4	5	2	5	
----------------------------------------
13	6	2	6	
----------------------------------------
2	7	13	7	
----------------------------------------
-1	-1	12	8	
----------------------------------------
12	9	-1	-1	
----------------------------------------
12	10	-1	-1	
----------------------------------------
2	11	4	11	
----------------------------------------
12	12	4	12	
----------------------------------------
13	13	4	13	
----------------------------------------
4	14	-1	-1	
----------------------------------------
13	15	4	15	
----------------------------------------
-1	-1	4	16	
----------------------------------------
12	17	2	17	
----------------------------------------
2	18	12	18	
----------------------------------------
2	19	12	19	
----------------------------------------
-1	-1	12	20	
----------------------------------------
2	21	-1	-1	
----------------------------------------
2	22	-1	-1	
----------------------------------------
4	23	-1	-1	
----------------------------------------
-1	-1	4	24	
----------------------------------------
4	25	12	25	
----------------------------------------
2	26	12	26	
----------------------------------------
-1	-1	2	27	
----------------------------------------
2	28	4	28	
----------------------------------------
4	29	12	29	
----------------------------------------
2	30	4	30	
----------------------------------------
13	31	2	31	
----------------------------------------
2	32	13	32	
----------------------------------------
-1	-1	2	33	
----------------------------------------
4	34	12	34	
----------------------------------------
4	35	12	35	
----------------------------------------
13	36	2	36	
----------------------------------------
4	37	12	37	
----------------------------------------
-1	-1	2	38	
----------------------------------------
-1	-1	2	39	
----------------------------------------
4	40	-1	-1	
----------------------------------------
-1	-1	2	41	
----------------------------------------
12	42	-1	-1	
----------------------------------------
-1	-1	13	43	
----------------------------------------
-1	-1	13	44	
----------------------------------------
12	45	-1	-1	
----------------------------------------
2	46	4	46	
----------------------------------------
13	47	12	47	
----------------------------------------
-1	-1	13	48	
----------------------------------------
4	49	13	49	
----------------------------------------

****************************************
Node 6 Forwarding Table:
-1	-1	7	0	
----------------------------------------
4	1	-1	-1	
----------------------------------------
-1	-1	4	2	
----------------------------------------
-1	-1	4	3	
----------------------------------------
-1	-1	4	4	
----------------------------------------
4	5	-1	-1	
----------------------------------------
4	6	-1	-1	
----------------------------------------
-1	-1	7	7	
----------------------------------------
7	8	-1	-1	
----------------------------------------
-1	-1	4	9	
----------------------------------------
4	10	7	10	
----------------------------------------
-1	-1	7	11	
----------------------------------------
4	12	-1	-1	
----------------------------------------
4	13	7	13	
----------------------------------------
7	14	-1	-1	
----------------------------------------
4	15	-1	-1	
----------------------------------------
7	16	4	16	
----------------------------------------
-1	-1	4	17	
----------------------------------------
7	18	4	18	
----------------------------------------
-1	-1	7	19	
----------------------------------------
-1	-1	4	20	
----------------------------------------
7	21	-1	-1	
----------------------------------------
4	22	-1	-1	
----------------------------------------
4	23	7	23	
----------------------------------------
7	24	-1	-1	
----------------------------------------
7	25	-1	-1	
----------------------------------------
4	26	-1	-1	
----------------------------------------
-1	-1	7	27	
----------------------------------------
-1	-1	7	28	
----------------------------------------
7	29	4	29	
----------------------------------------
-1	-1	4	30	
----------------------------------------

****************************************
Node 7 Forwarding Table:
6	0	-1	-1	
----------------------------------------
-1	-1	10	1	
----------------------------------------
6	2	1	2	
----------------------------------------
-1	-1	1	3	
----------------------------------------
-1	-1	1	4	
----------------------------------------
10	5	6	5	
----------------------------------------
6	6	-1	-1	
----------------------------------------
10	7	1	7	
----------------------------------------
6	8	10	8	
----------------------------------------
1	9	10	9	
----------------------------------------
6	10	-1	-1	
----------------------------------------
10	11	-1	-1	
----------------------------------------
-1	-1	6	12	
----------------------------------------
1	13	-1	-1	
----------------------------------------
1	14	10	14	
----------------------------------------
-1	-1	6	15	
----------------------------------------
1	16	10	16	
----------------------------------------
-1	-1	10	17	
----------------------------------------
10	18	1	18	
----------------------------------------
1	19	-1	-1	
----------------------------------------
1	20	-1	-1	
----------------------------------------
10	21	-1	-1	
----------------------------------------
-1	-1	1	22	
----------------------------------------
-1	-1	1	23	
----------------------------------------
10	24	-1	-1	
----------------------------------------
1	25	-1	-1	
----------------------------------------
1	26	10	26	
----------------------------------------
-1	-1	6	27	
----------------------------------------
6	28	1	28	
----------------------------------------
1	29	6	29	
----------------------------------------
6	30	-1	-1	
----------------------------------------
-1	-1	1	31	
----------------------------------------
1	32	6	32	
----------------------------------------
10	33	6	33	
----------------------------------------
-1	-1	1	34	
----------------------------------------
6	35	-1	-1	
----------------------------------------
1	36	-1	-1	
----------------------------------------
6	37	1	37	
----------------------------------------
10	38	6	38	
----------------------------------------
1	39	-1	-1	
----------------------------------------
-1	-1	1	40	
----------------------------------------
-1	-1	1	41	
----------------------------------------

****************************************
Node 8 Forwarding Table:
-1	-1	9	0	
----------------------------------------
3	1	-1	-1	
----------------------------------------
3	2	9	2	
----------------------------------------
9	3	3	3	
----------------------------------------
-1	-1	9	4	
----------------------------------------
3	5	-1	-1	
----------------------------------------
3	6	9	6	
----------------------------------------
3	7	-1	-1	
----------------------------------------
11	8	9	8	
----------------------------------------
9	9	3	9	
----------------------------------------
-1	-1	9	10	
----------------------------------------
-1	-1	3	11	
----------------------------------------
9	12	-1	-1	
----------------------------------------
9	13	3	13	
----------------------------------------
3	14	9	14	
----------------------------------------
3	15	11	15	
----------------------------------------
3	16	11	16	
----------------------------------------
9	17	-1	-1	
----------------------------------------
11	18	3	18	
----------------------------------------
9	19	11	19	
----------------------------------------
11	20	3	20	
----------------------------------------
11	21	3	21	
----------------------------------------
-1	-1	11	22	
----------------------------------------
-1	-1	11	23	
----------------------------------------
-1	-1	11	24	
----------------------------------------
11	25	-1	-1	
----------------------------------------

****************************************
Node 9 Forwarding Table:
8	0	-1	-1	
----------------------------------------
10	1	-1	-1	
----------------------------------------
8	2	-1	-1	
----------------------------------------
-1	-1	8	3	
----------------------------------------
8	4	12	4	
----------------------------------------
-1	-1	12	5	
----------------------------------------
-1	-1	12	6	
----------------------------------------
10	7	12	7	
----------------------------------------
8	8	-1	-1	
----------------------------------------
8	9	-1	-1	
----------------------------------------
-1	-1	10	10	
----------------------------------------
-1	-1	8	11	
----------------------------------------
12	12	-1	-1	
----------------------------------------
8	13	12	13	
----------------------------------------
12	14	-1	-1	
----------------------------------------
12	15	10	15	
----------------------------------------
10	16	12	16	
----------------------------------------
10	17	8	17	
----------------------------------------
-1	-1	8	18	
----------------------------------------
12	19	10	19	
----------------------------------------
8	20	10	20	
----------------------------------------
-1	-1	10	21	
----------------------------------------
12	22	-1	-1	
----------------------------------------
10	23	12	23	
----------------------------------------
-1	-1	10	24	
----------------------------------------
-1	-1	12	25	
----------------------------------------
10	26	8	26	
----------------------------------------
-1	-1	8	27	
----------------------------------------
-1	-1	10	28	
----------------------------------------
10	29	-1	-1	
----------------------------------------
10	30	-1	-1	
----------------------------------------
10	31	-1	-1	
----------------------------------------
12	32	-1	-1	
----------------------------------------

****************************************
Node 10 Forwarding Table:
-1	-1	11	0	
----------------------------------------
7	1	9	1	
----------------------------------------
-1	-1	13	2	
----------------------------------------
-1	-1	9	3	
----------------------------------------
-1	-1	7	4	
----------------------------------------
-1	-1	13	5	
----------------------------------------
9	6	7	6	
----------------------------------------
7	7	-1	-1	
----------------------------------------
13	8	-1	-1	
----------------------------------------
7	9	-1	-1	
----------------------------------------
9	10	7	10	
----------------------------------------
7	11	-1	-1	
----------------------------------------
7	12	11	12	
----------------------------------------
7	13	9	13	
----------------------------------------
13	14	9	14	
----------------------------------------
-1	-1	7	15	
----------------------------------------
9	16	7	16	
----------------------------------------
9	17	13	17	
----------------------------------------
9	18	7	18	
----------------------------------------
-1	-1	13	19	
----------------------------------------
7	20	11	20	
----------------------------------------
-1	-1	9	21	
----------------------------------------
9	22	-1	-1	
----------------------------------------
-1	-1	9	23	
----------------------------------------
9	24	7	24	
----------------------------------------
13	25	11	25	
----------------------------------------
-1	-1	9	26	
----------------------------------------
11	27	13	27	
----------------------------------------
11	28	9	28	
----------------------------------------
13	29	7	29	
----------------------------------------
-1	-1	11	30	
----------------------------------------
13	31	11	31	
----------------------------------------
13	32	9	32	
----------------------------------------
13	33	-1	-1	
----------------------------------------
-1	-1	11	34	
----------------------------------------
-1	-1	11	35	
----------------------------------------

****************************************
Node 11 Forwarding Table:
10	0	-1	-1	
----------------------------------------
12	1	-1	-1	
----------------------------------------
-1	-1	8	2	
----------------------------------------
-1	-1	12	3	
----------------------------------------
10	4	-1	-1	
----------------------------------------
8	5	-1	-1	
----------------------------------------
8	6	-1	-1	
----------------------------------------
12	7	-1	-1	
----------------------------------------
10	8	-1	-1	
----------------------------------------
-1	-1	8	9	
----------------------------------------
8	10	-1	-1	
----------------------------------------
-1	-1	8	11	
----------------------------------------
10	12	-1	-1	
----------------------------------------
-1	-1	10	13	
----------------------------------------
-1	-1	10	14	
----------------------------------------
-1	-1	8	15	
----------------------------------------
8	16	-1	-1	
----------------------------------------
10	17	-1	-1	
----------------------------------------
8	18	-1	-1	
----------------------------------------
10	19	-1	-1	
----------------------------------------
8	20	-1	-1	
----------------------------------------
10	21	-1	-1	
----------------------------------------
10	22	8	22	
----------------------------------------

****************************************
Node 12 Forwarding Table:
-1	-1	5	0	
----------------------------------------
-1	-1	5	1	
----------------------------------------
5	2	11	2	
----------------------------------------
-1	-1	5	3	
----------------------------------------
9	4	-1	-1	
----------------------------------------
5	5	-1	-1	
----------------------------------------
9	6	5	6	
----------------------------------------
9	7	5	7	
----------------------------------------
-1	-1	5	8	
----------------------------------------
9	9	-1	-1	
----------------------------------------
11	10	5	10	
----------------------------------------
5	11	9	11	
----------------------------------------
5	12	-1	-1	
----------------------------------------
9	13	-1	-1	
----------------------------------------
5	14	9	14	
----------------------------------------
-1	-1	9	15	
----------------------------------------
9	16	-1	-1	
----------------------------------------
5	17	-1	-1	
----------------------------------------
5	18	-1	-1	
----------------------------------------
-1	-1	9	19	
----------------------------------------
5	20	9	20	
----------------------------------------
5	21	11	21	
----------------------------------------
5	22	-1	-1	
----------------------------------------
9	23	-1	-1	
----------------------------------------
5	24	-1	-1	
----------------------------------------
9	25	5	25	
----------------------------------------
-1	-1	5	26	
----------------------------------------
5	27	-1	-1	
----------------------------------------
-1	-1	9	28	
----------------------------------------

****************************************
Node 13 Forwarding Table:
-1	-1	5	0	
----------------------------------------
5	1	-1	-1	
----------------------------------------
-1	-1	5	2	
----------------------------------------
10	3	-1	-1	
----------------------------------------
10	4	5	4	
----------------------------------------
-1	-1	10	5	
----------------------------------------
-1	-1	10	6	
----------------------------------------
10	7	-1	-1	
----------------------------------------
10	8	5	8	
----------------------------------------
5	9	-1	-1	
----------------------------------------
-1	-1	5	10	
----------------------------------------
5	11	-1	-1	
----------------------------------------
5	12	10	12	
----------------------------------------
10	13	-1	-1	
----------------------------------------
-1	-1	10	14	
----------------------------------------
-1	-1	5	15	
----------------------------------------
-1	-1	10	16	
----------------------------------------
5	17	10	17	
----------------------------------------
5	18	10	18	
----------------------------------------

****************************************
