0	8	9
8->9
0,-1
1
----------------------------------------
1	6	7
6->7
0,-1
1
----------------------------------------
2	3	4
3->4
0,-1
1
----------------------------------------
3	12	5
12->5
0,-1
1
----------------------------------------
4	12	6
12->5->4->6
1,1,1,-1
3
----------------------------------------
5	0	2
0->2
0,-1
1
----------------------------------------
6	10	11
10->11
0,-1
1
----------------------------------------
7	0	8
0->3->8
1,1,-1
2
----------------------------------------
8	7	9
7->10->9
1,1,-1
2
----------------------------------------
9	3	9
3->8->9
2,2,-1
2
----------------------------------------
10	5	11
5->12->11
2,2,-1
2
----------------------------------------
11	3	1
3->0->1
3,2,-1
2
----------------------------------------
12	12	5
12->5
3,-1
1
----------------------------------------
13	6	4
6->4
2,-1
1
----------------------------------------
14	9	3
9->8->3
3,3,-1
2
----------------------------------------
15	2	4
2->5->4
1,4,-1
2
----------------------------------------
16	4	2
4->5->2
4,5,-1
2
----------------------------------------
17	6	4
6->4
3,-1
1
----------------------------------------
18	13	0
13->5->2->0
0,6,3,-1
3
----------------------------------------
19	0	13
0->2->5->13
4,4,7,-1
3
----------------------------------------
20	8	12
8->9->12
4,4,-1
2
----------------------------------------
21	3	8
3->8
5,-1
1
----------------------------------------
22	5	12
5->12
8,-1
1
----------------------------------------
23	6	3
6->4->3
4,6,-1
2
----------------------------------------
24	9	5
9->12->5
5,6,-1
2
----------------------------------------
25	9	5
9->12->5
6,7,-1
2
----------------------------------------
26	2	6
2->5->4->6
5,11,7,-1
3
----------------------------------------
27	12	6
12->5->4->6
8,12,8,-1
3
----------------------------------------
28	6	0
6->7->1->0
7,2,1,-1
3
----------------------------------------
29	13	3
13->5->4->3
2,13,9,-1
3
----------------------------------------
30	7	0
7->1->0
3,2,-1
2
----------------------------------------
31	3	1
3->0->1
8,7,-1
2
----------------------------------------
32	10	13
10->13
2,-1
1
----------------------------------------
33	10	12
10->9->12
3,7,-1
2
----------------------------------------
34	4	9
4->3->8->9
10,9,6,-1
3
----------------------------------------
35	7	1
7->1
4,-1
1
----------------------------------------
36	10	6
10->7->6
4,5,-1
2
----------------------------------------
37	0	2
0->2
8,-1
1
----------------------------------------
38	6	5
6->4->5
9,11,-1
2
----------------------------------------
39	10	4
10->13->5->4
5,4,15,-1
3
----------------------------------------
40	4	7
4->6->7
13,10,-1
2
----------------------------------------
41	5	8
5->4->3->8
16,14,10,-1
3
----------------------------------------
42	11	9
11->8->9
2,8,-1
2
----------------------------------------
43	9	1
9->10->7->1
10,6,7,-1
3
----------------------------------------
44	9	4
9->8->3->4
11,9,11,-1
3
----------------------------------------
45	11	2
11->12->5->2
3,10,17,-1
3
----------------------------------------
46	2	9
2->5->12->9
8,18,11,-1
3
----------------------------------------
47	6	10
6->7->10
11,8,-1
2
----------------------------------------
48	13	10
13->10
5,-1
1
----------------------------------------
49	0	12
0->2->5->12
9,9,19,-1
3
----------------------------------------
50	0	6
0->3->4->6
10,12,16,-1
3
----------------------------------------
51	8	12
8->9->12
10,13,-1
2
----------------------------------------
52	3	10
3->8->9->10
13,11,14,-1
3
----------------------------------------
53	4	7
4->6->7
17,13,-1
2
----------------------------------------
54	5	9
5->12->9
20,14,-1
2
----------------------------------------
55	12	7
12->9->10->7
15,16,10,-1
3
----------------------------------------
56	7	6
7->6
11,-1
1
----------------------------------------
57	0	7
0->1->7
11,6,-1
2
----------------------------------------
58	0	6
0->3->4->6
12,14,18,-1
3
----------------------------------------
59	2	10
2->1->7->10
10,7,13,-1
3
----------------------------------------
60	2	5
2->5
11,-1
1
----------------------------------------
61	8	1
8->3->0->1
12,15,13,-1
3
----------------------------------------
62	7	4
7->6->4
14,16,-1
2
----------------------------------------
63	2	5
2->5
12,-1
1
----------------------------------------
64	1	11
1->7->10->11
9,15,12,-1
3
----------------------------------------
65	3	5
3->4->5
16,20,-1
2
----------------------------------------
66	7	12
7->10->9->12
16,13,17,-1
3
----------------------------------------
67	13	8
13->10->9->8
6,14,18,-1
3
----------------------------------------
68	5	3
5->4->3
24,21,-1
2
----------------------------------------
69	10	2
10->7->1->2
15,17,10,-1
3
----------------------------------------
70	0	7
0->1->7
14,11,-1
2
----------------------------------------
71	9	0
9->8->3->0
19,14,18,-1
3
----------------------------------------
72	1	7
1->7
12,-1
1
----------------------------------------
73	3	12
3->4->5->12
19,22,25,-1
3
----------------------------------------
74	2	12
2->5->12
14,26,-1
2
----------------------------------------
75	12	7
12->9->10->7
19,20,16,-1
3
----------------------------------------
76	3	13
3->4->5->13
20,23,27,-1
3
----------------------------------------
77	7	11
7->10->11
21,17,-1
2
----------------------------------------
78	7	1
7->1
22,-1
1
----------------------------------------
79	5	1
5->2->1
28,15,-1
2
----------------------------------------
80	0	4
0->3->4
16,21,-1
2
----------------------------------------
81	0	1
0->1
17,-1
1
----------------------------------------
82	9	7
9->10->7
21,18,-1
2
----------------------------------------
83	4	9
4->3->8->9
25,22,15,-1
3
----------------------------------------
84	1	9
1->7->10->9
16,24,19,-1
3
----------------------------------------
85	3	4
3->4
23,-1
1
----------------------------------------
86	10	7
10->7
20,-1
1
----------------------------------------
87	0	13
0->2->5->13
18,16,29,-1
3
----------------------------------------
88	5	1
5->2->1
30,17,-1
2
----------------------------------------
89	12	4
12->5->4
20,31,-1
2
----------------------------------------
90	2	11
2->5->12->11
18,32,21,-1
3
----------------------------------------
91	9	4
9->12->5->4
24,22,33,-1
3
----------------------------------------
92	4	11
4->3->8->11
29,24,16,-1
3
----------------------------------------
93	6	12
6->4->5->12
17,30,34,-1
3
----------------------------------------
94	13	2
13->5->2
9,35,-1
2
----------------------------------------
95	0	11
0->3->8->11
19,25,17,-1
3
----------------------------------------
96	10	12
10->9->12
21,25,-1
2
----------------------------------------
97	7	4
7->6->4
26,18,-1
2
----------------------------------------
98	4	12
4->5->12
32,36,-1
2
----------------------------------------
99	5	1
5->2->1
37,20,-1
2
----------------------------------------
100	12	6
12->5->4->6
26,38,33,-1
3
----------------------------------------
101	6	0
6->7->1->0
20,27,19,-1
3
----------------------------------------
102	1	10
1->2->5->13->10
20,21,39,10,-1
4
----------------------------------------
103	5	0
5->2->0
40,22,-1
2
----------------------------------------
104	6	5
6->4->5
21,34,-1
2
----------------------------------------
105	3	1
3->0->1
26,22,-1
2
----------------------------------------
106	6	8
6->4->3->8
22,35,27,-1
3
----------------------------------------
107	2	4
2->5->4
23,42,-1
2
----------------------------------------
108	5	6
5->2->1->7->6
43,24,22,28,-1
4
----------------------------------------
109	9	10
9->10
26,-1
1
----------------------------------------
110	1	10
1->2->5->13->10
23,25,44,11,-1
4
----------------------------------------
111	4	6
4->6
37,-1
1
----------------------------------------
112	4	7
4->6->7
38,25,-1
2
----------------------------------------
113	7	2
7->1->2
30,24,-1
2
----------------------------------------
114	10	0
10->7->1->0
25,31,25,-1
3
----------------------------------------
115	9	5
9->12->5
27,27,-1
2
----------------------------------------
116	3	2
3->0->2
28,24,-1
2
----------------------------------------
117	10	8
10->9->8
26,28,-1
2
----------------------------------------
118	11	2
11->12->5->2
9,28,46,-1
3
----------------------------------------
119	3	1
3->0->1
29,25,-1
2
----------------------------------------
120	0	11
0->3->8->11
26,30,20,-1
3
----------------------------------------
121	5	13
5->13
47,-1
1
----------------------------------------
122	9	11
9->8->11
29,21,-1
2
----------------------------------------
123	11	2
11->12->5->2
12,29,48,-1
3
----------------------------------------
124	0	6
0->3->4->6
27,31,39,-1
3
----------------------------------------
125	10	3
10->9->8->3
27,30,22,-1
3
----------------------------------------
126	4	10
4->5->13->10
40,49,13,-1
3
----------------------------------------
127	9	6
9->10->7->6
31,29,32,-1
3
----------------------------------------
128	5	11
5->12->11
50,30,-1
2
----------------------------------------
129	7	1
7->1
33,-1
1
----------------------------------------
130	3	0
3->0
33,-1
1
----------------------------------------
131	10	9
10->9
30,-1
1
----------------------------------------
132	11	13
11->10->13
14,31,-1
2
----------------------------------------
133	4	6
4->6
41,-1
1
----------------------------------------
134	12	5
12->9->10->13->5
31,33,32,15,-1
4
----------------------------------------
135	7	13
7->1->2->5->13
34,28,30,52,-1
4
----------------------------------------
136	6	7
6->7
29,-1
1
----------------------------------------
137	11	9
11->10->9
15,33,-1
2
----------------------------------------
138	0	7
0->1->7
29,29,-1
2
----------------------------------------
139	6	5
6->4->5
30,42,-1
2
----------------------------------------
140	6	2
6->7->1->2
31,37,30,-1
3
----------------------------------------
141	1	3
1->0->3
31,30,-1
2
----------------------------------------
142	13	4
13->5->4
17,54,-1
2
----------------------------------------
143	11	7
11->8->3->0->1->7
16,23,35,31,32,-1
5
----------------------------------------
144	8	11
8->11
24,-1
1
----------------------------------------
145	6	4
6->4
32,-1
1
----------------------------------------
146	10	11
10->11
34,-1
1
----------------------------------------
147	7	2
7->1->2
39,33,-1
2
----------------------------------------
148	3	6
3->0->1->7->6
36,32,34,40,-1
4
----------------------------------------
149	7	9
7->10->9
41,35,-1
2
----------------------------------------
150	3	2
3->0->2
37,33,-1
2
----------------------------------------
151	4	12
4->5->12
45,55,-1
2
----------------------------------------
152	2	6
2->1->7->6
34,35,42,-1
3
----------------------------------------
153	8	11
8->11
25,-1
1
----------------------------------------
154	7	3
7->1->0->3
43,36,34,-1
3
----------------------------------------
155	13	12
13->5->12
18,56,-1
2
----------------------------------------
156	13	11
13->10->11
19,36,-1
2
----------------------------------------
157	5	9
5->12->9
57,34,-1
2
----------------------------------------
158	8	11
8->11
26,-1
1
----------------------------------------
159	12	9
12->9
35,-1
1
----------------------------------------
160	4	3
4->3
46,-1
1
----------------------------------------
161	0	2
0->2
35,-1
1
----------------------------------------
162	3	0
3->0
40,-1
1
----------------------------------------
163	2	6
2->1->7->6
36,37,44,-1
3
----------------------------------------
164	1	3
1->0->3
38,37,-1
2
----------------------------------------
165	10	11
10->11
37,-1
1
----------------------------------------
166	10	8
10->9->8
38,38,-1
2
----------------------------------------
167	1	2
1->2
39,-1
1
----------------------------------------
