Node 0 Forwarding Table:
-1	-1	2	0	
----------------------------------------
-1	-1	3	1	
----------------------------------------
3	2	1	2	
----------------------------------------
2	3	-1	-1	
----------------------------------------
-1	-1	2	4	
----------------------------------------
1	5	-1	-1	
----------------------------------------
1	6	-1	-1	
----------------------------------------
3	7	1	7	
----------------------------------------
-1	-1	2	8	
----------------------------------------
-1	-1	2	9	
----------------------------------------
-1	-1	3	10	
----------------------------------------
-1	-1	1	11	
----------------------------------------
-1	-1	3	12	
----------------------------------------
3	13	1	13	
----------------------------------------
-1	-1	1	14	
----------------------------------------
3	15	-1	-1	
----------------------------------------
-1	-1	3	16	
----------------------------------------
-1	-1	1	17	
----------------------------------------
-1	-1	2	18	
----------------------------------------
-1	-1	3	19	
----------------------------------------
1	20	-1	-1	
----------------------------------------
2	21	-1	-1	
----------------------------------------
3	22	1	22	
----------------------------------------
1	23	-1	-1	
----------------------------------------
3	24	2	24	
----------------------------------------
3	25	1	25	
----------------------------------------
-1	-1	3	26	
----------------------------------------
-1	-1	3	27	
----------------------------------------
3	28	-1	-1	
----------------------------------------
-1	-1	1	29	
----------------------------------------
1	30	3	30	
----------------------------------------
3	31	1	31	
----------------------------------------
3	32	1	32	
----------------------------------------
3	33	2	33	
----------------------------------------
1	34	3	34	
----------------------------------------
-1	-1	2	35	
----------------------------------------
3	36	-1	-1	
----------------------------------------
1	37	3	37	
----------------------------------------

****************************************
Node 1 Forwarding Table:
0	0	-1	-1	
----------------------------------------
7	1	0	1	
----------------------------------------
7	2	0	2	
----------------------------------------
0	3	-1	-1	
----------------------------------------
7	4	-1	-1	
----------------------------------------
7	5	-1	-1	
----------------------------------------
0	6	7	6	
----------------------------------------
2	7	7	7	
----------------------------------------
0	8	-1	-1	
----------------------------------------
-1	-1	7	9	
----------------------------------------
7	10	2	10	
----------------------------------------
0	11	7	11	
----------------------------------------
-1	-1	7	12	
----------------------------------------
7	13	-1	-1	
----------------------------------------
2	14	-1	-1	
----------------------------------------
0	15	-1	-1	
----------------------------------------
-1	-1	7	16	
----------------------------------------
2	17	-1	-1	
----------------------------------------
2	18	-1	-1	
----------------------------------------
7	19	0	19	
----------------------------------------
-1	-1	2	20	
----------------------------------------
0	21	-1	-1	
----------------------------------------
2	22	7	22	
----------------------------------------
-1	-1	2	23	
----------------------------------------
7	24	2	24	
----------------------------------------
7	25	0	25	
----------------------------------------
0	26	-1	-1	
----------------------------------------
7	27	-1	-1	
----------------------------------------
7	28	2	28	
----------------------------------------
0	29	7	29	
----------------------------------------
7	30	2	30	
----------------------------------------
-1	-1	0	31	
----------------------------------------
0	32	7	32	
----------------------------------------
7	33	2	33	
----------------------------------------
0	34	7	34	
----------------------------------------
2	35	7	35	
----------------------------------------
7	36	0	36	
----------------------------------------
2	37	7	37	
----------------------------------------
-1	-1	0	38	
----------------------------------------
-1	-1	2	39	
----------------------------------------

****************************************
Node 2 Forwarding Table:
0	0	-1	-1	
----------------------------------------
-1	-1	5	1	
----------------------------------------
5	2	-1	-1	
----------------------------------------
5	3	0	3	
----------------------------------------
0	4	5	4	
----------------------------------------
-1	-1	5	5	
----------------------------------------
0	6	-1	-1	
----------------------------------------
5	7	-1	-1	
----------------------------------------
-1	-1	5	8	
----------------------------------------
0	9	5	9	
----------------------------------------
-1	-1	1	10	
----------------------------------------
-1	-1	5	11	
----------------------------------------
-1	-1	5	12	
----------------------------------------
1	13	-1	-1	
----------------------------------------
-1	-1	5	14	
----------------------------------------
5	15	1	15	
----------------------------------------
0	16	5	16	
----------------------------------------
5	17	1	17	
----------------------------------------
-1	-1	5	18	
----------------------------------------
5	19	-1	-1	
----------------------------------------
5	20	1	20	
----------------------------------------
1	21	5	21	
----------------------------------------
5	22	0	22	
----------------------------------------
-1	-1	5	23	
----------------------------------------
5	24	1	24	
----------------------------------------
1	25	5	25	
----------------------------------------
1	26	-1	-1	
----------------------------------------
0	27	-1	-1	
----------------------------------------
5	28	-1	-1	
----------------------------------------
5	29	-1	-1	
----------------------------------------
1	30	5	30	
----------------------------------------
1	31	-1	-1	
----------------------------------------
1	32	-1	-1	
----------------------------------------
0	33	-1	-1	
----------------------------------------
-1	-1	1	34	
----------------------------------------
0	35	-1	-1	
----------------------------------------
-1	-1	1	36	
----------------------------------------
1	37	-1	-1	
----------------------------------------

****************************************
Node 3 Forwarding Table:
-1	-1	4	0	
----------------------------------------
0	1	8	1	
----------------------------------------
-1	-1	8	2	
----------------------------------------
-1	-1	0	3	
----------------------------------------
8	4	-1	-1	
----------------------------------------
-1	-1	8	5	
----------------------------------------
4	6	-1	-1	
----------------------------------------
4	7	-1	-1	
----------------------------------------
-1	-1	0	8	
----------------------------------------
4	9	8	9	
----------------------------------------
4	10	8	10	
----------------------------------------
8	11	4	11	
----------------------------------------
0	12	4	12	
----------------------------------------
-1	-1	8	13	
----------------------------------------
0	14	4	14	
----------------------------------------
8	15	0	15	
----------------------------------------
-1	-1	4	16	
----------------------------------------
4	17	-1	-1	
----------------------------------------
8	18	0	18	
----------------------------------------
-1	-1	4	19	
----------------------------------------
-1	-1	4	20	
----------------------------------------
0	21	4	21	
----------------------------------------
4	22	8	22	
----------------------------------------
-1	-1	4	23	
----------------------------------------
4	24	8	24	
----------------------------------------
0	25	8	25	
----------------------------------------
-1	-1	0	26	
----------------------------------------
4	27	8	27	
----------------------------------------
-1	-1	0	28	
----------------------------------------
-1	-1	0	29	
----------------------------------------
0	30	8	30	
----------------------------------------
0	31	4	31	
----------------------------------------
8	32	-1	-1	
----------------------------------------
-1	-1	0	33	
----------------------------------------
0	34	-1	-1	
----------------------------------------
8	35	0	35	
----------------------------------------
-1	-1	0	36	
----------------------------------------
-1	-1	0	37	
----------------------------------------
0	38	-1	-1	
----------------------------------------
4	39	-1	-1	
----------------------------------------
-1	-1	0	40	
----------------------------------------
0	41	-1	-1	
----------------------------------------

****************************************
Node 4 Forwarding Table:
3	0	-1	-1	
----------------------------------------
5	1	6	1	
----------------------------------------
6	2	-1	-1	
----------------------------------------
5	3	-1	-1	
----------------------------------------
-1	-1	5	4	
----------------------------------------
6	5	-1	-1	
----------------------------------------
6	6	3	6	
----------------------------------------
5	7	6	7	
----------------------------------------
5	8	6	8	
----------------------------------------
5	9	3	9	
----------------------------------------
-1	-1	3	10	
----------------------------------------
6	11	5	11	
----------------------------------------
5	12	-1	-1	
----------------------------------------
-1	-1	6	13	
----------------------------------------
5	14	3	14	
----------------------------------------
3	15	-1	-1	
----------------------------------------
3	16	6	16	
----------------------------------------
-1	-1	6	17	
----------------------------------------
3	18	6	18	
----------------------------------------
6	19	-1	-1	
----------------------------------------
3	20	5	20	
----------------------------------------
5	21	3	21	
----------------------------------------
3	22	5	22	
----------------------------------------
3	23	5	23	
----------------------------------------
3	24	-1	-1	
----------------------------------------
-1	-1	3	25	
----------------------------------------
3	26	-1	-1	
----------------------------------------
5	27	-1	-1	
----------------------------------------
5	28	-1	-1	
----------------------------------------
-1	-1	3	29	
----------------------------------------
6	30	5	30	
----------------------------------------
6	31	-1	-1	
----------------------------------------
-1	-1	5	32	
----------------------------------------
5	33	6	33	
----------------------------------------
6	34	5	34	
----------------------------------------
6	35	3	35	
----------------------------------------
5	36	-1	-1	
----------------------------------------
-1	-1	6	37	
----------------------------------------
-1	-1	6	38	
----------------------------------------
3	39	6	39	
----------------------------------------
-1	-1	5	40	
----------------------------------------
-1	-1	6	41	
----------------------------------------
6	42	5	42	
----------------------------------------
5	43	-1	-1	
----------------------------------------
6	44	-1	-1	
----------------------------------------
-1	-1	5	45	
----------------------------------------
-1	-1	3	46	
----------------------------------------

****************************************
Node 5 Forwarding Table:
12	0	-1	-1	
----------------------------------------
12	1	4	1	
----------------------------------------
-1	-1	12	2	
----------------------------------------
12	3	-1	-1	
----------------------------------------
2	4	4	4	
----------------------------------------
4	5	2	5	
----------------------------------------
13	6	2	6	
----------------------------------------
2	7	13	7	
----------------------------------------
-1	-1	12	8	
----------------------------------------
12	9	-1	-1	
----------------------------------------
12	10	-1	-1	
----------------------------------------
2	11	4	11	
----------------------------------------
12	12	4	12	
----------------------------------------
13	13	4	13	
----------------------------------------
4	14	-1	-1	
----------------------------------------
13	15	4	15	
----------------------------------------
-1	-1	4	16	
----------------------------------------
12	17	2	17	
----------------------------------------
2	18	12	18	
----------------------------------------
2	19	12	19	
----------------------------------------
-1	-1	12	20	
----------------------------------------
2	21	-1	-1	
----------------------------------------
2	22	-1	-1	
----------------------------------------
4	23	-1	-1	
----------------------------------------
-1	-1	4	24	
----------------------------------------
4	25	12	25	
----------------------------------------
2	26	12	26	
----------------------------------------
4	27	13	27	
----------------------------------------
-1	-1	2	28	
----------------------------------------
2	29	13	29	
----------------------------------------
-1	-1	2	30	
----------------------------------------
12	31	4	31	
----------------------------------------
2	32	12	32	
----------------------------------------
12	33	4	33	
----------------------------------------
4	34	12	34	
----------------------------------------
13	35	2	35	
----------------------------------------
4	36	12	36	
----------------------------------------
-1	-1	2	37	
----------------------------------------
12	38	4	38	
----------------------------------------
2	39	13	39	
----------------------------------------
-1	-1	2	40	
----------------------------------------
4	41	-1	-1	
----------------------------------------
2	42	4	42	
----------------------------------------
-1	-1	2	43	
----------------------------------------
2	44	13	44	
----------------------------------------
12	45	-1	-1	
----------------------------------------
12	46	2	46	
----------------------------------------
-1	-1	13	47	
----------------------------------------
12	48	2	48	
----------------------------------------
4	49	13	49	
----------------------------------------
-1	-1	12	50	
----------------------------------------
13	51	-1	-1	
----------------------------------------
2	52	13	52	
----------------------------------------
4	53	-1	-1	
----------------------------------------
13	54	4	54	
----------------------------------------
4	55	12	55	
----------------------------------------
13	56	12	56	
----------------------------------------
-1	-1	12	57	
----------------------------------------

****************************************
Node 6 Forwarding Table:
-1	-1	7	0	
----------------------------------------
4	1	-1	-1	
----------------------------------------
-1	-1	4	2	
----------------------------------------
-1	-1	4	3	
----------------------------------------
-1	-1	4	4	
----------------------------------------
4	5	-1	-1	
----------------------------------------
4	6	-1	-1	
----------------------------------------
-1	-1	7	7	
----------------------------------------
7	8	-1	-1	
----------------------------------------
-1	-1	4	9	
----------------------------------------
4	10	7	10	
----------------------------------------
-1	-1	7	11	
----------------------------------------
4	12	-1	-1	
----------------------------------------
4	13	7	13	
----------------------------------------
7	14	-1	-1	
----------------------------------------
4	15	-1	-1	
----------------------------------------
7	16	4	16	
----------------------------------------
-1	-1	4	17	
----------------------------------------
7	18	4	18	
----------------------------------------
4	19	-1	-1	
----------------------------------------
-1	-1	7	20	
----------------------------------------
-1	-1	4	21	
----------------------------------------
-1	-1	4	22	
----------------------------------------
7	23	-1	-1	
----------------------------------------
4	24	-1	-1	
----------------------------------------
4	25	7	25	
----------------------------------------
4	26	-1	-1	
----------------------------------------
7	27	-1	-1	
----------------------------------------
4	28	-1	-1	
----------------------------------------
-1	-1	7	29	
----------------------------------------
-1	-1	4	30	
----------------------------------------
-1	-1	7	31	
----------------------------------------
-1	-1	4	32	
----------------------------------------
7	33	-1	-1	
----------------------------------------
7	34	-1	-1	
----------------------------------------
7	35	-1	-1	
----------------------------------------

****************************************
Node 7 Forwarding Table:
6	0	-1	-1	
----------------------------------------
-1	-1	10	1	
----------------------------------------
6	2	1	2	
----------------------------------------
-1	-1	1	3	
----------------------------------------
-1	-1	1	4	
----------------------------------------
10	5	6	5	
----------------------------------------
6	6	-1	-1	
----------------------------------------
10	7	1	7	
----------------------------------------
6	8	10	8	
----------------------------------------
6	9	-1	-1	
----------------------------------------
10	10	-1	-1	
----------------------------------------
-1	-1	6	11	
----------------------------------------
1	12	-1	-1	
----------------------------------------
1	13	10	13	
----------------------------------------
-1	-1	6	14	
----------------------------------------
1	15	10	15	
----------------------------------------
-1	-1	10	16	
----------------------------------------
10	17	1	17	
----------------------------------------
1	18	-1	-1	
----------------------------------------
1	19	-1	-1	
----------------------------------------
10	20	-1	-1	
----------------------------------------
-1	-1	10	21	
----------------------------------------
-1	-1	1	22	
----------------------------------------
10	23	-1	-1	
----------------------------------------
1	24	10	24	
----------------------------------------
10	25	-1	-1	
----------------------------------------
-1	-1	6	26	
----------------------------------------
6	27	1	27	
----------------------------------------
1	28	6	28	
----------------------------------------
6	29	-1	-1	
----------------------------------------
-1	-1	1	30	
----------------------------------------
10	31	1	31	
----------------------------------------
10	32	6	32	
----------------------------------------
-1	-1	1	33	
----------------------------------------
-1	-1	1	34	
----------------------------------------
6	35	-1	-1	
----------------------------------------
1	36	-1	-1	
----------------------------------------
6	37	1	37	
----------------------------------------
1	38	-1	-1	
----------------------------------------
-1	-1	1	39	
----------------------------------------
1	40	6	40	
----------------------------------------
-1	-1	10	41	
----------------------------------------
1	42	6	42	
----------------------------------------
-1	-1	1	43	
----------------------------------------
1	44	6	44	
----------------------------------------

****************************************
Node 8 Forwarding Table:
-1	-1	9	0	
----------------------------------------
3	1	-1	-1	
----------------------------------------
3	2	9	2	
----------------------------------------
9	3	3	3	
----------------------------------------
-1	-1	9	4	
----------------------------------------
3	5	-1	-1	
----------------------------------------
3	6	9	6	
----------------------------------------
3	7	-1	-1	
----------------------------------------
11	8	9	8	
----------------------------------------
9	9	3	9	
----------------------------------------
-1	-1	9	10	
----------------------------------------
3	11	9	11	
----------------------------------------
-1	-1	3	12	
----------------------------------------
9	13	-1	-1	
----------------------------------------
9	14	3	14	
----------------------------------------
3	15	9	15	
----------------------------------------
3	16	11	16	
----------------------------------------
3	17	11	17	
----------------------------------------
3	18	-1	-1	
----------------------------------------
9	19	-1	-1	
----------------------------------------
3	20	11	20	
----------------------------------------
9	21	11	21	
----------------------------------------
9	22	3	22	
----------------------------------------
11	23	3	23	
----------------------------------------
-1	-1	11	24	
----------------------------------------
-1	-1	11	25	
----------------------------------------
-1	-1	11	26	
----------------------------------------
9	27	-1	-1	
----------------------------------------

****************************************
Node 9 Forwarding Table:
8	0	-1	-1	
----------------------------------------
10	1	-1	-1	
----------------------------------------
8	2	-1	-1	
----------------------------------------
-1	-1	8	3	
----------------------------------------
8	4	12	4	
----------------------------------------
-1	-1	12	5	
----------------------------------------
-1	-1	12	6	
----------------------------------------
10	7	12	7	
----------------------------------------
8	8	-1	-1	
----------------------------------------
8	9	-1	-1	
----------------------------------------
-1	-1	10	10	
----------------------------------------
-1	-1	8	11	
----------------------------------------
12	12	-1	-1	
----------------------------------------
8	13	12	13	
----------------------------------------
8	14	10	14	
----------------------------------------
12	15	-1	-1	
----------------------------------------
12	16	10	16	
----------------------------------------
10	17	12	17	
----------------------------------------
10	18	8	18	
----------------------------------------
-1	-1	8	19	
----------------------------------------
12	20	10	20	
----------------------------------------
-1	-1	10	21	
----------------------------------------
8	22	-1	-1	
----------------------------------------
10	23	-1	-1	
----------------------------------------
-1	-1	12	24	
----------------------------------------
10	25	12	25	
----------------------------------------
-1	-1	10	26	
----------------------------------------
-1	-1	12	27	
----------------------------------------
10	28	8	28	
----------------------------------------
-1	-1	8	29	
----------------------------------------
10	30	8	30	
----------------------------------------
-1	-1	10	31	
----------------------------------------
10	32	-1	-1	
----------------------------------------
12	33	10	33	
----------------------------------------
10	34	-1	-1	
----------------------------------------
10	35	-1	-1	
----------------------------------------
12	36	-1	-1	
----------------------------------------
12	37	-1	-1	
----------------------------------------
10	38	8	38	
----------------------------------------

****************************************
Node 10 Forwarding Table:
-1	-1	11	0	
----------------------------------------
7	1	9	1	
----------------------------------------
-1	-1	13	2	
----------------------------------------
-1	-1	9	3	
----------------------------------------
-1	-1	7	4	
----------------------------------------
-1	-1	13	5	
----------------------------------------
9	6	7	6	
----------------------------------------
7	7	-1	-1	
----------------------------------------
13	8	-1	-1	
----------------------------------------
9	9	-1	-1	
----------------------------------------
9	10	7	10	
----------------------------------------
7	11	-1	-1	
----------------------------------------
7	12	11	12	
----------------------------------------
7	13	9	13	
----------------------------------------
13	14	9	14	
----------------------------------------
-1	-1	7	15	
----------------------------------------
9	16	7	16	
----------------------------------------
7	17	11	17	
----------------------------------------
9	18	7	18	
----------------------------------------
7	19	9	19	
----------------------------------------
-1	-1	7	20	
----------------------------------------
-1	-1	9	21	
----------------------------------------
13	22	-1	-1	
----------------------------------------
9	23	-1	-1	
----------------------------------------
13	24	-1	-1	
----------------------------------------
-1	-1	7	25	
----------------------------------------
-1	-1	9	26	
----------------------------------------
-1	-1	9	27	
----------------------------------------
13	28	-1	-1	
----------------------------------------
9	29	7	29	
----------------------------------------
-1	-1	9	30	
----------------------------------------
11	31	13	31	
----------------------------------------
9	32	13	32	
----------------------------------------
11	33	9	33	
----------------------------------------
-1	-1	11	34	
----------------------------------------
7	35	9	35	
----------------------------------------
13	36	11	36	
----------------------------------------
-1	-1	11	37	
----------------------------------------
-1	-1	9	38	
----------------------------------------

****************************************
Node 11 Forwarding Table:
10	0	-1	-1	
----------------------------------------
12	1	-1	-1	
----------------------------------------
-1	-1	8	2	
----------------------------------------
-1	-1	12	3	
----------------------------------------
10	4	-1	-1	
----------------------------------------
10	5	-1	-1	
----------------------------------------
12	6	-1	-1	
----------------------------------------
8	7	-1	-1	
----------------------------------------
8	8	-1	-1	
----------------------------------------
-1	-1	12	9	
----------------------------------------
8	10	-1	-1	
----------------------------------------
8	11	-1	-1	
----------------------------------------
-1	-1	12	12	
----------------------------------------
12	13	-1	-1	
----------------------------------------
-1	-1	10	14	
----------------------------------------
-1	-1	10	15	
----------------------------------------
-1	-1	8	16	
----------------------------------------
8	17	-1	-1	
----------------------------------------
10	18	-1	-1	
----------------------------------------
8	19	-1	-1	
----------------------------------------
10	20	-1	-1	
----------------------------------------
8	21	-1	-1	
----------------------------------------
10	22	-1	-1	
----------------------------------------

****************************************
Node 12 Forwarding Table:
-1	-1	5	0	
----------------------------------------
-1	-1	5	1	
----------------------------------------
5	2	11	2	
----------------------------------------
-1	-1	5	3	
----------------------------------------
9	4	-1	-1	
----------------------------------------
5	5	-1	-1	
----------------------------------------
9	6	5	6	
----------------------------------------
9	7	5	7	
----------------------------------------
-1	-1	5	8	
----------------------------------------
9	9	-1	-1	
----------------------------------------
11	10	5	10	
----------------------------------------
5	11	9	11	
----------------------------------------
5	12	-1	-1	
----------------------------------------
9	13	-1	-1	
----------------------------------------
5	14	9	14	
----------------------------------------
-1	-1	9	15	
----------------------------------------
9	16	-1	-1	
----------------------------------------
5	17	-1	-1	
----------------------------------------
5	18	-1	-1	
----------------------------------------
-1	-1	9	19	
----------------------------------------
-1	-1	5	20	
----------------------------------------
5	21	11	21	
----------------------------------------
9	22	5	22	
----------------------------------------
5	23	-1	-1	
----------------------------------------
9	24	-1	-1	
----------------------------------------
5	25	-1	-1	
----------------------------------------
-1	-1	5	26	
----------------------------------------
9	27	5	27	
----------------------------------------
11	28	5	28	
----------------------------------------
11	29	5	29	
----------------------------------------
5	30	11	30	
----------------------------------------
-1	-1	9	31	
----------------------------------------
5	32	-1	-1	
----------------------------------------
5	33	-1	-1	
----------------------------------------
5	34	9	34	
----------------------------------------
-1	-1	9	35	
----------------------------------------

****************************************
Node 13 Forwarding Table:
-1	-1	5	0	
----------------------------------------
5	1	-1	-1	
----------------------------------------
-1	-1	5	2	
----------------------------------------
10	3	-1	-1	
----------------------------------------
10	4	5	4	
----------------------------------------
-1	-1	10	5	
----------------------------------------
-1	-1	10	6	
----------------------------------------
5	7	-1	-1	
----------------------------------------
5	8	-1	-1	
----------------------------------------
-1	-1	5	9	
----------------------------------------
5	10	10	10	
----------------------------------------
5	11	10	11	
----------------------------------------
5	12	-1	-1	
----------------------------------------
5	13	10	13	
----------------------------------------
10	14	-1	-1	
----------------------------------------
10	15	5	15	
----------------------------------------
5	16	-1	-1	
----------------------------------------
-1	-1	5	17	
----------------------------------------
-1	-1	5	18	
----------------------------------------
-1	-1	10	19	
----------------------------------------

****************************************
