0	8	9
8->9
0,-1
1
----------------------------------------
1	6	7
6->7
0,-1
1
----------------------------------------
2	3	4
3->4
0,-1
1
----------------------------------------
3	12	5
12->5
0,-1
1
----------------------------------------
4	12	6
12->5->4->6
1,1,1,-1
3
----------------------------------------
5	0	2
0->2
0,-1
1
----------------------------------------
6	10	11
10->11
0,-1
1
----------------------------------------
7	0	8
0->3->8
1,1,-1
2
----------------------------------------
8	7	9
7->10->9
1,1,-1
2
----------------------------------------
9	3	9
3->8->9
2,2,-1
2
----------------------------------------
10	5	11
5->12->11
2,2,-1
2
----------------------------------------
11	3	1
3->0->1
3,2,-1
2
----------------------------------------
12	12	5
12->5
3,-1
1
----------------------------------------
13	6	4
6->4
2,-1
1
----------------------------------------
14	9	3
9->8->3
3,3,-1
2
----------------------------------------
15	2	4
2->5->4
1,4,-1
2
----------------------------------------
16	4	2
4->5->2
4,5,-1
2
----------------------------------------
17	6	4
6->4
3,-1
1
----------------------------------------
18	13	0
13->5->2->0
0,6,3,-1
3
----------------------------------------
19	0	13
0->2->5->13
4,4,7,-1
3
----------------------------------------
20	8	12
8->9->12
4,4,-1
2
----------------------------------------
21	3	8
3->8
5,-1
1
----------------------------------------
22	5	12
5->12
8,-1
1
----------------------------------------
23	6	3
6->4->3
4,6,-1
2
----------------------------------------
24	9	5
9->12->5
5,6,-1
2
----------------------------------------
25	9	5
9->12->5
6,7,-1
2
----------------------------------------
26	2	6
2->5->4->6
5,11,7,-1
3
----------------------------------------
27	12	6
12->5->4->6
8,12,8,-1
3
----------------------------------------
28	6	0
6->7->1->0
7,2,1,-1
3
----------------------------------------
29	13	3
13->5->4->3
2,13,9,-1
3
----------------------------------------
30	7	0
7->1->0
3,2,-1
2
----------------------------------------
31	3	1
3->0->1
8,7,-1
2
----------------------------------------
32	10	13
10->13
2,-1
1
----------------------------------------
33	10	12
10->9->12
3,7,-1
2
----------------------------------------
34	4	9
4->3->8->9
10,9,6,-1
3
----------------------------------------
35	7	1
7->1
4,-1
1
----------------------------------------
36	10	6
10->7->6
4,5,-1
2
----------------------------------------
37	0	2
0->2
8,-1
1
----------------------------------------
38	6	5
6->4->5
9,11,-1
2
----------------------------------------
39	10	4
10->13->5->4
5,4,15,-1
3
----------------------------------------
40	4	7
4->6->7
13,10,-1
2
----------------------------------------
41	5	8
5->4->3->8
16,14,10,-1
3
----------------------------------------
42	11	9
11->8->9
2,8,-1
2
----------------------------------------
43	9	1
9->10->7->1
10,6,7,-1
3
----------------------------------------
44	9	4
9->8->3->4
11,9,11,-1
3
----------------------------------------
45	11	2
11->12->5->2
3,10,17,-1
3
----------------------------------------
46	2	9
2->5->12->9
8,18,11,-1
3
----------------------------------------
47	6	10
6->7->10
11,8,-1
2
----------------------------------------
48	13	10
13->10
5,-1
1
----------------------------------------
49	0	12
0->2->5->12
9,9,19,-1
3
----------------------------------------
50	0	6
0->3->4->6
10,12,16,-1
3
----------------------------------------
51	8	12
8->9->12
10,13,-1
2
----------------------------------------
52	3	10
3->0->1->7->10
13,11,6,9,-1
4
----------------------------------------
53	4	7
4->6->7
17,13,-1
2
----------------------------------------
54	5	9
5->12->9
20,14,-1
2
----------------------------------------
55	12	7
12->9->10->7
15,15,10,-1
3
----------------------------------------
56	7	6
7->6
12,-1
1
----------------------------------------
57	0	7
0->1->7
12,7,-1
2
----------------------------------------
58	0	6
0->3->4->6
13,14,18,-1
3
----------------------------------------
59	2	10
2->1->7->10
10,8,14,-1
3
----------------------------------------
60	2	5
2->5
11,-1
1
----------------------------------------
61	8	1
8->3->0->1
11,15,14,-1
3
----------------------------------------
62	7	4
7->6->4
15,16,-1
2
----------------------------------------
63	2	5
2->5
12,-1
1
----------------------------------------
64	1	11
1->7->10->11
10,16,12,-1
3
----------------------------------------
65	3	5
3->4->5
16,20,-1
2
----------------------------------------
66	7	12
7->10->9->12
17,13,16,-1
3
----------------------------------------
67	13	8
13->10->9->8
6,14,17,-1
3
----------------------------------------
68	5	3
5->4->3
24,21,-1
2
----------------------------------------
69	10	2
10->7->1->2
15,18,11,-1
3
----------------------------------------
70	0	7
0->1->7
15,12,-1
2
----------------------------------------
71	9	0
9->8->3->0
18,13,18,-1
3
----------------------------------------
72	1	7
1->7
13,-1
1
----------------------------------------
73	3	12
3->4->5->12
19,22,25,-1
3
----------------------------------------
74	2	12
2->5->12
14,26,-1
2
----------------------------------------
75	12	7
12->9->10->7
19,19,16,-1
3
----------------------------------------
76	3	13
3->8->9->10->13
20,14,20,17,-1
4
----------------------------------------
77	7	11
7->1->0->3->8->11
22,14,17,21,15,-1
5
----------------------------------------
78	7	1
7->1
23,-1
1
----------------------------------------
79	5	1
5->2->1
27,15,-1
2
----------------------------------------
80	0	4
0->2->5->4
18,16,28,-1
3
----------------------------------------
81	0	1
0->1
19,-1
1
----------------------------------------
82	9	7
9->10->7
21,18,-1
2
----------------------------------------
83	4	9
4->5->12->9
24,29,20,-1
3
----------------------------------------
84	3	4
3->0->2->5->4
22,20,17,30,-1
4
----------------------------------------
85	10	7
10->13->5->2->1->7
19,8,31,18,18,-1
5
----------------------------------------
86	0	13
0->2->5->13
21,19,32,-1
3
----------------------------------------
87	5	1
5->2->1
33,20,-1
2
----------------------------------------
88	2	11
2->0->3->8->11
21,22,23,16,-1
4
----------------------------------------
89	4	11
4->5->12->11
26,34,21,-1
3
----------------------------------------
90	6	12
6->4->5->12
17,27,35,-1
3
----------------------------------------
91	13	2
13->5->2
10,36,-1
2
----------------------------------------
92	0	11
0->1->7->10->11
23,20,26,20,-1
4
----------------------------------------
93	10	12
10->9->12
21,23,-1
2
----------------------------------------
94	7	4
7->6->4
27,18,-1
2
----------------------------------------
95	4	12
4->5->12
29,37,-1
2
----------------------------------------
96	5	1
5->2->1
38,23,-1
2
----------------------------------------
97	6	0
6->7->1->0
19,28,22,-1
3
----------------------------------------
98	5	0
5->2->0
39,24,-1
2
----------------------------------------
99	6	5
6->4->5
20,30,-1
2
----------------------------------------
100	3	1
3->0->1
24,26,-1
2
----------------------------------------
101	5	6
5->2->1->7->6
41,25,24,29,-1
4
----------------------------------------
102	9	10
9->10
24,-1
1
----------------------------------------
103	4	6
4->6
31,-1
1
----------------------------------------
104	4	7
4->6->7
32,23,-1
2
----------------------------------------
105	7	2
7->1->2
31,25,-1
2
----------------------------------------
106	9	5
9->12->5
25,25,-1
2
----------------------------------------
107	3	2
3->0->2
25,27,-1
2
----------------------------------------
108	10	8
10->9->8
23,26,-1
2
----------------------------------------
109	11	2
11->8->3->0->2
9,18,26,28,-1
4
----------------------------------------
110	3	1
3->0->1
27,29,-1
2
----------------------------------------
111	5	13
5->13
43,-1
1
----------------------------------------
112	9	11
9->8->11
27,19,-1
2
----------------------------------------
113	11	2
11->8->3->0->2
11,20,28,30,-1
4
----------------------------------------
114	0	6
0->1->7->6
31,27,32,-1
3
----------------------------------------
115	9	6
9->10->7->6
28,24,33,-1
3
----------------------------------------
116	5	11
5->13->10->11
44,12,25,-1
3
----------------------------------------
117	7	1
7->1
34,-1
1
----------------------------------------
118	3	0
3->0
29,-1
1
----------------------------------------
119	10	9
10->9
26,-1
1
----------------------------------------
120	11	13
11->10->13
13,27,-1
2
----------------------------------------
121	4	6
4->6
33,-1
1
----------------------------------------
122	12	5
12->5
26,-1
1
----------------------------------------
123	6	7
6->7
27,-1
1
----------------------------------------
124	0	4
0->2->5->4
33,30,46,-1
3
----------------------------------------
125	11	9
11->10->9
14,28,-1
2
----------------------------------------
126	0	7
0->1->7
34,29,-1
2
----------------------------------------
127	6	2
6->7->1->2
28,37,30,-1
3
----------------------------------------
128	1	3
1->0->3
31,35,-1
2
----------------------------------------
129	13	4
13->10->7->6->4
14,29,38,29,-1
4
----------------------------------------
130	11	7
11->8->3->0->1->7
15,21,31,36,32,-1
5
----------------------------------------
131	8	11
8->11
22,-1
1
----------------------------------------
132	6	4
6->4
30,-1
1
----------------------------------------
133	10	11
10->11
30,-1
1
----------------------------------------
134	7	2
7->1->2
40,33,-1
2
----------------------------------------
135	3	2
3->0->2
32,37,-1
2
----------------------------------------
136	8	11
8->11
23,-1
1
----------------------------------------
137	7	3
7->1->0->3
41,34,38,-1
3
----------------------------------------
138	13	12
13->5->12
15,47,-1
2
----------------------------------------
139	13	11
13->10->11
16,31,-1
2
----------------------------------------
140	5	9
5->13->10->9
48,17,32,-1
3
----------------------------------------
141	4	10
4->5->13->10
37,49,18,-1
3
----------------------------------------
142	8	11
8->11
24,-1
1
----------------------------------------
143	12	9
12->9
28,-1
1
----------------------------------------
144	4	3
4->3
38,-1
1
----------------------------------------
145	0	2
0->1->2
39,35,-1
2
----------------------------------------
146	3	0
3->0
35,-1
1
----------------------------------------
147	1	3
1->0->3
36,41,-1
2
----------------------------------------
148	10	11
10->11
34,-1
1
----------------------------------------
149	10	8
10->11->8
35,22,-1
2
----------------------------------------
150	1	2
1->2
37,-1
1
----------------------------------------
