0	8	9
8->9
0,-1
0.9
----------------------------------------
1	6	7
6->7
0,-1
0.9
----------------------------------------
2	3	4
3->4
0,-1
0.4
----------------------------------------
3	12	5
12->5
0,-1
0.9
----------------------------------------
4	12	6
12->5->4->6
1,1,1,-1
1.3
----------------------------------------
5	0	2
0->2
0,-1
0.5
----------------------------------------
6	10	11
10->11
0,-1
0.19999999999999996
----------------------------------------
7	0	8
0->3->8
1,1,-1
1.1
----------------------------------------
8	7	9
7->10->9
1,1,-1
0.7000000000000001
----------------------------------------
9	3	9
3->4->5->12->9
2,2,2,2,-1
1.5999999999999999
----------------------------------------
10	5	11
5->13->10->11
3,0,2,-1
1.2
----------------------------------------
11	3	1
3->0->1
3,2,-1
0.7000000000000001
----------------------------------------
12	12	5
12->5
3,-1
0.9
----------------------------------------
13	6	4
6->4
2,-1
0.30000000000000004
----------------------------------------
14	9	3
9->12->5->4->3
3,4,5,4,-1
1.6
----------------------------------------
15	2	4
2->5->4
1,6,-1
0.6
----------------------------------------
16	4	2
4->5->2
6,7,-1
0.6
----------------------------------------
17	6	4
6->4
3,-1
0.30000000000000004
----------------------------------------
18	13	0
13->10->7->1->0
1,3,2,1,-1
1.5
----------------------------------------
19	0	13
0->1->7->10->13
4,2,3,4,-1
1.5
----------------------------------------
20	8	12
8->9->12
2,4,-1
1.1
----------------------------------------
21	3	8
3->8
5,-1
0.8
----------------------------------------
22	5	12
5->12
8,-1
0.9
----------------------------------------
23	6	3
6->4->3
4,8,-1
0.7000000000000001
----------------------------------------
24	9	5
9->12->5
5,7,-1
1.1
----------------------------------------
25	9	5
9->12->5
6,8,-1
1.1
----------------------------------------
26	2	6
2->5->4->6
3,11,9,-1
0.9
----------------------------------------
27	12	6
12->5->4->6
9,12,10,-1
1.3
----------------------------------------
28	6	0
6->4->3->0
7,11,7,-1
1.0
----------------------------------------
29	13	3
13->5->4->3
3,13,12,-1
1.3
----------------------------------------
30	7	0
7->1->0
4,3,-1
0.9
----------------------------------------
31	3	1
3->0->1
9,7,-1
0.7000000000000001
----------------------------------------
32	10	13
10->13
5,-1
0.19999999999999996
----------------------------------------
33	10	12
10->9->12
6,7,-1
0.5
----------------------------------------
34	4	9
4->5->12->9
13,14,11,-1
1.2
----------------------------------------
35	7	1
7->1
5,-1
0.5
----------------------------------------
36	10	6
10->7->6
7,6,-1
1.3
----------------------------------------
37	0	2
0->2
8,-1
0.5
----------------------------------------
38	6	5
6->4->5
9,14,-1
0.4
----------------------------------------
39	10	4
10->13->5->4
8,5,16,-1
1.1
----------------------------------------
40	4	7
4->6->7
16,10,-1
1.2000000000000002
----------------------------------------
41	5	8
5->4->3->8
17,17,10,-1
1.3
----------------------------------------
42	11	9
11->10->9
2,9,-1
0.5
----------------------------------------
43	9	1
9->10->7->1
10,10,8,-1
1.2000000000000002
----------------------------------------
44	9	4
9->12->5->4
11,12,18,-1
1.2000000000000002
----------------------------------------
45	11	2
11->10->13->5->2
3,11,6,19,-1
1.7
----------------------------------------
46	2	9
2->5->12->9
6,20,13,-1
1.5999999999999999
----------------------------------------
47	6	10
6->7->10
11,9,-1
1.3
----------------------------------------
48	13	10
13->10
7,-1
0.19999999999999996
----------------------------------------
49	0	12
0->3->4->5->12
9,11,19,21,-1
1.7000000000000002
----------------------------------------
50	0	6
0->3->4->6
10,12,20,-1
1.0
----------------------------------------
51	8	12
8->9->12
5,13,-1
1.1
----------------------------------------
52	3	10
3->8->11->10
13,6,4,-1
1.4000000000000001
----------------------------------------
53	4	7
4->6->7
21,13,-1
1.2000000000000002
----------------------------------------
54	5	9
5->12->9
22,16,-1
1.1
----------------------------------------
55	12	7
12->9->10->7
17,15,15,-1
0.9
----------------------------------------
56	7	6
7->6
12,-1
0.9
----------------------------------------
57	0	7
0->1->7
11,7,-1
0.9
----------------------------------------
58	0	6
0->3->4->6
12,14,22,-1
1.0
----------------------------------------
59	2	10
2->1->7->10
7,8,14,-1
1.5
----------------------------------------
60	2	5
2->5
8,-1
0.5
----------------------------------------
61	8	1
8->11->10->7->1
7,5,17,15,-1
1.5
----------------------------------------
62	7	4
7->6->4
16,16,-1
1.2000000000000002
----------------------------------------
63	2	5
2->5
9,-1
0.5
----------------------------------------
64	1	11
1->7->10->11
10,17,18,-1
1.1
----------------------------------------
65	3	5
3->4->5
15,24,-1
0.5
----------------------------------------
66	7	12
7->10->9->12
18,19,16,-1
0.9
----------------------------------------
67	13	8
13->10->11->8
8,20,7,-1
0.7999999999999999
----------------------------------------
68	5	3
5->4->3
26,25,-1
0.5
----------------------------------------
69	10	2
10->7->1->2
21,19,11,-1
1.5
----------------------------------------
70	0	7
0->1->7
13,12,-1
0.9
----------------------------------------
71	9	0
9->10->7->1->0
17,22,21,13,-1
1.6
----------------------------------------
72	1	7
1->7
14,-1
0.5
----------------------------------------
73	3	12
3->4->5->12
17,26,27,-1
1.4
----------------------------------------
74	2	12
2->5->12
11,28,-1
1.4
----------------------------------------
75	12	7
12->9->10->7
21,18,23,-1
0.9
----------------------------------------
76	3	13
3->4->5->13
18,27,29,-1
1.3
----------------------------------------
77	7	11
7->10->11
24,24,-1
0.6
----------------------------------------
78	7	1
7->1
25,-1
0.5
----------------------------------------
79	5	1
5->2->1
30,12,-1
1.1
----------------------------------------
80	0	4
0->2->5->4
15,13,31,-1
1.1
----------------------------------------
81	0	1
0->1
16,-1
0.4
----------------------------------------
82	9	7
9->12->5->4->6->7
19,22,32,29,17,-1
2.4000000000000004
----------------------------------------
83	4	9
4->5->12->9
30,33,23,-1
1.2
----------------------------------------
84	1	9
1->2->5->12->9
18,14,34,24,-1
2.2
----------------------------------------
85	5	1
5->2->1
35,15,-1
1.1
----------------------------------------
86	2	11
2->0->3->8->11
16,17,19,9,-1
2.0
----------------------------------------
87	6	9
6->4->5->12->9
18,31,36,25,-1
1.5
----------------------------------------
88	4	11
4->5->13->10->11
32,37,10,25,-1
1.3
----------------------------------------
89	6	12
6->4->5->12
19,33,38,-1
1.3
----------------------------------------
90	13	2
13->5->2
11,39,-1
1.3
----------------------------------------
91	0	11
0->3->8->11
18,20,10,-1
1.5
----------------------------------------
92	10	12
10->9->12
26,23,-1
0.5
----------------------------------------
93	7	4
7->6->4
27,20,-1
1.2000000000000002
----------------------------------------
94	5	1
5->2->1
40,18,-1
1.1
----------------------------------------
95	6	0
6->4->3->0
21,35,21,-1
1.0
----------------------------------------
96	1	10
1->0->3->8->11->10
21,20,22,11,12,-1
2.0999999999999996
----------------------------------------
97	5	0
5->2->0
41,19,-1
1.0
----------------------------------------
98	3	1
3->0->1
23,22,-1
0.7000000000000001
----------------------------------------
99	6	8
6->4->3->8
22,36,24,-1
1.5
----------------------------------------
100	9	10
9->10
24,-1
0.30000000000000004
----------------------------------------
101	1	10
1->0->3->8->11->10
23,23,25,13,13,-1
2.0999999999999996
----------------------------------------
102	4	6
4->6
37,-1
0.30000000000000004
----------------------------------------
103	4	7
4->6->7
38,24,-1
1.2000000000000002
----------------------------------------
104	7	2
7->1->2
29,24,-1
1.1
----------------------------------------
105	10	0
10->11->8->3->0
30,14,14,26,-1
1.7
----------------------------------------
106	9	5
9->12->5
25,28,-1
1.1
----------------------------------------
107	2	8
2->0->3->8
21,25,27,-1
1.6
----------------------------------------
108	2	13
2->5->13
22,43,-1
1.3
----------------------------------------
109	3	2
3->0->2
28,26,-1
0.8
----------------------------------------
110	10	8
10->11->8
31,15,-1
0.6
----------------------------------------
111	2	10
2->5->13->10
24,44,13,-1
1.5
----------------------------------------
112	11	2
11->10->13->5->2
16,33,14,45,-1
1.7
----------------------------------------
113	1	9
1->2->5->12->9
25,26,46,29,-1
2.2
----------------------------------------
114	3	1
3->0->1
29,27,-1
0.7000000000000001
----------------------------------------
115	0	11
0->1->7->10->11
28,27,30,34,-1
1.5
----------------------------------------
116	5	13
5->13
47,-1
0.8
----------------------------------------
117	9	11
9->10->11
27,35,-1
0.5
----------------------------------------
118	11	2
11->10->13->5->2
19,36,16,48,-1
1.7
----------------------------------------
119	0	6
0->1->7->6
29,28,31,-1
1.8
----------------------------------------
120	10	3
10->11->8->3
37,20,17,-1
1.4
----------------------------------------
121	9	6
9->10->7->6
28,38,32,-1
1.6
----------------------------------------
122	5	11
5->13->10->11
49,17,39,-1
1.2
----------------------------------------
123	7	1
7->1
33,-1
0.5
----------------------------------------
124	3	0
3->0
31,-1
0.30000000000000004
----------------------------------------
125	0	5
0->2->5
31,28,-1
1.0
----------------------------------------
126	10	9
10->9
40,-1
0.30000000000000004
----------------------------------------
127	11	13
11->10->13
22,41,-1
0.3999999999999999
----------------------------------------
128	4	6
4->6
39,-1
0.30000000000000004
----------------------------------------
129	12	5
12->5
30,-1
0.9
----------------------------------------
130	7	13
7->6->4->5->13
34,28,40,52,-1
2.1000000000000005
----------------------------------------
131	6	7
6->7
29,-1
0.9
----------------------------------------
132	11	9
11->10->9
23,42,-1
0.5
----------------------------------------
133	0	7
0->1->7
32,30,-1
0.9
----------------------------------------
134	6	2
6->7->1->2
30,37,31,-1
2.0
----------------------------------------
135	1	3
1->0->3
32,33,-1
0.7000000000000001
----------------------------------------
136	11	7
11->8->3->0->1->7
24,18,33,34,33,-1
2.4000000000000004
----------------------------------------
137	8	11
8->11
19,-1
0.4
----------------------------------------
138	6	4
6->4
31,-1
0.30000000000000004
----------------------------------------
139	10	11
10->11
43,-1
0.19999999999999996
----------------------------------------
140	7	2
7->1->2
39,34,-1
1.1
----------------------------------------
141	3	6
3->0->1->7->6
34,35,35,40,-1
2.1
----------------------------------------
142	3	2
3->0->2
35,36,-1
0.8
----------------------------------------
143	2	6
2->1->7->6
32,36,41,-1
2.0
----------------------------------------
144	2	13
2->5->13
33,53,-1
1.3
----------------------------------------
145	8	11
8->11
20,-1
0.4
----------------------------------------
146	7	3
7->1->0->3
42,37,37,-1
1.2000000000000002
----------------------------------------
147	13	12
13->10->9->12
21,44,31,-1
0.7
----------------------------------------
148	13	11
13->10->11
22,45,-1
0.3999999999999999
----------------------------------------
149	5	9
5->12->9
54,32,-1
1.1
----------------------------------------
150	3	12
3->8->9->12
37,21,33,-1
1.9000000000000001
----------------------------------------
151	8	11
8->11
22,-1
0.4
----------------------------------------
152	12	9
12->9
34,-1
0.19999999999999996
----------------------------------------
153	0	2
0->2
38,-1
0.5
----------------------------------------
154	3	0
3->0
38,-1
0.30000000000000004
----------------------------------------
155	2	6
2->1->7->6
35,38,43,-1
2.0
----------------------------------------
156	1	3
1->0->3
39,40,-1
0.7000000000000001
----------------------------------------
157	10	11
10->11
46,-1
0.19999999999999996
----------------------------------------
158	10	8
10->11->8
47,31,-1
0.6
----------------------------------------
159	1	2
1->2
40,-1
0.6
----------------------------------------
