0	8	9
8->9
0,-1
0.9
----------------------------------------
1	6	7
6->7
0,-1
0.9
----------------------------------------
2	3	4
3->4
0,-1
0.4
----------------------------------------
3	12	5
12->5
0,-1
0.9
----------------------------------------
4	12	6
12->5->4->6
1,1,1,-1
1.3
----------------------------------------
5	0	2
0->2
0,-1
0.5
----------------------------------------
6	10	11
10->11
0,-1
0.19999999999999996
----------------------------------------
7	0	8
0->3->8
1,1,-1
1.1
----------------------------------------
8	7	9
7->10->9
1,1,-1
0.7000000000000001
----------------------------------------
9	3	9
3->4->5->12->9
2,2,2,2,-1
1.5999999999999999
----------------------------------------
10	5	11
5->13->10->11
3,0,2,-1
1.2
----------------------------------------
11	3	1
3->0->1
3,2,-1
0.7000000000000001
----------------------------------------
12	12	5
12->5
3,-1
0.9
----------------------------------------
13	6	4
6->4
2,-1
0.30000000000000004
----------------------------------------
14	9	3
9->12->5->4->3
3,4,5,4,-1
1.6
----------------------------------------
15	2	4
2->5->4
1,6,-1
0.6
----------------------------------------
16	4	2
4->5->2
6,7,-1
0.6
----------------------------------------
17	6	4
6->4
3,-1
0.30000000000000004
----------------------------------------
18	13	0
13->10->7->1->0
1,3,2,1,-1
1.5
----------------------------------------
19	0	13
0->1->7->10->13
4,2,3,4,-1
1.5
----------------------------------------
20	8	12
8->9->12
2,4,-1
1.1
----------------------------------------
21	3	8
3->8
5,-1
0.8
----------------------------------------
22	5	12
5->12
8,-1
0.9
----------------------------------------
23	6	3
6->4->3
4,8,-1
0.7000000000000001
----------------------------------------
24	9	5
9->12->5
5,7,-1
1.1
----------------------------------------
25	9	5
9->12->5
6,8,-1
1.1
----------------------------------------
26	2	6
2->5->4->6
3,11,9,-1
0.9
----------------------------------------
27	12	6
12->5->4->6
9,12,10,-1
1.3
----------------------------------------
28	6	0
6->4->3->0
7,11,7,-1
1.0
----------------------------------------
29	13	3
13->5->4->3
3,13,12,-1
1.3
----------------------------------------
30	7	0
7->1->0
4,3,-1
0.9
----------------------------------------
31	3	1
3->0->1
9,7,-1
0.7000000000000001
----------------------------------------
32	10	13
10->13
5,-1
0.19999999999999996
----------------------------------------
33	10	12
10->9->12
6,7,-1
0.5
----------------------------------------
34	4	9
4->5->12->9
13,14,11,-1
1.2
----------------------------------------
35	7	1
7->1
5,-1
0.5
----------------------------------------
36	10	6
10->7->6
7,6,-1
1.3
----------------------------------------
37	0	2
0->2
8,-1
0.5
----------------------------------------
38	6	5
6->4->5
9,14,-1
0.4
----------------------------------------
39	10	4
10->13->5->4
8,5,16,-1
1.1
----------------------------------------
40	4	7
4->6->7
16,10,-1
1.2000000000000002
----------------------------------------
41	5	8
5->4->3->8
17,17,10,-1
1.3
----------------------------------------
42	11	9
11->10->9
2,9,-1
0.5
----------------------------------------
43	9	1
9->10->7->1
10,10,8,-1
1.2000000000000002
----------------------------------------
44	9	4
9->12->5->4
11,12,18,-1
1.2000000000000002
----------------------------------------
45	11	2
11->10->13->5->2
3,11,6,19,-1
1.7
----------------------------------------
46	2	9
2->5->12->9
6,20,13,-1
1.5999999999999999
----------------------------------------
47	6	10
6->7->10
11,9,-1
1.3
----------------------------------------
48	13	10
13->10
7,-1
0.19999999999999996
----------------------------------------
49	0	12
0->3->4->5->12
9,11,19,21,-1
1.7000000000000002
----------------------------------------
50	0	6
0->3->4->6
10,12,20,-1
1.0
----------------------------------------
51	8	12
8->9->12
5,13,-1
1.1
----------------------------------------
52	3	10
3->8->11->10
13,6,4,-1
1.4000000000000001
----------------------------------------
53	4	7
4->6->7
21,13,-1
1.2000000000000002
----------------------------------------
54	5	9
5->12->9
22,16,-1
1.1
----------------------------------------
55	12	7
12->9->10->7
17,15,15,-1
0.9
----------------------------------------
56	7	6
7->6
12,-1
0.9
----------------------------------------
57	0	7
0->1->7
11,7,-1
0.9
----------------------------------------
58	0	6
0->3->4->6
12,14,22,-1
1.0
----------------------------------------
59	2	10
2->1->7->10
7,8,14,-1
1.5
----------------------------------------
60	2	5
2->5
8,-1
0.5
----------------------------------------
61	8	1
8->11->10->7->1
7,5,17,15,-1
1.5
----------------------------------------
62	7	4
7->6->4
16,16,-1
1.2000000000000002
----------------------------------------
63	2	5
2->5
9,-1
0.5
----------------------------------------
64	1	11
1->7->10->11
10,17,18,-1
1.1
----------------------------------------
65	3	5
3->4->5
15,24,-1
0.5
----------------------------------------
66	7	12
7->10->9->12
18,19,16,-1
0.9
----------------------------------------
67	13	8
13->10->11->8
8,20,7,-1
0.7999999999999999
----------------------------------------
68	5	3
5->2->0->3
26,10,13,-1
1.3
----------------------------------------
69	10	2
10->7->1->2
21,19,11,-1
1.5
----------------------------------------
70	0	7
0->1->7
14,12,-1
0.9
----------------------------------------
71	1	7
1->7
13,-1
0.5
----------------------------------------
72	3	12
3->8->9->12
17,9,17,-1
1.9000000000000001
----------------------------------------
73	2	12
2->5->12
12,27,-1
1.4
----------------------------------------
74	3	13
3->8->11->10->13
18,10,8,22,-1
1.6
----------------------------------------
75	7	11
7->1->0->3->8->11
22,14,15,19,11,-1
2.4
----------------------------------------
76	7	1
7->1
23,-1
0.5
----------------------------------------
77	5	1
5->2->1
28,13,-1
1.1
----------------------------------------
78	0	1
0->1
16,-1
0.4
----------------------------------------
79	4	9
4->5->12->9
25,29,21,-1
1.2
----------------------------------------
80	1	9
1->2->5->12->9
18,14,30,22,-1
2.2
----------------------------------------
81	3	4
3->4
20,-1
0.4
----------------------------------------
82	5	1
5->2->1
31,15,-1
1.1
----------------------------------------
83	2	11
2->0->3->8->11
16,17,21,12,-1
2.0
----------------------------------------
84	6	9
6->4->5->12->9
17,27,32,23,-1
1.5
----------------------------------------
85	4	11
4->5->13->10->11
28,33,10,23,-1
1.3
----------------------------------------
86	6	12
6->4->5->12
18,29,34,-1
1.3
----------------------------------------
87	13	2
13->5->2
11,35,-1
1.3
----------------------------------------
88	0	11
0->1->7->10->11
18,20,24,24,-1
1.5
----------------------------------------
89	10	12
10->9->12
25,21,-1
0.5
----------------------------------------
90	7	4
7->6->4
25,19,-1
1.2000000000000002
----------------------------------------
91	5	1
5->2->1
36,18,-1
1.1
----------------------------------------
92	6	0
6->4->3->0
20,31,22,-1
1.0
----------------------------------------
93	5	0
5->2->0
37,19,-1
1.0
----------------------------------------
94	3	1
3->0->1
23,21,-1
0.7000000000000001
----------------------------------------
95	9	10
9->10
22,-1
0.30000000000000004
----------------------------------------
96	4	6
4->6
32,-1
0.30000000000000004
----------------------------------------
97	4	7
4->6->7
33,22,-1
1.2000000000000002
----------------------------------------
98	7	2
7->1->2
27,23,-1
1.1
----------------------------------------
99	10	0
10->11->8->3->0
27,13,13,24,-1
1.7
----------------------------------------
100	9	5
9->12->5
23,26,-1
1.1
----------------------------------------
101	2	13
2->5->13
21,39,-1
1.3
----------------------------------------
102	3	2
3->0->2
25,23,-1
0.8
----------------------------------------
103	10	8
10->11->8
28,14,-1
0.6
----------------------------------------
104	2	10
2->5->13->10
23,40,13,-1
1.5
----------------------------------------
105	11	2
11->10->13->5->2
15,30,14,41,-1
1.7
----------------------------------------
106	3	1
3->0->1
26,24,-1
0.7000000000000001
----------------------------------------
107	5	13
5->13
42,-1
0.8
----------------------------------------
108	9	11
9->10->11
24,31,-1
0.5
----------------------------------------
109	11	2
11->10->13->5->2
17,32,16,43,-1
1.7
----------------------------------------
110	0	6
0->1->7->6
25,25,28,-1
1.8
----------------------------------------
111	10	3
10->11->8->3
33,18,15,-1
1.4
----------------------------------------
112	9	6
9->12->5->4->6
25,27,44,34,-1
1.5000000000000002
----------------------------------------
113	5	11
5->13->10->11
45,17,34,-1
1.2
----------------------------------------
114	7	1
7->1
29,-1
0.5
----------------------------------------
115	3	0
3->0
28,-1
0.30000000000000004
----------------------------------------
116	0	5
0->2->5
27,26,-1
1.0
----------------------------------------
117	10	9
10->9
35,-1
0.30000000000000004
----------------------------------------
118	11	13
11->10->13
20,36,-1
0.3999999999999999
----------------------------------------
119	4	6
4->6
35,-1
0.30000000000000004
----------------------------------------
120	12	5
12->5
28,-1
0.9
----------------------------------------
121	6	7
6->7
26,-1
0.9
----------------------------------------
122	11	9
11->10->9
21,37,-1
0.5
----------------------------------------
123	0	7
0->1->7
28,27,-1
0.9
----------------------------------------
124	6	2
6->7->1->2
27,32,28,-1
2.0
----------------------------------------
125	1	3
1->0->3
29,29,-1
0.7000000000000001
----------------------------------------
126	13	4
13->5->4
19,48,-1
0.9
----------------------------------------
127	11	7
11->8->3->0->1->7
22,16,30,30,30,-1
2.4000000000000004
----------------------------------------
128	8	11
8->11
17,-1
0.4
----------------------------------------
129	6	4
6->4
28,-1
0.30000000000000004
----------------------------------------
130	10	11
10->11
38,-1
0.19999999999999996
----------------------------------------
131	7	2
7->1->2
34,31,-1
1.1
----------------------------------------
132	3	6
3->0->1->7->6
31,31,32,35,-1
2.1
----------------------------------------
133	3	2
3->0->2
32,32,-1
0.8
----------------------------------------
134	2	6
2->1->7->6
30,33,36,-1
2.0
----------------------------------------
135	2	13
2->5->13
31,49,-1
1.3
----------------------------------------
136	8	11
8->11
18,-1
0.4
----------------------------------------
137	7	3
7->1->0->3
37,34,33,-1
1.2000000000000002
----------------------------------------
138	13	12
13->10->9->12
21,39,28,-1
0.7
----------------------------------------
139	13	11
13->10->11
22,40,-1
0.3999999999999999
----------------------------------------
140	5	9
5->13->10->9
50,23,41,-1
1.3
----------------------------------------
141	8	11
8->11
19,-1
0.4
----------------------------------------
142	12	9
12->9
30,-1
0.19999999999999996
----------------------------------------
143	4	3
4->3
38,-1
0.4
----------------------------------------
144	0	2
0->2
34,-1
0.5
----------------------------------------
145	3	0
3->0
35,-1
0.30000000000000004
----------------------------------------
146	1	3
1->0->3
35,36,-1
0.7000000000000001
----------------------------------------
147	10	8
10->9->8
42,31,-1
1.2000000000000002
----------------------------------------
148	1	2
1->2
36,-1
0.6
----------------------------------------
