Node 0 Forwarding Table:
-1	-1	2	0	
----------------------------------------
-1	-1	3	1	
----------------------------------------
3	2	1	2	
----------------------------------------
1	3	-1	-1	
----------------------------------------
-1	-1	1	4	
----------------------------------------
3	5	-1	-1	
----------------------------------------
1	6	-1	-1	
----------------------------------------
3	7	1	7	
----------------------------------------
-1	-1	2	8	
----------------------------------------
-1	-1	3	9	
----------------------------------------
-1	-1	3	10	
----------------------------------------
-1	-1	1	11	
----------------------------------------
-1	-1	3	12	
----------------------------------------
-1	-1	1	13	
----------------------------------------
1	14	-1	-1	
----------------------------------------
-1	-1	2	15	
----------------------------------------
-1	-1	1	16	
----------------------------------------
2	17	3	17	
----------------------------------------
-1	-1	3	18	
----------------------------------------
3	19	-1	-1	
----------------------------------------
1	20	3	20	
----------------------------------------
2	21	-1	-1	
----------------------------------------
3	22	1	22	
----------------------------------------
1	23	3	23	
----------------------------------------
3	24	-1	-1	
----------------------------------------
2	25	3	25	
----------------------------------------
3	26	2	26	
----------------------------------------
3	27	1	27	
----------------------------------------
-1	-1	1	28	
----------------------------------------
-1	-1	1	29	
----------------------------------------
3	30	-1	-1	
----------------------------------------
-1	-1	2	31	
----------------------------------------
-1	-1	1	32	
----------------------------------------
1	33	3	33	
----------------------------------------
3	34	1	34	
----------------------------------------
3	35	1	35	
----------------------------------------
3	36	2	36	
----------------------------------------
1	37	3	37	
----------------------------------------
-1	-1	2	38	
----------------------------------------
3	39	-1	-1	
----------------------------------------
1	40	3	40	
----------------------------------------

****************************************
Node 1 Forwarding Table:
0	0	-1	-1	
----------------------------------------
7	1	0	1	
----------------------------------------
0	2	7	2	
----------------------------------------
7	3	0	3	
----------------------------------------
0	4	-1	-1	
----------------------------------------
7	5	-1	-1	
----------------------------------------
7	6	-1	-1	
----------------------------------------
0	7	7	7	
----------------------------------------
2	8	7	8	
----------------------------------------
7	9	-1	-1	
----------------------------------------
-1	-1	7	10	
----------------------------------------
7	11	2	11	
----------------------------------------
0	12	7	12	
----------------------------------------
7	13	0	13	
----------------------------------------
-1	-1	7	14	
----------------------------------------
7	15	-1	-1	
----------------------------------------
2	16	-1	-1	
----------------------------------------
0	17	-1	-1	
----------------------------------------
-1	-1	2	18	
----------------------------------------
2	19	-1	-1	
----------------------------------------
2	20	-1	-1	
----------------------------------------
-1	-1	0	21	
----------------------------------------
0	22	-1	-1	
----------------------------------------
-1	-1	0	23	
----------------------------------------
7	24	2	24	
----------------------------------------
-1	-1	2	25	
----------------------------------------
0	26	-1	-1	
----------------------------------------
0	27	7	27	
----------------------------------------
0	28	7	28	
----------------------------------------
7	29	-1	-1	
----------------------------------------
0	30	7	30	
----------------------------------------
7	31	2	31	
----------------------------------------
-1	-1	0	32	
----------------------------------------
0	33	7	33	
----------------------------------------
7	34	2	34	
----------------------------------------
0	35	7	35	
----------------------------------------
2	36	7	36	
----------------------------------------
7	37	0	37	
----------------------------------------
2	38	7	38	
----------------------------------------
-1	-1	0	39	
----------------------------------------
-1	-1	2	40	
----------------------------------------

****************************************
Node 2 Forwarding Table:
0	0	-1	-1	
----------------------------------------
-1	-1	5	1	
----------------------------------------
5	2	-1	-1	
----------------------------------------
-1	-1	5	3	
----------------------------------------
0	4	-1	-1	
----------------------------------------
5	5	-1	-1	
----------------------------------------
-1	-1	5	6	
----------------------------------------
-1	-1	1	7	
----------------------------------------
-1	-1	5	8	
----------------------------------------
-1	-1	5	9	
----------------------------------------
1	10	-1	-1	
----------------------------------------
-1	-1	5	11	
----------------------------------------
5	12	1	12	
----------------------------------------
0	13	5	13	
----------------------------------------
1	14	5	14	
----------------------------------------
5	15	1	15	
----------------------------------------
-1	-1	0	16	
----------------------------------------
5	17	-1	-1	
----------------------------------------
5	18	1	18	
----------------------------------------
5	19	0	19	
----------------------------------------
1	20	-1	-1	
----------------------------------------
-1	-1	0	21	
----------------------------------------
-1	-1	5	22	
----------------------------------------
0	23	-1	-1	
----------------------------------------
-1	-1	5	24	
----------------------------------------
5	25	-1	-1	
----------------------------------------
1	26	5	26	
----------------------------------------
5	27	-1	-1	
----------------------------------------
0	28	5	28	
----------------------------------------
1	29	-1	-1	
----------------------------------------
1	30	-1	-1	
----------------------------------------
0	31	-1	-1	
----------------------------------------
-1	-1	1	32	
----------------------------------------
-1	-1	5	33	
----------------------------------------
0	34	-1	-1	
----------------------------------------
-1	-1	1	35	
----------------------------------------
1	36	-1	-1	
----------------------------------------

****************************************
Node 3 Forwarding Table:
-1	-1	4	0	
----------------------------------------
0	1	8	1	
----------------------------------------
-1	-1	4	2	
----------------------------------------
-1	-1	0	3	
----------------------------------------
4	4	-1	-1	
----------------------------------------
-1	-1	8	5	
----------------------------------------
4	6	-1	-1	
----------------------------------------
4	7	0	7	
----------------------------------------
4	8	-1	-1	
----------------------------------------
-1	-1	0	9	
----------------------------------------
4	10	8	10	
----------------------------------------
0	11	4	11	
----------------------------------------
0	12	4	12	
----------------------------------------
-1	-1	8	13	
----------------------------------------
0	14	4	14	
----------------------------------------
-1	-1	4	15	
----------------------------------------
4	16	-1	-1	
----------------------------------------
-1	-1	4	17	
----------------------------------------
-1	-1	4	18	
----------------------------------------
0	19	8	19	
----------------------------------------
0	20	8	20	
----------------------------------------
4	21	0	21	
----------------------------------------
0	22	8	22	
----------------------------------------
-1	-1	0	23	
----------------------------------------
4	24	8	24	
----------------------------------------
0	25	8	25	
----------------------------------------
8	26	0	26	
----------------------------------------
0	27	8	27	
----------------------------------------
-1	-1	0	28	
----------------------------------------
-1	-1	0	29	
----------------------------------------
8	30	-1	-1	
----------------------------------------
-1	-1	0	31	
----------------------------------------
0	32	-1	-1	
----------------------------------------
8	33	0	33	
----------------------------------------
-1	-1	0	34	
----------------------------------------
-1	-1	0	35	
----------------------------------------
0	36	-1	-1	
----------------------------------------
-1	-1	8	37	
----------------------------------------
-1	-1	0	38	
----------------------------------------
0	39	-1	-1	
----------------------------------------

****************************************
Node 4 Forwarding Table:
3	0	-1	-1	
----------------------------------------
5	1	6	1	
----------------------------------------
3	2	5	2	
----------------------------------------
6	3	-1	-1	
----------------------------------------
5	4	3	4	
----------------------------------------
5	5	-1	-1	
----------------------------------------
-1	-1	5	6	
----------------------------------------
6	7	-1	-1	
----------------------------------------
6	8	3	8	
----------------------------------------
5	9	6	9	
----------------------------------------
5	10	6	10	
----------------------------------------
6	11	3	11	
----------------------------------------
5	12	3	12	
----------------------------------------
-1	-1	5	13	
----------------------------------------
6	14	5	14	
----------------------------------------
5	15	-1	-1	
----------------------------------------
-1	-1	6	16	
----------------------------------------
5	17	3	17	
----------------------------------------
5	18	-1	-1	
----------------------------------------
3	19	5	19	
----------------------------------------
3	20	6	20	
----------------------------------------
-1	-1	6	21	
----------------------------------------
3	22	6	22	
----------------------------------------
6	23	-1	-1	
----------------------------------------
3	24	5	24	
----------------------------------------
5	25	3	25	
----------------------------------------
3	26	5	26	
----------------------------------------
3	27	5	27	
----------------------------------------
5	28	-1	-1	
----------------------------------------
5	29	6	29	
----------------------------------------
-1	-1	5	30	
----------------------------------------
6	31	5	31	
----------------------------------------
-1	-1	5	32	
----------------------------------------
6	33	5	33	
----------------------------------------
6	34	-1	-1	
----------------------------------------
6	35	3	35	
----------------------------------------
6	36	3	36	
----------------------------------------
-1	-1	6	37	
----------------------------------------
-1	-1	6	38	
----------------------------------------
-1	-1	6	39	
----------------------------------------
6	40	5	40	
----------------------------------------
6	41	-1	-1	
----------------------------------------

****************************************
Node 5 Forwarding Table:
12	0	-1	-1	
----------------------------------------
12	1	4	1	
----------------------------------------
4	2	12	2	
----------------------------------------
-1	-1	13	3	
----------------------------------------
12	4	-1	-1	
----------------------------------------
12	5	4	5	
----------------------------------------
2	6	4	6	
----------------------------------------
4	7	2	7	
----------------------------------------
-1	-1	12	8	
----------------------------------------
12	9	-1	-1	
----------------------------------------
12	10	-1	-1	
----------------------------------------
2	11	4	11	
----------------------------------------
12	12	4	12	
----------------------------------------
13	13	4	13	
----------------------------------------
4	14	12	14	
----------------------------------------
4	15	-1	-1	
----------------------------------------
13	16	4	16	
----------------------------------------
-1	-1	4	17	
----------------------------------------
12	18	4	18	
----------------------------------------
13	19	2	19	
----------------------------------------
2	20	12	20	
----------------------------------------
4	21	12	21	
----------------------------------------
-1	-1	12	22	
----------------------------------------
2	23	-1	-1	
----------------------------------------
2	24	-1	-1	
----------------------------------------
4	25	-1	-1	
----------------------------------------
-1	-1	4	26	
----------------------------------------
4	27	12	27	
----------------------------------------
2	28	12	28	
----------------------------------------
4	29	13	29	
----------------------------------------
-1	-1	2	30	
----------------------------------------
2	31	4	31	
----------------------------------------
12	32	4	32	
----------------------------------------
4	33	12	33	
----------------------------------------
2	34	12	34	
----------------------------------------
-1	-1	2	35	
----------------------------------------
4	36	12	36	
----------------------------------------
4	37	13	37	
----------------------------------------
4	38	12	38	
----------------------------------------
13	39	2	39	
----------------------------------------
-1	-1	2	40	
----------------------------------------
-1	-1	2	41	
----------------------------------------
12	42	-1	-1	
----------------------------------------
2	43	13	43	
----------------------------------------
2	44	13	44	
----------------------------------------
13	45	2	45	
----------------------------------------
2	46	12	46	
----------------------------------------
-1	-1	13	47	
----------------------------------------
13	48	2	48	
----------------------------------------
-1	-1	13	49	
----------------------------------------
2	50	-1	-1	
----------------------------------------
12	51	-1	-1	
----------------------------------------
4	52	13	52	
----------------------------------------
2	53	13	53	
----------------------------------------
-1	-1	12	54	
----------------------------------------

****************************************
Node 6 Forwarding Table:
-1	-1	7	0	
----------------------------------------
4	1	-1	-1	
----------------------------------------
-1	-1	4	2	
----------------------------------------
-1	-1	4	3	
----------------------------------------
-1	-1	4	4	
----------------------------------------
4	5	-1	-1	
----------------------------------------
4	6	-1	-1	
----------------------------------------
-1	-1	4	7	
----------------------------------------
7	8	-1	-1	
----------------------------------------
-1	-1	4	9	
----------------------------------------
4	10	7	10	
----------------------------------------
-1	-1	7	11	
----------------------------------------
4	12	-1	-1	
----------------------------------------
4	13	7	13	
----------------------------------------
7	14	-1	-1	
----------------------------------------
4	15	-1	-1	
----------------------------------------
7	16	4	16	
----------------------------------------
4	17	7	17	
----------------------------------------
-1	-1	4	18	
----------------------------------------
-1	-1	4	19	
----------------------------------------
7	20	4	20	
----------------------------------------
-1	-1	4	21	
----------------------------------------
-1	-1	4	22	
----------------------------------------
4	23	-1	-1	
----------------------------------------
4	24	7	24	
----------------------------------------
7	25	-1	-1	
----------------------------------------
7	26	-1	-1	
----------------------------------------
4	27	-1	-1	
----------------------------------------
7	28	4	28	
----------------------------------------
-1	-1	7	29	
----------------------------------------
-1	-1	7	30	
----------------------------------------
-1	-1	4	31	
----------------------------------------
7	32	-1	-1	
----------------------------------------
7	33	-1	-1	
----------------------------------------
7	34	-1	-1	
----------------------------------------

****************************************
Node 7 Forwarding Table:
6	0	-1	-1	
----------------------------------------
-1	-1	10	1	
----------------------------------------
10	2	1	2	
----------------------------------------
1	3	10	3	
----------------------------------------
-1	-1	1	4	
----------------------------------------
-1	-1	1	5	
----------------------------------------
10	6	6	6	
----------------------------------------
6	7	-1	-1	
----------------------------------------
10	8	1	8	
----------------------------------------
6	9	10	9	
----------------------------------------
6	10	-1	-1	
----------------------------------------
10	11	-1	-1	
----------------------------------------
-1	-1	6	12	
----------------------------------------
1	13	-1	-1	
----------------------------------------
1	14	10	14	
----------------------------------------
10	15	1	15	
----------------------------------------
-1	-1	6	16	
----------------------------------------
1	17	10	17	
----------------------------------------
-1	-1	10	18	
----------------------------------------
10	19	1	19	
----------------------------------------
1	20	-1	-1	
----------------------------------------
10	21	1	21	
----------------------------------------
1	22	-1	-1	
----------------------------------------
10	23	-1	-1	
----------------------------------------
-1	-1	10	24	
----------------------------------------
-1	-1	1	25	
----------------------------------------
6	26	-1	-1	
----------------------------------------
-1	-1	6	27	
----------------------------------------
6	28	-1	-1	
----------------------------------------
-1	-1	1	29	
----------------------------------------
1	30	10	30	
----------------------------------------
1	31	6	31	
----------------------------------------
10	32	6	32	
----------------------------------------
-1	-1	1	33	
----------------------------------------
-1	-1	6	34	
----------------------------------------
6	35	-1	-1	
----------------------------------------
1	36	-1	-1	
----------------------------------------
6	37	1	37	
----------------------------------------
1	38	-1	-1	
----------------------------------------
-1	-1	1	39	
----------------------------------------
1	40	6	40	
----------------------------------------
1	41	6	41	
----------------------------------------
-1	-1	1	42	
----------------------------------------
1	43	6	43	
----------------------------------------

****************************************
Node 8 Forwarding Table:
-1	-1	9	0	
----------------------------------------
3	1	-1	-1	
----------------------------------------
-1	-1	9	2	
----------------------------------------
3	3	-1	-1	
----------------------------------------
3	4	-1	-1	
----------------------------------------
-1	-1	9	5	
----------------------------------------
3	6	11	6	
----------------------------------------
-1	-1	11	7	
----------------------------------------
11	8	-1	-1	
----------------------------------------
3	9	11	9	
----------------------------------------
3	10	11	10	
----------------------------------------
3	11	11	11	
----------------------------------------
3	12	-1	-1	
----------------------------------------
3	13	11	13	
----------------------------------------
11	14	3	14	
----------------------------------------
3	15	-1	-1	
----------------------------------------
11	16	-1	-1	
----------------------------------------
11	17	3	17	
----------------------------------------
11	18	3	18	
----------------------------------------
-1	-1	11	19	
----------------------------------------
-1	-1	11	20	
----------------------------------------
3	21	9	21	
----------------------------------------
-1	-1	11	22	
----------------------------------------
11	23	-1	-1	
----------------------------------------

****************************************
Node 9 Forwarding Table:
8	0	-1	-1	
----------------------------------------
10	1	-1	-1	
----------------------------------------
12	2	-1	-1	
----------------------------------------
-1	-1	12	3	
----------------------------------------
8	4	12	4	
----------------------------------------
-1	-1	12	5	
----------------------------------------
-1	-1	12	6	
----------------------------------------
10	7	12	7	
----------------------------------------
12	8	-1	-1	
----------------------------------------
10	9	-1	-1	
----------------------------------------
-1	-1	10	10	
----------------------------------------
-1	-1	12	11	
----------------------------------------
12	12	-1	-1	
----------------------------------------
8	13	12	13	
----------------------------------------
12	14	-1	-1	
----------------------------------------
12	15	10	15	
----------------------------------------
10	16	12	16	
----------------------------------------
-1	-1	10	17	
----------------------------------------
12	18	10	18	
----------------------------------------
-1	-1	12	19	
----------------------------------------
12	20	-1	-1	
----------------------------------------
12	21	-1	-1	
----------------------------------------
12	22	-1	-1	
----------------------------------------
10	23	12	23	
----------------------------------------
-1	-1	10	24	
----------------------------------------
-1	-1	12	25	
----------------------------------------
12	26	-1	-1	
----------------------------------------
-1	-1	10	27	
----------------------------------------
-1	-1	10	28	
----------------------------------------
10	29	-1	-1	
----------------------------------------
10	30	-1	-1	
----------------------------------------
10	31	12	31	
----------------------------------------
12	32	-1	-1	
----------------------------------------
8	33	12	33	
----------------------------------------
12	34	-1	-1	
----------------------------------------

****************************************
Node 10 Forwarding Table:
-1	-1	11	0	
----------------------------------------
7	1	9	1	
----------------------------------------
13	2	11	2	
----------------------------------------
13	3	7	3	
----------------------------------------
7	4	13	4	
----------------------------------------
-1	-1	13	5	
----------------------------------------
-1	-1	9	6	
----------------------------------------
-1	-1	7	7	
----------------------------------------
-1	-1	13	8	
----------------------------------------
11	9	9	9	
----------------------------------------
9	10	7	10	
----------------------------------------
11	11	13	11	
----------------------------------------
7	12	-1	-1	
----------------------------------------
13	13	-1	-1	
----------------------------------------
11	14	-1	-1	
----------------------------------------
9	15	7	15	
----------------------------------------
7	16	-1	-1	
----------------------------------------
11	17	7	17	
----------------------------------------
7	18	11	18	
----------------------------------------
7	19	9	19	
----------------------------------------
13	20	11	20	
----------------------------------------
-1	-1	7	21	
----------------------------------------
9	22	7	22	
----------------------------------------
9	23	7	23	
----------------------------------------
7	24	11	24	
----------------------------------------
13	25	11	25	
----------------------------------------
-1	-1	9	26	
----------------------------------------
11	27	-1	-1	
----------------------------------------
9	28	-1	-1	
----------------------------------------
11	29	-1	-1	
----------------------------------------
-1	-1	11	30	
----------------------------------------
-1	-1	11	31	
----------------------------------------
13	32	-1	-1	
----------------------------------------
11	33	13	33	
----------------------------------------
7	34	11	34	
----------------------------------------
9	35	11	35	
----------------------------------------
11	36	13	36	
----------------------------------------
-1	-1	11	37	
----------------------------------------
9	38	7	38	
----------------------------------------
13	39	11	39	
----------------------------------------
-1	-1	9	40	
----------------------------------------
11	41	13	41	
----------------------------------------
11	42	9	42	
----------------------------------------
-1	-1	11	43	
----------------------------------------
13	44	9	44	
----------------------------------------
13	45	11	45	
----------------------------------------
-1	-1	11	46	
----------------------------------------
-1	-1	11	47	
----------------------------------------

****************************************
Node 11 Forwarding Table:
10	0	-1	-1	
----------------------------------------
10	1	-1	-1	
----------------------------------------
-1	-1	10	2	
----------------------------------------
-1	-1	10	3	
----------------------------------------
8	4	10	4	
----------------------------------------
8	5	10	5	
----------------------------------------
10	6	-1	-1	
----------------------------------------
10	7	8	7	
----------------------------------------
10	8	-1	-1	
----------------------------------------
8	9	-1	-1	
----------------------------------------
10	10	-1	-1	
----------------------------------------
8	11	-1	-1	
----------------------------------------
8	12	10	12	
----------------------------------------
8	13	10	13	
----------------------------------------
10	14	8	14	
----------------------------------------
10	15	8	15	
----------------------------------------
-1	-1	10	16	
----------------------------------------
10	17	-1	-1	
----------------------------------------
10	18	-1	-1	
----------------------------------------
-1	-1	10	19	
----------------------------------------
10	20	8	20	
----------------------------------------
10	21	-1	-1	
----------------------------------------
-1	-1	10	22	
----------------------------------------
-1	-1	10	23	
----------------------------------------
-1	-1	8	24	
----------------------------------------
8	25	-1	-1	
----------------------------------------
10	26	-1	-1	
----------------------------------------
8	27	-1	-1	
----------------------------------------
10	28	-1	-1	
----------------------------------------
8	29	-1	-1	
----------------------------------------
10	30	-1	-1	
----------------------------------------
10	31	8	31	
----------------------------------------

****************************************
Node 12 Forwarding Table:
-1	-1	5	0	
----------------------------------------
-1	-1	5	1	
----------------------------------------
5	2	9	2	
----------------------------------------
-1	-1	5	3	
----------------------------------------
9	4	5	4	
----------------------------------------
9	5	-1	-1	
----------------------------------------
5	6	-1	-1	
----------------------------------------
9	7	5	7	
----------------------------------------
9	8	5	8	
----------------------------------------
-1	-1	5	9	
----------------------------------------
9	10	-1	-1	
----------------------------------------
5	11	9	11	
----------------------------------------
9	12	5	12	
----------------------------------------
5	13	9	13	
----------------------------------------
5	14	-1	-1	
----------------------------------------
9	15	-1	-1	
----------------------------------------
5	16	9	16	
----------------------------------------
-1	-1	9	17	
----------------------------------------
9	18	-1	-1	
----------------------------------------
5	19	-1	-1	
----------------------------------------
5	20	-1	-1	
----------------------------------------
-1	-1	9	21	
----------------------------------------
9	22	5	22	
----------------------------------------
5	23	9	23	
----------------------------------------
5	24	9	24	
----------------------------------------
5	25	9	25	
----------------------------------------
5	26	-1	-1	
----------------------------------------
9	27	-1	-1	
----------------------------------------
9	28	5	28	
----------------------------------------
5	29	9	29	
----------------------------------------
-1	-1	5	30	
----------------------------------------
9	31	-1	-1	
----------------------------------------
5	32	9	32	
----------------------------------------
9	33	-1	-1	
----------------------------------------
-1	-1	9	34	
----------------------------------------

****************************************
Node 13 Forwarding Table:
5	0	10	0	
----------------------------------------
-1	-1	10	1	
----------------------------------------
10	2	-1	-1	
----------------------------------------
-1	-1	5	3	
----------------------------------------
10	4	-1	-1	
----------------------------------------
10	5	5	5	
----------------------------------------
10	6	5	6	
----------------------------------------
-1	-1	10	7	
----------------------------------------
-1	-1	10	8	
----------------------------------------
5	9	-1	-1	
----------------------------------------
5	10	10	10	
----------------------------------------
-1	-1	5	11	
----------------------------------------
5	12	-1	-1	
----------------------------------------
5	13	10	13	
----------------------------------------
10	14	5	14	
----------------------------------------
5	15	-1	-1	
----------------------------------------
10	16	5	16	
----------------------------------------
5	17	10	17	
----------------------------------------
10	18	-1	-1	
----------------------------------------
5	19	-1	-1	
----------------------------------------
5	20	-1	-1	
----------------------------------------
-1	-1	10	21	
----------------------------------------
-1	-1	10	22	
----------------------------------------

****************************************
