Node 0 Forwarding Table:
-1	-1	3	0	
----------------------------------------
1	1	3	1	
----------------------------------------
-1	-1	1	2	
----------------------------------------
4	3	1	3	
----------------------------------------
1	4	3	4	
----------------------------------------
1	5	3	5	
----------------------------------------
3	6	-1	-1	
----------------------------------------
-1	-1	3	7	
----------------------------------------
1	8	-1	-1	
----------------------------------------
4	9	-1	-1	
----------------------------------------
-1	-1	4	10	
----------------------------------------
1	11	3	11	
----------------------------------------
4	12	-1	-1	
----------------------------------------
1	13	-1	-1	
----------------------------------------
1	14	3	14	
----------------------------------------
-1	-1	1	15	
----------------------------------------
-1	-1	4	16	
----------------------------------------
-1	-1	4	17	
----------------------------------------
1	18	-1	-1	
----------------------------------------
-1	-1	1	19	
----------------------------------------
4	20	-1	-1	
----------------------------------------
-1	-1	3	21	
----------------------------------------
-1	-1	3	22	
----------------------------------------
-1	-1	1	23	
----------------------------------------
1	24	3	24	
----------------------------------------
3	25	4	25	
----------------------------------------
-1	-1	1	26	
----------------------------------------
3	27	1	27	
----------------------------------------
-1	-1	4	28	
----------------------------------------
4	29	1	29	
----------------------------------------
3	30	1	30	
----------------------------------------
-1	-1	4	31	
----------------------------------------
-1	-1	4	32	
----------------------------------------
-1	-1	4	33	
----------------------------------------
3	34	4	34	
----------------------------------------
3	35	-1	-1	
----------------------------------------
3	36	-1	-1	
----------------------------------------
4	37	-1	-1	
----------------------------------------

****************************************
Node 1 Forwarding Table:
-1	-1	0	0	
----------------------------------------
-1	-1	7	1	
----------------------------------------
0	2	7	2	
----------------------------------------
-1	-1	2	3	
----------------------------------------
-1	-1	7	4	
----------------------------------------
0	5	7	5	
----------------------------------------
-1	-1	0	6	
----------------------------------------
-1	-1	7	7	
----------------------------------------
7	8	0	8	
----------------------------------------
7	9	-1	-1	
----------------------------------------
7	10	0	10	
----------------------------------------
-1	-1	7	11	
----------------------------------------
-1	-1	7	12	
----------------------------------------
7	13	-1	-1	
----------------------------------------
2	14	-1	-1	
----------------------------------------
-1	-1	0	15	
----------------------------------------
7	16	0	16	
----------------------------------------
-1	-1	7	17	
----------------------------------------
7	18	0	18	
----------------------------------------
0	19	7	19	
----------------------------------------
7	20	-1	-1	
----------------------------------------
7	21	-1	-1	
----------------------------------------
-1	-1	7	22	
----------------------------------------
-1	-1	7	23	
----------------------------------------
7	24	0	24	
----------------------------------------
0	25	-1	-1	
----------------------------------------
7	26	-1	-1	
----------------------------------------
-1	-1	7	27	
----------------------------------------
0	28	7	28	
----------------------------------------
7	29	0	29	
----------------------------------------
0	30	-1	-1	
----------------------------------------
0	31	7	31	
----------------------------------------
7	32	-1	-1	
----------------------------------------
-1	-1	7	33	
----------------------------------------
2	34	-1	-1	
----------------------------------------
0	35	2	35	
----------------------------------------
0	36	-1	-1	
----------------------------------------
-1	-1	2	37	
----------------------------------------

****************************************
Node 2 Forwarding Table:
-1	-1	6	0	
----------------------------------------
1	1	6	1	
----------------------------------------
7	2	6	2	
----------------------------------------
6	3	7	3	
----------------------------------------
7	4	-1	-1	
----------------------------------------
6	5	-1	-1	
----------------------------------------
-1	-1	6	6	
----------------------------------------
6	7	7	7	
----------------------------------------
6	8	-1	-1	
----------------------------------------
6	9	1	9	
----------------------------------------
6	10	7	10	
----------------------------------------
7	11	6	11	
----------------------------------------
7	12	6	12	
----------------------------------------
6	13	-1	-1	
----------------------------------------
-1	-1	6	14	
----------------------------------------
7	15	6	15	
----------------------------------------
6	16	1	16	
----------------------------------------
-1	-1	7	17	
----------------------------------------
1	18	-1	-1	
----------------------------------------
1	19	6	19	
----------------------------------------

****************************************
Node 3 Forwarding Table:
0	0	5	0	
----------------------------------------
0	1	-1	-1	
----------------------------------------
4	2	-1	-1	
----------------------------------------
5	3	-1	-1	
----------------------------------------
0	4	10	4	
----------------------------------------
0	5	-1	-1	
----------------------------------------
10	6	4	6	
----------------------------------------
5	7	0	7	
----------------------------------------
4	8	10	8	
----------------------------------------
0	9	10	9	
----------------------------------------
10	10	4	10	
----------------------------------------
10	11	-1	-1	
----------------------------------------
4	12	10	12	
----------------------------------------
0	13	-1	-1	
----------------------------------------
10	14	4	14	
----------------------------------------
10	15	-1	-1	
----------------------------------------
4	16	5	16	
----------------------------------------
0	17	-1	-1	
----------------------------------------
-1	-1	10	18	
----------------------------------------
5	19	-1	-1	
----------------------------------------
4	20	5	20	
----------------------------------------
-1	-1	4	21	
----------------------------------------
0	22	5	22	
----------------------------------------
-1	-1	10	23	
----------------------------------------
0	24	-1	-1	
----------------------------------------
0	25	5	25	
----------------------------------------
10	26	0	26	
----------------------------------------
-1	-1	0	27	
----------------------------------------
10	28	5	28	
----------------------------------------
-1	-1	4	29	
----------------------------------------
4	30	5	30	
----------------------------------------
10	31	5	31	
----------------------------------------
4	32	10	32	
----------------------------------------
10	33	5	33	
----------------------------------------
10	34	0	34	
----------------------------------------
10	35	0	35	
----------------------------------------
5	36	0	36	
----------------------------------------
-1	-1	0	37	
----------------------------------------
-1	-1	4	38	
----------------------------------------

****************************************
Node 4 Forwarding Table:
6	0	-1	-1	
----------------------------------------
6	1	3	1	
----------------------------------------
-1	-1	0	2	
----------------------------------------
3	3	-1	-1	
----------------------------------------
-1	-1	3	4	
----------------------------------------
3	5	0	5	
----------------------------------------
0	6	6	6	
----------------------------------------
6	7	-1	-1	
----------------------------------------
-1	-1	3	8	
----------------------------------------
6	9	0	9	
----------------------------------------
3	10	6	10	
----------------------------------------
-1	-1	3	11	
----------------------------------------
-1	-1	6	12	
----------------------------------------
0	13	6	13	
----------------------------------------
0	14	6	14	
----------------------------------------
-1	-1	3	15	
----------------------------------------
3	16	-1	-1	
----------------------------------------
-1	-1	6	17	
----------------------------------------
6	18	0	18	
----------------------------------------
0	19	-1	-1	
----------------------------------------
3	20	6	20	
----------------------------------------
0	21	3	21	
----------------------------------------
6	22	3	22	
----------------------------------------
6	23	0	23	
----------------------------------------
0	24	6	24	
----------------------------------------
0	25	6	25	
----------------------------------------
-1	-1	6	26	
----------------------------------------
0	27	6	27	
----------------------------------------
0	28	-1	-1	
----------------------------------------
6	29	-1	-1	
----------------------------------------
6	30	0	30	
----------------------------------------
3	31	-1	-1	
----------------------------------------

****************************************
Node 5 Forwarding Table:
8	0	11	0	
----------------------------------------
3	1	11	1	
----------------------------------------
11	2	8	2	
----------------------------------------
8	3	3	3	
----------------------------------------
8	4	11	4	
----------------------------------------
8	5	3	5	
----------------------------------------
8	6	-1	-1	
----------------------------------------
3	7	11	7	
----------------------------------------
8	8	3	8	
----------------------------------------
-1	-1	8	9	
----------------------------------------
3	10	11	10	
----------------------------------------
-1	-1	8	11	
----------------------------------------
-1	-1	8	12	
----------------------------------------
11	13	8	13	
----------------------------------------
8	14	11	14	
----------------------------------------
3	15	-1	-1	
----------------------------------------
11	16	8	16	
----------------------------------------
11	17	8	17	
----------------------------------------
3	18	8	18	
----------------------------------------
3	19	8	19	
----------------------------------------
8	20	-1	-1	
----------------------------------------
3	21	8	21	
----------------------------------------
3	22	8	22	
----------------------------------------
-1	-1	8	23	
----------------------------------------
3	24	8	24	
----------------------------------------
8	25	11	25	
----------------------------------------
8	26	3	26	
----------------------------------------

****************************************
Node 6 Forwarding Table:
2	0	9	0	
----------------------------------------
-1	-1	4	1	
----------------------------------------
9	2	4	2	
----------------------------------------
2	3	9	3	
----------------------------------------
2	4	9	4	
----------------------------------------
-1	-1	9	5	
----------------------------------------
9	6	-1	-1	
----------------------------------------
-1	-1	2	7	
----------------------------------------
-1	-1	9	8	
----------------------------------------
9	9	-1	-1	
----------------------------------------
9	10	2	10	
----------------------------------------
-1	-1	9	11	
----------------------------------------
4	12	9	12	
----------------------------------------
2	13	9	13	
----------------------------------------
9	14	2	14	
----------------------------------------
-1	-1	2	15	
----------------------------------------
9	16	4	16	
----------------------------------------
-1	-1	2	17	
----------------------------------------
9	18	4	18	
----------------------------------------
4	19	9	19	
----------------------------------------
4	20	9	20	
----------------------------------------
9	21	2	21	
----------------------------------------
-1	-1	9	22	
----------------------------------------
4	23	9	23	
----------------------------------------
4	24	9	24	
----------------------------------------
9	25	-1	-1	
----------------------------------------
4	26	9	26	
----------------------------------------
2	27	-1	-1	
----------------------------------------
9	28	4	28	
----------------------------------------
2	29	-1	-1	
----------------------------------------
9	30	2	30	
----------------------------------------
2	31	9	31	
----------------------------------------
4	32	-1	-1	
----------------------------------------
2	33	-1	-1	
----------------------------------------
9	34	4	34	
----------------------------------------
9	35	2	35	
----------------------------------------
-1	-1	4	36	
----------------------------------------
4	37	-1	-1	
----------------------------------------
4	38	9	38	
----------------------------------------
4	39	-1	-1	
----------------------------------------
4	40	-1	-1	
----------------------------------------
9	41	4	41	
----------------------------------------
2	42	4	42	
----------------------------------------

****************************************
Node 7 Forwarding Table:
15	0	-1	-1	
----------------------------------------
-1	-1	15	1	
----------------------------------------
1	2	15	2	
----------------------------------------
1	3	-1	-1	
----------------------------------------
1	4	15	4	
----------------------------------------
1	5	15	5	
----------------------------------------
-1	-1	2	6	
----------------------------------------
-1	-1	15	7	
----------------------------------------
2	8	15	8	
----------------------------------------
15	9	-1	-1	
----------------------------------------
1	10	15	10	
----------------------------------------
15	11	1	11	
----------------------------------------
15	12	2	12	
----------------------------------------
15	13	1	13	
----------------------------------------
15	14	1	14	
----------------------------------------
1	15	15	15	
----------------------------------------
15	16	-1	-1	
----------------------------------------
2	17	-1	-1	
----------------------------------------
1	18	15	18	
----------------------------------------
15	19	1	19	
----------------------------------------
-1	-1	15	20	
----------------------------------------
15	21	1	21	
----------------------------------------
1	22	15	22	
----------------------------------------
-1	-1	1	23	
----------------------------------------
2	24	-1	-1	
----------------------------------------
1	25	15	25	
----------------------------------------
15	26	-1	-1	
----------------------------------------
15	27	1	27	
----------------------------------------
15	28	1	28	
----------------------------------------
1	29	-1	-1	
----------------------------------------
1	30	15	30	
----------------------------------------
15	31	1	31	
----------------------------------------
15	32	1	32	
----------------------------------------
-1	-1	2	33	
----------------------------------------
1	34	15	34	
----------------------------------------
15	35	2	35	
----------------------------------------
1	36	15	36	
----------------------------------------
-1	-1	1	37	
----------------------------------------
1	38	15	38	
----------------------------------------
-1	-1	1	39	
----------------------------------------
-1	-1	15	40	
----------------------------------------
15	41	2	41	
----------------------------------------
1	42	-1	-1	
----------------------------------------
2	43	-1	-1	
----------------------------------------

****************************************
Node 8 Forwarding Table:
9	0	5	0	
----------------------------------------
9	1	12	1	
----------------------------------------
12	2	-1	-1	
----------------------------------------
5	3	-1	-1	
----------------------------------------
12	4	5	4	
----------------------------------------
9	5	12	5	
----------------------------------------
12	6	9	6	
----------------------------------------
9	7	5	7	
----------------------------------------
12	8	9	8	
----------------------------------------
12	9	5	9	
----------------------------------------
12	10	9	10	
----------------------------------------
9	11	5	11	
----------------------------------------
9	12	-1	-1	
----------------------------------------
-1	-1	9	13	
----------------------------------------
-1	-1	9	14	
----------------------------------------
-1	-1	9	15	
----------------------------------------
12	16	9	16	
----------------------------------------
9	17	12	17	
----------------------------------------
12	18	9	18	
----------------------------------------
9	19	-1	-1	
----------------------------------------
12	20	5	20	
----------------------------------------
5	21	9	21	
----------------------------------------
5	22	12	22	
----------------------------------------
5	23	9	23	
----------------------------------------
5	24	12	24	
----------------------------------------
-1	-1	12	25	
----------------------------------------
9	26	-1	-1	
----------------------------------------
12	27	9	27	
----------------------------------------
12	28	-1	-1	
----------------------------------------
12	29	5	29	
----------------------------------------
-1	-1	12	30	
----------------------------------------
5	31	9	31	
----------------------------------------
5	32	9	32	
----------------------------------------
9	33	-1	-1	
----------------------------------------
5	34	-1	-1	
----------------------------------------
5	35	12	35	
----------------------------------------
9	36	5	36	
----------------------------------------
5	37	12	37	
----------------------------------------
5	38	12	38	
----------------------------------------
5	39	9	39	
----------------------------------------
5	40	12	40	
----------------------------------------
9	41	5	41	
----------------------------------------
9	42	-1	-1	
----------------------------------------
-1	-1	5	43	
----------------------------------------

****************************************
Node 9 Forwarding Table:
6	0	8	0	
----------------------------------------
-1	-1	8	1	
----------------------------------------
-1	-1	6	2	
----------------------------------------
6	3	-1	-1	
----------------------------------------
6	4	8	4	
----------------------------------------
6	5	14	5	
----------------------------------------
8	6	6	6	
----------------------------------------
6	7	8	7	
----------------------------------------
14	8	-1	-1	
----------------------------------------
8	9	6	9	
----------------------------------------
-1	-1	14	10	
----------------------------------------
8	11	6	11	
----------------------------------------
6	12	8	12	
----------------------------------------
14	13	8	13	
----------------------------------------
8	14	-1	-1	
----------------------------------------
6	15	14	15	
----------------------------------------
6	16	-1	-1	
----------------------------------------
8	17	6	17	
----------------------------------------
8	18	6	18	
----------------------------------------
-1	-1	6	19	
----------------------------------------
6	20	14	20	
----------------------------------------
-1	-1	14	21	
----------------------------------------
8	22	-1	-1	
----------------------------------------
6	23	8	23	
----------------------------------------
8	24	6	24	
----------------------------------------
6	25	8	25	
----------------------------------------
6	26	-1	-1	
----------------------------------------
6	27	14	27	
----------------------------------------
14	28	-1	-1	
----------------------------------------
14	29	6	29	
----------------------------------------
8	30	-1	-1	
----------------------------------------
-1	-1	14	31	
----------------------------------------
8	32	14	32	
----------------------------------------
6	33	8	33	
----------------------------------------
8	34	-1	-1	
----------------------------------------
-1	-1	6	35	
----------------------------------------
8	36	-1	-1	
----------------------------------------
14	37	6	37	
----------------------------------------
8	38	-1	-1	
----------------------------------------
6	39	8	39	
----------------------------------------
14	40	8	40	
----------------------------------------
8	41	14	41	
----------------------------------------
14	42	6	42	
----------------------------------------
14	43	8	43	
----------------------------------------
-1	-1	6	44	
----------------------------------------
14	45	8	45	
----------------------------------------
6	46	14	46	
----------------------------------------
-1	-1	14	47	
----------------------------------------
-1	-1	14	48	
----------------------------------------
-1	-1	14	49	
----------------------------------------
-1	-1	6	50	
----------------------------------------

****************************************
Node 10 Forwarding Table:
-1	-1	11	0	
----------------------------------------
-1	-1	11	1	
----------------------------------------
11	2	-1	-1	
----------------------------------------
-1	-1	11	3	
----------------------------------------
3	4	-1	-1	
----------------------------------------
-1	-1	11	5	
----------------------------------------
11	6	3	6	
----------------------------------------
3	7	11	7	
----------------------------------------
11	8	-1	-1	
----------------------------------------
3	9	11	9	
----------------------------------------
11	10	-1	-1	
----------------------------------------
-1	-1	3	11	
----------------------------------------
11	12	3	12	
----------------------------------------
-1	-1	11	13	
----------------------------------------
3	14	11	14	
----------------------------------------
-1	-1	3	15	
----------------------------------------
11	16	-1	-1	
----------------------------------------
11	17	3	17	
----------------------------------------
3	18	11	18	
----------------------------------------
3	19	-1	-1	
----------------------------------------
-1	-1	3	20	
----------------------------------------
-1	-1	3	21	
----------------------------------------
-1	-1	3	22	
----------------------------------------
3	23	-1	-1	
----------------------------------------
-1	-1	3	24	
----------------------------------------
11	25	3	25	
----------------------------------------
-1	-1	3	26	
----------------------------------------

****************************************
Node 11 Forwarding Table:
5	0	-1	-1	
----------------------------------------
5	1	-1	-1	
----------------------------------------
10	2	-1	-1	
----------------------------------------
10	3	5	3	
----------------------------------------
17	4	10	4	
----------------------------------------
17	5	-1	-1	
----------------------------------------
-1	-1	17	6	
----------------------------------------
10	7	17	7	
----------------------------------------
-1	-1	17	8	
----------------------------------------
5	9	-1	-1	
----------------------------------------
17	10	-1	-1	
----------------------------------------
10	11	17	11	
----------------------------------------
17	12	10	12	
----------------------------------------
10	13	17	13	
----------------------------------------
17	14	10	14	
----------------------------------------
10	15	17	15	
----------------------------------------
17	16	10	16	
----------------------------------------
17	17	10	17	
----------------------------------------
10	18	17	18	
----------------------------------------
10	19	17	19	
----------------------------------------
17	20	-1	-1	
----------------------------------------
17	21	10	21	
----------------------------------------
17	22	10	22	
----------------------------------------
-1	-1	17	23	
----------------------------------------
5	24	-1	-1	
----------------------------------------
10	25	-1	-1	
----------------------------------------
5	26	-1	-1	
----------------------------------------
-1	-1	5	27	
----------------------------------------
5	28	-1	-1	
----------------------------------------
-1	-1	5	29	
----------------------------------------
-1	-1	5	30	
----------------------------------------
5	31	-1	-1	
----------------------------------------
-1	-1	10	32	
----------------------------------------

****************************************
Node 12 Forwarding Table:
8	0	-1	-1	
----------------------------------------
18	1	17	1	
----------------------------------------
-1	-1	18	2	
----------------------------------------
17	3	8	3	
----------------------------------------
18	4	8	4	
----------------------------------------
8	5	-1	-1	
----------------------------------------
17	6	18	6	
----------------------------------------
17	7	8	7	
----------------------------------------
-1	-1	8	8	
----------------------------------------
18	9	8	9	
----------------------------------------
17	10	8	10	
----------------------------------------
-1	-1	17	11	
----------------------------------------
-1	-1	17	12	
----------------------------------------
17	13	18	13	
----------------------------------------
18	14	17	14	
----------------------------------------
17	15	18	15	
----------------------------------------
17	16	-1	-1	
----------------------------------------
18	17	-1	-1	
----------------------------------------
18	18	8	18	
----------------------------------------
8	19	18	19	
----------------------------------------
-1	-1	8	20	
----------------------------------------
18	21	8	21	
----------------------------------------
8	22	18	22	
----------------------------------------
18	23	-1	-1	
----------------------------------------
8	24	17	24	
----------------------------------------
8	25	17	25	
----------------------------------------
18	26	8	26	
----------------------------------------
18	27	8	27	
----------------------------------------
18	28	8	28	
----------------------------------------
8	29	18	29	
----------------------------------------
8	30	18	30	
----------------------------------------
8	31	-1	-1	
----------------------------------------
8	32	18	32	
----------------------------------------
17	33	18	33	
----------------------------------------
8	34	18	34	
----------------------------------------
17	35	-1	-1	
----------------------------------------
-1	-1	17	36	
----------------------------------------
18	37	-1	-1	
----------------------------------------
-1	-1	17	38	
----------------------------------------
17	39	-1	-1	
----------------------------------------
17	40	18	40	
----------------------------------------
-1	-1	17	41	
----------------------------------------

****************************************
Node 13 Forwarding Table:
15	0	16	0	
----------------------------------------
-1	-1	21	1	
----------------------------------------
21	2	15	2	
----------------------------------------
15	3	16	3	
----------------------------------------
16	4	15	4	
----------------------------------------
15	5	21	5	
----------------------------------------
15	6	16	6	
----------------------------------------
15	7	16	7	
----------------------------------------
16	8	15	8	
----------------------------------------
15	9	-1	-1	
----------------------------------------
-1	-1	15	10	
----------------------------------------
21	11	15	11	
----------------------------------------
15	12	21	12	
----------------------------------------
16	13	-1	-1	
----------------------------------------
16	14	15	14	
----------------------------------------
15	15	21	15	
----------------------------------------
16	16	15	16	
----------------------------------------
21	17	15	17	
----------------------------------------
16	18	15	18	
----------------------------------------
15	19	16	19	
----------------------------------------
15	20	16	20	
----------------------------------------
16	21	15	21	
----------------------------------------
15	22	21	22	
----------------------------------------
15	23	16	23	
----------------------------------------
21	24	15	24	
----------------------------------------
-1	-1	15	25	
----------------------------------------
15	26	21	26	
----------------------------------------
16	27	15	27	
----------------------------------------
16	28	15	28	
----------------------------------------
16	29	15	29	
----------------------------------------
16	30	15	30	
----------------------------------------
15	31	16	31	
----------------------------------------
15	32	16	32	
----------------------------------------
15	33	21	33	
----------------------------------------
15	34	-1	-1	
----------------------------------------
16	35	-1	-1	
----------------------------------------
-1	-1	16	36	
----------------------------------------
-1	-1	21	37	
----------------------------------------
21	38	-1	-1	
----------------------------------------
-1	-1	21	39	
----------------------------------------
-1	-1	21	40	
----------------------------------------
21	41	16	41	
----------------------------------------
-1	-1	21	42	
----------------------------------------

****************************************
Node 14 Forwarding Table:
23	0	19	0	
----------------------------------------
23	1	-1	-1	
----------------------------------------
23	2	19	2	
----------------------------------------
19	3	23	3	
----------------------------------------
23	4	-1	-1	
----------------------------------------
19	5	23	5	
----------------------------------------
9	6	23	6	
----------------------------------------
-1	-1	9	7	
----------------------------------------
23	8	19	8	
----------------------------------------
23	9	-1	-1	
----------------------------------------
9	10	19	10	
----------------------------------------
-1	-1	23	11	
----------------------------------------
19	12	9	12	
----------------------------------------
-1	-1	23	13	
----------------------------------------
23	14	-1	-1	
----------------------------------------
9	15	-1	-1	
----------------------------------------
9	16	23	16	
----------------------------------------
19	17	23	17	
----------------------------------------
9	18	23	18	
----------------------------------------
-1	-1	23	19	
----------------------------------------
23	20	19	20	
----------------------------------------
9	21	-1	-1	
----------------------------------------
19	22	9	22	
----------------------------------------
-1	-1	9	23	
----------------------------------------
19	24	-1	-1	
----------------------------------------
9	25	-1	-1	
----------------------------------------
19	26	23	26	
----------------------------------------
9	27	-1	-1	
----------------------------------------
23	28	-1	-1	
----------------------------------------
23	29	-1	-1	
----------------------------------------
19	30	-1	-1	
----------------------------------------
23	31	9	31	
----------------------------------------
-1	-1	19	32	
----------------------------------------
-1	-1	19	33	
----------------------------------------
19	34	9	34	
----------------------------------------
-1	-1	19	35	
----------------------------------------
19	36	-1	-1	
----------------------------------------
9	37	23	37	
----------------------------------------
23	38	9	38	
----------------------------------------
-1	-1	23	39	
----------------------------------------
-1	-1	9	40	
----------------------------------------
19	41	9	41	
----------------------------------------
9	42	19	42	
----------------------------------------
-1	-1	19	43	
----------------------------------------
9	44	23	44	
----------------------------------------
9	45	19	45	
----------------------------------------
19	46	-1	-1	
----------------------------------------
9	47	23	47	
----------------------------------------
23	48	19	48	
----------------------------------------
19	49	23	49	
----------------------------------------

****************************************
Node 15 Forwarding Table:
19	0	7	0	
----------------------------------------
7	1	13	1	
----------------------------------------
7	2	-1	-1	
----------------------------------------
-1	-1	19	3	
----------------------------------------
7	4	-1	-1	
----------------------------------------
7	5	-1	-1	
----------------------------------------
13	6	-1	-1	
----------------------------------------
7	7	-1	-1	
----------------------------------------
7	8	13	8	
----------------------------------------
13	9	7	9	
----------------------------------------
-1	-1	13	10	
----------------------------------------
-1	-1	13	11	
----------------------------------------
7	12	13	12	
----------------------------------------
13	13	7	13	
----------------------------------------
19	14	7	14	
----------------------------------------
19	15	13	15	
----------------------------------------
13	16	7	16	
----------------------------------------
13	17	-1	-1	
----------------------------------------
-1	-1	13	18	
----------------------------------------
13	19	7	19	
----------------------------------------
-1	-1	19	20	
----------------------------------------
7	21	13	21	
----------------------------------------
13	22	-1	-1	
----------------------------------------
13	23	7	23	
----------------------------------------
13	24	-1	-1	
----------------------------------------
7	25	13	25	
----------------------------------------
-1	-1	13	26	
----------------------------------------
13	27	7	27	
----------------------------------------
-1	-1	13	28	
----------------------------------------
7	29	13	29	
----------------------------------------
13	30	-1	-1	
----------------------------------------
-1	-1	19	31	
----------------------------------------
13	32	7	32	
----------------------------------------
7	33	13	33	
----------------------------------------
7	34	19	34	
----------------------------------------
19	35	7	35	
----------------------------------------
19	36	7	36	
----------------------------------------
13	37	7	37	
----------------------------------------
13	38	19	38	
----------------------------------------
7	39	19	39	
----------------------------------------
19	40	7	40	
----------------------------------------
13	41	7	41	
----------------------------------------
7	42	19	42	
----------------------------------------
13	43	7	43	
----------------------------------------
19	44	13	44	
----------------------------------------
7	45	13	45	
----------------------------------------
7	46	13	46	
----------------------------------------
19	47	-1	-1	
----------------------------------------
19	48	13	48	
----------------------------------------
7	49	19	49	
----------------------------------------
-1	-1	7	50	
----------------------------------------
19	51	-1	-1	
----------------------------------------
19	52	-1	-1	
----------------------------------------
-1	-1	19	53	
----------------------------------------
19	54	-1	-1	
----------------------------------------
-1	-1	19	55	
----------------------------------------

****************************************
Node 16 Forwarding Table:
13	0	20	0	
----------------------------------------
22	1	-1	-1	
----------------------------------------
13	2	20	2	
----------------------------------------
-1	-1	13	3	
----------------------------------------
13	4	20	4	
----------------------------------------
13	5	-1	-1	
----------------------------------------
-1	-1	13	6	
----------------------------------------
22	7	13	7	
----------------------------------------
22	8	13	8	
----------------------------------------
20	9	13	9	
----------------------------------------
20	10	-1	-1	
----------------------------------------
22	11	-1	-1	
----------------------------------------
-1	-1	13	12	
----------------------------------------
13	13	20	13	
----------------------------------------
13	14	22	14	
----------------------------------------
-1	-1	13	15	
----------------------------------------
13	16	22	16	
----------------------------------------
20	17	13	17	
----------------------------------------
22	18	-1	-1	
----------------------------------------
-1	-1	13	19	
----------------------------------------
20	20	13	20	
----------------------------------------
-1	-1	22	21	
----------------------------------------
22	22	-1	-1	
----------------------------------------
20	23	13	23	
----------------------------------------
13	24	-1	-1	
----------------------------------------
13	25	-1	-1	
----------------------------------------
20	26	13	26	
----------------------------------------
22	27	-1	-1	
----------------------------------------
13	28	22	28	
----------------------------------------
22	29	-1	-1	
----------------------------------------
-1	-1	22	30	
----------------------------------------
13	31	-1	-1	
----------------------------------------

****************************************
Node 17 Forwarding Table:
-1	-1	23	0	
----------------------------------------
12	1	-1	-1	
----------------------------------------
21	2	23	2	
----------------------------------------
21	3	12	3	
----------------------------------------
23	4	11	4	
----------------------------------------
-1	-1	11	5	
----------------------------------------
11	6	21	6	
----------------------------------------
11	7	12	7	
----------------------------------------
11	8	21	8	
----------------------------------------
-1	-1	12	9	
----------------------------------------
21	10	11	10	
----------------------------------------
11	11	-1	-1	
----------------------------------------
-1	-1	11	12	
----------------------------------------
-1	-1	12	13	
----------------------------------------
12	14	21	14	
----------------------------------------
11	15	-1	-1	
----------------------------------------
23	16	11	16	
----------------------------------------
11	17	-1	-1	
----------------------------------------
12	18	11	18	
----------------------------------------
21	19	11	19	
----------------------------------------
11	20	23	20	
----------------------------------------
11	21	21	21	
----------------------------------------
21	22	11	22	
----------------------------------------
-1	-1	12	23	
----------------------------------------
12	24	11	24	
----------------------------------------
-1	-1	11	25	
----------------------------------------
11	26	21	26	
----------------------------------------
-1	-1	12	27	
----------------------------------------
-1	-1	12	28	
----------------------------------------
23	29	21	29	
----------------------------------------
-1	-1	23	30	
----------------------------------------
12	31	-1	-1	
----------------------------------------
12	32	-1	-1	
----------------------------------------
21	33	23	33	
----------------------------------------
-1	-1	21	34	
----------------------------------------
-1	-1	12	35	
----------------------------------------
23	36	-1	-1	
----------------------------------------
23	37	-1	-1	
----------------------------------------
21	38	12	38	
----------------------------------------
12	39	21	39	
----------------------------------------
23	40	21	40	
----------------------------------------
21	41	23	41	
----------------------------------------
12	42	21	42	
----------------------------------------
21	43	12	43	
----------------------------------------
23	44	21	44	
----------------------------------------
21	45	12	45	
----------------------------------------
-1	-1	21	46	
----------------------------------------
12	47	21	47	
----------------------------------------

****************************************
Node 18 Forwarding Table:
22	0	23	0	
----------------------------------------
-1	-1	23	1	
----------------------------------------
22	2	12	2	
----------------------------------------
12	3	22	3	
----------------------------------------
22	4	12	4	
----------------------------------------
12	5	-1	-1	
----------------------------------------
-1	-1	23	6	
----------------------------------------
-1	-1	12	7	
----------------------------------------
-1	-1	22	8	
----------------------------------------
23	9	-1	-1	
----------------------------------------
12	10	22	10	
----------------------------------------
22	11	12	11	
----------------------------------------
12	12	-1	-1	
----------------------------------------
22	13	12	13	
----------------------------------------
23	14	-1	-1	
----------------------------------------
-1	-1	12	15	
----------------------------------------
12	16	22	16	
----------------------------------------
-1	-1	12	17	
----------------------------------------
-1	-1	22	18	
----------------------------------------
12	19	-1	-1	
----------------------------------------
22	20	12	20	
----------------------------------------
-1	-1	12	21	
----------------------------------------
-1	-1	23	22	
----------------------------------------
22	23	12	23	
----------------------------------------
22	24	12	24	
----------------------------------------
12	25	22	25	
----------------------------------------
12	26	22	26	
----------------------------------------
22	27	-1	-1	
----------------------------------------
12	28	22	28	
----------------------------------------
12	29	-1	-1	
----------------------------------------
12	30	22	30	
----------------------------------------
23	31	22	31	
----------------------------------------
22	32	12	32	
----------------------------------------
-1	-1	22	33	
----------------------------------------
12	34	-1	-1	
----------------------------------------

****************************************
Node 19 Forwarding Table:
14	0	15	0	
----------------------------------------
14	1	-1	-1	
----------------------------------------
15	2	14	2	
----------------------------------------
-1	-1	14	3	
----------------------------------------
-1	-1	15	4	
----------------------------------------
14	5	-1	-1	
----------------------------------------
14	6	15	6	
----------------------------------------
-1	-1	14	7	
----------------------------------------
15	8	-1	-1	
----------------------------------------
15	9	14	9	
----------------------------------------
15	10	-1	-1	
----------------------------------------
14	11	15	11	
----------------------------------------
-1	-1	15	12	
----------------------------------------
-1	-1	14	13	
----------------------------------------
15	14	14	14	
----------------------------------------
15	15	14	15	
----------------------------------------
-1	-1	15	16	
----------------------------------------
15	17	14	17	
----------------------------------------
14	18	15	18	
----------------------------------------
14	19	15	19	
----------------------------------------
-1	-1	14	20	
----------------------------------------
14	21	15	21	
----------------------------------------
15	22	14	22	
----------------------------------------
-1	-1	14	23	
----------------------------------------
14	24	-1	-1	
----------------------------------------
14	25	15	25	
----------------------------------------
14	26	15	26	
----------------------------------------
15	27	14	27	
----------------------------------------
14	28	15	28	
----------------------------------------
15	29	14	29	
----------------------------------------

****************************************
Node 20 Forwarding Table:
-1	-1	22	0	
----------------------------------------
16	1	-1	-1	
----------------------------------------
16	2	-1	-1	
----------------------------------------
16	3	-1	-1	
----------------------------------------
-1	-1	16	4	
----------------------------------------
-1	-1	16	5	
----------------------------------------
16	6	-1	-1	
----------------------------------------
-1	-1	22	7	
----------------------------------------
-1	-1	16	8	
----------------------------------------
-1	-1	22	9	
----------------------------------------
-1	-1	16	10	
----------------------------------------
21	11	22	11	
----------------------------------------
21	12	22	12	
----------------------------------------
-1	-1	16	13	
----------------------------------------
22	14	-1	-1	
----------------------------------------
-1	-1	22	15	
----------------------------------------
-1	-1	16	16	
----------------------------------------
22	17	-1	-1	
----------------------------------------

****************************************
Node 21 Forwarding Table:
13	0	-1	-1	
----------------------------------------
-1	-1	17	1	
----------------------------------------
-1	-1	17	2	
----------------------------------------
17	3	13	3	
----------------------------------------
17	4	-1	-1	
----------------------------------------
13	5	17	5	
----------------------------------------
17	6	13	6	
----------------------------------------
13	7	-1	-1	
----------------------------------------
13	8	-1	-1	
----------------------------------------
-1	-1	17	9	
----------------------------------------
-1	-1	13	10	
----------------------------------------
17	11	-1	-1	
----------------------------------------
13	12	17	12	
----------------------------------------
17	13	13	13	
----------------------------------------
13	14	-1	-1	
----------------------------------------
17	15	-1	-1	
----------------------------------------
-1	-1	20	16	
----------------------------------------
-1	-1	20	17	
----------------------------------------
-1	-1	17	18	
----------------------------------------
13	19	-1	-1	
----------------------------------------
17	20	-1	-1	
----------------------------------------
-1	-1	17	21	
----------------------------------------
17	22	-1	-1	
----------------------------------------
13	23	-1	-1	
----------------------------------------
17	24	13	24	
----------------------------------------
-1	-1	17	25	
----------------------------------------
17	26	-1	-1	
----------------------------------------
13	27	17	27	
----------------------------------------
17	28	-1	-1	
----------------------------------------
13	29	17	29	
----------------------------------------
17	30	13	30	
----------------------------------------
17	31	-1	-1	
----------------------------------------
13	32	-1	-1	
----------------------------------------

****************************************
Node 22 Forwarding Table:
20	0	18	0	
----------------------------------------
-1	-1	18	1	
----------------------------------------
18	2	16	2	
----------------------------------------
-1	-1	18	3	
----------------------------------------
18	4	16	4	
----------------------------------------
-1	-1	16	5	
----------------------------------------
-1	-1	16	6	
----------------------------------------
16	7	-1	-1	
----------------------------------------
18	8	-1	-1	
----------------------------------------
16	9	-1	-1	
----------------------------------------
-1	-1	18	10	
----------------------------------------
20	11	18	11	
----------------------------------------
18	12	-1	-1	
----------------------------------------
18	13	16	13	
----------------------------------------
20	14	18	14	
----------------------------------------
16	15	18	15	
----------------------------------------
20	16	-1	-1	
----------------------------------------
20	17	18	17	
----------------------------------------
18	18	16	18	
----------------------------------------
18	19	20	19	
----------------------------------------
20	20	18	20	
----------------------------------------
18	21	16	21	
----------------------------------------
18	22	20	22	
----------------------------------------
16	23	-1	-1	
----------------------------------------
18	24	16	24	
----------------------------------------
16	25	18	25	
----------------------------------------
18	26	-1	-1	
----------------------------------------

****************************************
Node 23 Forwarding Table:
18	0	-1	-1	
----------------------------------------
18	1	14	1	
----------------------------------------
-1	-1	14	2	
----------------------------------------
17	3	14	3	
----------------------------------------
14	4	-1	-1	
----------------------------------------
17	5	14	5	
----------------------------------------
14	6	17	6	
----------------------------------------
14	7	-1	-1	
----------------------------------------
18	8	14	8	
----------------------------------------
-1	-1	14	9	
----------------------------------------
14	10	17	10	
----------------------------------------
14	11	18	11	
----------------------------------------
17	12	14	12	
----------------------------------------
14	13	-1	-1	
----------------------------------------
14	14	18	14	
----------------------------------------
14	15	-1	-1	
----------------------------------------
14	16	17	16	
----------------------------------------
17	17	-1	-1	
----------------------------------------
-1	-1	14	18	
----------------------------------------
14	19	-1	-1	
----------------------------------------
18	20	14	20	
----------------------------------------
17	21	14	21	
----------------------------------------
-1	-1	14	22	
----------------------------------------
14	23	-1	-1	
----------------------------------------
-1	-1	14	24	
----------------------------------------
14	25	17	25	
----------------------------------------
14	26	17	26	
----------------------------------------
-1	-1	18	27	
----------------------------------------
-1	-1	17	28	
----------------------------------------
14	29	-1	-1	
----------------------------------------
17	30	14	30	
----------------------------------------
14	31	17	31	
----------------------------------------

****************************************
