Node 0 Forwarding Table:
-1	-1	3	0	
----------------------------------------
1	1	3	1	
----------------------------------------
-1	-1	1	2	
----------------------------------------
4	3	1	3	
----------------------------------------
1	4	3	4	
----------------------------------------
1	5	3	5	
----------------------------------------
3	6	-1	-1	
----------------------------------------
-1	-1	3	7	
----------------------------------------
1	8	-1	-1	
----------------------------------------
4	9	-1	-1	
----------------------------------------
-1	-1	4	10	
----------------------------------------
4	11	1	11	
----------------------------------------
1	12	3	12	
----------------------------------------
4	13	-1	-1	
----------------------------------------
1	14	3	14	
----------------------------------------
1	15	-1	-1	
----------------------------------------
-1	-1	1	16	
----------------------------------------
-1	-1	4	17	
----------------------------------------
-1	-1	1	18	
----------------------------------------
1	19	-1	-1	
----------------------------------------
-1	-1	1	20	
----------------------------------------
4	21	-1	-1	
----------------------------------------
-1	-1	3	22	
----------------------------------------
-1	-1	3	23	
----------------------------------------
3	24	4	24	
----------------------------------------
-1	-1	1	25	
----------------------------------------
-1	-1	4	26	
----------------------------------------
-1	-1	4	27	
----------------------------------------
-1	-1	4	28	
----------------------------------------
3	29	4	29	
----------------------------------------
3	30	-1	-1	
----------------------------------------
-1	-1	1	31	
----------------------------------------
3	32	-1	-1	
----------------------------------------

****************************************
Node 1 Forwarding Table:
-1	-1	0	0	
----------------------------------------
-1	-1	7	1	
----------------------------------------
0	2	7	2	
----------------------------------------
-1	-1	2	3	
----------------------------------------
-1	-1	7	4	
----------------------------------------
0	5	7	5	
----------------------------------------
-1	-1	0	6	
----------------------------------------
-1	-1	7	7	
----------------------------------------
7	8	0	8	
----------------------------------------
7	9	-1	-1	
----------------------------------------
7	10	0	10	
----------------------------------------
-1	-1	7	11	
----------------------------------------
-1	-1	7	12	
----------------------------------------
7	13	-1	-1	
----------------------------------------
0	14	7	14	
----------------------------------------
2	15	-1	-1	
----------------------------------------
-1	-1	0	16	
----------------------------------------
7	17	0	17	
----------------------------------------
7	18	0	18	
----------------------------------------
-1	-1	7	19	
----------------------------------------
0	20	7	20	
----------------------------------------
7	21	-1	-1	
----------------------------------------
0	22	7	22	
----------------------------------------
-1	-1	7	23	
----------------------------------------
7	24	0	24	
----------------------------------------
0	25	-1	-1	
----------------------------------------
-1	-1	7	26	
----------------------------------------
0	27	-1	-1	
----------------------------------------
7	28	-1	-1	
----------------------------------------
-1	-1	7	29	
----------------------------------------
0	30	7	30	
----------------------------------------

****************************************
Node 2 Forwarding Table:
-1	-1	6	0	
----------------------------------------
1	1	6	1	
----------------------------------------
7	2	6	2	
----------------------------------------
6	3	7	3	
----------------------------------------
7	4	-1	-1	
----------------------------------------
6	5	-1	-1	
----------------------------------------
-1	-1	6	6	
----------------------------------------
6	7	7	7	
----------------------------------------
6	8	-1	-1	
----------------------------------------
6	9	1	9	
----------------------------------------
7	10	6	10	
----------------------------------------
7	11	6	11	
----------------------------------------
6	12	7	12	
----------------------------------------
7	13	6	13	
----------------------------------------
6	14	-1	-1	
----------------------------------------
-1	-1	7	15	
----------------------------------------

****************************************
Node 3 Forwarding Table:
0	0	5	0	
----------------------------------------
0	1	-1	-1	
----------------------------------------
4	2	-1	-1	
----------------------------------------
5	3	-1	-1	
----------------------------------------
0	4	10	4	
----------------------------------------
0	5	-1	-1	
----------------------------------------
10	6	4	6	
----------------------------------------
5	7	0	7	
----------------------------------------
4	8	10	8	
----------------------------------------
0	9	10	9	
----------------------------------------
10	10	4	10	
----------------------------------------
10	11	-1	-1	
----------------------------------------
0	12	-1	-1	
----------------------------------------
10	13	4	13	
----------------------------------------
0	14	10	14	
----------------------------------------
5	15	-1	-1	
----------------------------------------
4	16	5	16	
----------------------------------------
4	17	-1	-1	
----------------------------------------
-1	-1	10	18	
----------------------------------------
4	19	5	19	
----------------------------------------
-1	-1	4	20	
----------------------------------------
4	21	5	21	
----------------------------------------
0	22	5	22	
----------------------------------------
-1	-1	10	23	
----------------------------------------
0	24	-1	-1	
----------------------------------------
10	25	0	25	
----------------------------------------
-1	-1	4	26	
----------------------------------------
4	27	5	27	
----------------------------------------
10	28	0	28	
----------------------------------------
5	29	0	29	
----------------------------------------
-1	-1	0	30	
----------------------------------------
-1	-1	4	31	
----------------------------------------

****************************************
Node 4 Forwarding Table:
6	0	-1	-1	
----------------------------------------
6	1	3	1	
----------------------------------------
-1	-1	0	2	
----------------------------------------
3	3	-1	-1	
----------------------------------------
-1	-1	3	4	
----------------------------------------
3	5	0	5	
----------------------------------------
0	6	6	6	
----------------------------------------
6	7	-1	-1	
----------------------------------------
-1	-1	0	8	
----------------------------------------
6	9	0	9	
----------------------------------------
3	10	6	10	
----------------------------------------
-1	-1	3	11	
----------------------------------------
6	12	3	12	
----------------------------------------
-1	-1	6	13	
----------------------------------------
0	14	6	14	
----------------------------------------
-1	-1	3	15	
----------------------------------------
3	16	-1	-1	
----------------------------------------
-1	-1	3	17	
----------------------------------------
6	18	0	18	
----------------------------------------
0	19	-1	-1	
----------------------------------------
3	20	6	20	
----------------------------------------
0	21	3	21	
----------------------------------------
0	22	6	22	
----------------------------------------
-1	-1	6	23	
----------------------------------------
0	24	6	24	
----------------------------------------
0	25	-1	-1	
----------------------------------------
3	26	-1	-1	
----------------------------------------

****************************************
Node 5 Forwarding Table:
8	0	11	0	
----------------------------------------
3	1	11	1	
----------------------------------------
11	2	8	2	
----------------------------------------
8	3	3	3	
----------------------------------------
8	4	11	4	
----------------------------------------
8	5	3	5	
----------------------------------------
8	6	-1	-1	
----------------------------------------
8	7	3	7	
----------------------------------------
11	8	8	8	
----------------------------------------
3	9	11	9	
----------------------------------------
-1	-1	8	10	
----------------------------------------
3	11	11	11	
----------------------------------------
-1	-1	8	12	
----------------------------------------
-1	-1	8	13	
----------------------------------------
11	14	8	14	
----------------------------------------
3	15	8	15	
----------------------------------------
3	16	-1	-1	
----------------------------------------
11	17	8	17	
----------------------------------------
8	18	-1	-1	
----------------------------------------
3	19	8	19	
----------------------------------------
8	20	11	20	
----------------------------------------
8	21	3	21	
----------------------------------------
-1	-1	8	22	
----------------------------------------
-1	-1	8	23	
----------------------------------------

****************************************
Node 6 Forwarding Table:
2	0	9	0	
----------------------------------------
-1	-1	4	1	
----------------------------------------
9	2	4	2	
----------------------------------------
2	3	9	3	
----------------------------------------
2	4	9	4	
----------------------------------------
-1	-1	9	5	
----------------------------------------
9	6	-1	-1	
----------------------------------------
-1	-1	2	7	
----------------------------------------
-1	-1	9	8	
----------------------------------------
9	9	-1	-1	
----------------------------------------
9	10	2	10	
----------------------------------------
-1	-1	9	11	
----------------------------------------
4	12	9	12	
----------------------------------------
2	13	9	13	
----------------------------------------
9	14	2	14	
----------------------------------------
-1	-1	2	15	
----------------------------------------
9	16	4	16	
----------------------------------------
-1	-1	2	17	
----------------------------------------
9	18	4	18	
----------------------------------------
4	19	9	19	
----------------------------------------
2	20	9	20	
----------------------------------------
2	21	4	21	
----------------------------------------
4	22	9	22	
----------------------------------------
9	23	2	23	
----------------------------------------
-1	-1	9	24	
----------------------------------------
4	25	9	25	
----------------------------------------
9	26	-1	-1	
----------------------------------------
2	27	-1	-1	
----------------------------------------
9	28	4	28	
----------------------------------------
9	29	-1	-1	
----------------------------------------
9	30	2	30	
----------------------------------------
4	31	-1	-1	
----------------------------------------
9	32	-1	-1	
----------------------------------------
4	33	-1	-1	
----------------------------------------
4	34	-1	-1	
----------------------------------------
4	35	-1	-1	
----------------------------------------

****************************************
Node 7 Forwarding Table:
15	0	-1	-1	
----------------------------------------
-1	-1	15	1	
----------------------------------------
1	2	15	2	
----------------------------------------
1	3	-1	-1	
----------------------------------------
1	4	15	4	
----------------------------------------
1	5	15	5	
----------------------------------------
-1	-1	2	6	
----------------------------------------
-1	-1	15	7	
----------------------------------------
2	8	15	8	
----------------------------------------
15	9	-1	-1	
----------------------------------------
1	10	15	10	
----------------------------------------
15	11	1	11	
----------------------------------------
15	12	2	12	
----------------------------------------
15	13	1	13	
----------------------------------------
15	14	1	14	
----------------------------------------
1	15	15	15	
----------------------------------------
15	16	-1	-1	
----------------------------------------
2	17	-1	-1	
----------------------------------------
1	18	15	18	
----------------------------------------
15	19	1	19	
----------------------------------------
1	20	15	20	
----------------------------------------
-1	-1	2	21	
----------------------------------------
15	22	1	22	
----------------------------------------
15	23	1	23	
----------------------------------------
1	24	15	24	
----------------------------------------
-1	-1	2	25	
----------------------------------------
2	26	-1	-1	
----------------------------------------
1	27	15	27	
----------------------------------------
15	28	-1	-1	
----------------------------------------
15	29	1	29	
----------------------------------------
1	30	15	30	
----------------------------------------
1	31	-1	-1	
----------------------------------------
15	32	1	32	
----------------------------------------
-1	-1	2	33	
----------------------------------------
1	34	15	34	
----------------------------------------
-1	-1	1	35	
----------------------------------------
1	36	-1	-1	
----------------------------------------
2	37	-1	-1	
----------------------------------------
1	38	-1	-1	
----------------------------------------

****************************************
Node 8 Forwarding Table:
9	0	5	0	
----------------------------------------
9	1	12	1	
----------------------------------------
12	2	-1	-1	
----------------------------------------
5	3	-1	-1	
----------------------------------------
12	4	5	4	
----------------------------------------
9	5	12	5	
----------------------------------------
12	6	9	6	
----------------------------------------
9	7	5	7	
----------------------------------------
12	8	9	8	
----------------------------------------
12	9	5	9	
----------------------------------------
12	10	9	10	
----------------------------------------
9	11	5	11	
----------------------------------------
9	12	-1	-1	
----------------------------------------
-1	-1	9	13	
----------------------------------------
-1	-1	9	14	
----------------------------------------
-1	-1	9	15	
----------------------------------------
9	16	12	16	
----------------------------------------
12	17	5	17	
----------------------------------------
5	18	9	18	
----------------------------------------
12	19	9	19	
----------------------------------------
9	20	12	20	
----------------------------------------
12	21	9	21	
----------------------------------------
9	22	-1	-1	
----------------------------------------
5	23	9	23	
----------------------------------------
5	24	12	24	
----------------------------------------
5	25	9	25	
----------------------------------------
5	26	12	26	
----------------------------------------
-1	-1	12	27	
----------------------------------------
5	28	-1	-1	
----------------------------------------
-1	-1	12	29	
----------------------------------------
12	30	9	30	
----------------------------------------
5	31	9	31	
----------------------------------------
9	32	5	32	
----------------------------------------
5	33	12	33	
----------------------------------------
9	34	5	34	
----------------------------------------
9	35	-1	-1	
----------------------------------------
-1	-1	5	36	
----------------------------------------
5	37	-1	-1	
----------------------------------------
5	38	12	38	
----------------------------------------

****************************************
Node 9 Forwarding Table:
6	0	8	0	
----------------------------------------
-1	-1	8	1	
----------------------------------------
-1	-1	6	2	
----------------------------------------
6	3	-1	-1	
----------------------------------------
6	4	8	4	
----------------------------------------
6	5	14	5	
----------------------------------------
8	6	6	6	
----------------------------------------
6	7	8	7	
----------------------------------------
14	8	-1	-1	
----------------------------------------
8	9	6	9	
----------------------------------------
-1	-1	14	10	
----------------------------------------
8	11	6	11	
----------------------------------------
6	12	8	12	
----------------------------------------
14	13	8	13	
----------------------------------------
8	14	-1	-1	
----------------------------------------
6	15	14	15	
----------------------------------------
6	16	-1	-1	
----------------------------------------
8	17	6	17	
----------------------------------------
8	18	6	18	
----------------------------------------
-1	-1	6	19	
----------------------------------------
6	20	14	20	
----------------------------------------
6	21	8	21	
----------------------------------------
8	22	14	22	
----------------------------------------
-1	-1	14	23	
----------------------------------------
8	24	-1	-1	
----------------------------------------
6	25	8	25	
----------------------------------------
8	26	6	26	
----------------------------------------
6	27	8	27	
----------------------------------------
6	28	-1	-1	
----------------------------------------
14	29	-1	-1	
----------------------------------------
14	30	6	30	
----------------------------------------
8	31	-1	-1	
----------------------------------------
-1	-1	14	32	
----------------------------------------
8	33	14	33	
----------------------------------------
14	34	-1	-1	
----------------------------------------
-1	-1	6	35	
----------------------------------------
8	36	6	36	
----------------------------------------
8	37	-1	-1	
----------------------------------------
14	38	6	38	
----------------------------------------
14	39	8	39	
----------------------------------------
14	40	6	40	
----------------------------------------
14	41	8	41	
----------------------------------------
14	42	8	42	
----------------------------------------
-1	-1	14	43	
----------------------------------------
-1	-1	14	44	
----------------------------------------

****************************************
Node 10 Forwarding Table:
-1	-1	11	0	
----------------------------------------
-1	-1	11	1	
----------------------------------------
11	2	-1	-1	
----------------------------------------
-1	-1	11	3	
----------------------------------------
3	4	-1	-1	
----------------------------------------
-1	-1	11	5	
----------------------------------------
11	6	3	6	
----------------------------------------
3	7	11	7	
----------------------------------------
11	8	-1	-1	
----------------------------------------
3	9	11	9	
----------------------------------------
11	10	-1	-1	
----------------------------------------
-1	-1	3	11	
----------------------------------------
11	12	3	12	
----------------------------------------
-1	-1	11	13	
----------------------------------------
-1	-1	3	14	
----------------------------------------
3	15	-1	-1	
----------------------------------------
3	16	11	16	
----------------------------------------
3	17	-1	-1	
----------------------------------------
-1	-1	3	18	
----------------------------------------
-1	-1	3	19	
----------------------------------------

****************************************
Node 11 Forwarding Table:
5	0	-1	-1	
----------------------------------------
5	1	-1	-1	
----------------------------------------
10	2	-1	-1	
----------------------------------------
10	3	5	3	
----------------------------------------
17	4	10	4	
----------------------------------------
17	5	-1	-1	
----------------------------------------
-1	-1	17	6	
----------------------------------------
10	7	17	7	
----------------------------------------
-1	-1	17	8	
----------------------------------------
5	9	-1	-1	
----------------------------------------
17	10	-1	-1	
----------------------------------------
10	11	17	11	
----------------------------------------
17	12	10	12	
----------------------------------------
10	13	17	13	
----------------------------------------
17	14	10	14	
----------------------------------------
10	15	17	15	
----------------------------------------
17	16	10	16	
----------------------------------------
17	17	10	17	
----------------------------------------
10	18	17	18	
----------------------------------------
17	19	-1	-1	
----------------------------------------
-1	-1	5	20	
----------------------------------------
5	21	-1	-1	
----------------------------------------
10	22	-1	-1	
----------------------------------------
5	23	-1	-1	
----------------------------------------
-1	-1	5	24	
----------------------------------------
-1	-1	5	25	
----------------------------------------
5	26	-1	-1	
----------------------------------------

****************************************
Node 12 Forwarding Table:
8	0	-1	-1	
----------------------------------------
18	1	17	1	
----------------------------------------
-1	-1	18	2	
----------------------------------------
17	3	8	3	
----------------------------------------
18	4	8	4	
----------------------------------------
8	5	-1	-1	
----------------------------------------
17	6	18	6	
----------------------------------------
17	7	8	7	
----------------------------------------
-1	-1	8	8	
----------------------------------------
18	9	8	9	
----------------------------------------
17	10	8	10	
----------------------------------------
-1	-1	17	11	
----------------------------------------
-1	-1	17	12	
----------------------------------------
17	13	18	13	
----------------------------------------
8	14	18	14	
----------------------------------------
17	15	8	15	
----------------------------------------
17	16	18	16	
----------------------------------------
17	17	-1	-1	
----------------------------------------
18	18	-1	-1	
----------------------------------------
18	19	8	19	
----------------------------------------
8	20	18	20	
----------------------------------------
-1	-1	8	21	
----------------------------------------
8	22	18	22	
----------------------------------------
18	23	-1	-1	
----------------------------------------
8	24	17	24	
----------------------------------------
8	25	17	25	
----------------------------------------
8	26	18	26	
----------------------------------------
18	27	8	27	
----------------------------------------
8	28	-1	-1	
----------------------------------------
17	29	18	29	
----------------------------------------
17	30	-1	-1	
----------------------------------------
-1	-1	17	31	
----------------------------------------
18	32	-1	-1	
----------------------------------------
8	33	17	33	
----------------------------------------
-1	-1	17	34	
----------------------------------------
17	35	18	35	
----------------------------------------
-1	-1	17	36	
----------------------------------------

****************************************
Node 13 Forwarding Table:
15	0	16	0	
----------------------------------------
-1	-1	21	1	
----------------------------------------
21	2	15	2	
----------------------------------------
15	3	16	3	
----------------------------------------
16	4	15	4	
----------------------------------------
15	5	21	5	
----------------------------------------
15	6	16	6	
----------------------------------------
15	7	16	7	
----------------------------------------
16	8	15	8	
----------------------------------------
15	9	-1	-1	
----------------------------------------
-1	-1	15	10	
----------------------------------------
21	11	15	11	
----------------------------------------
15	12	21	12	
----------------------------------------
16	13	-1	-1	
----------------------------------------
16	14	15	14	
----------------------------------------
15	15	21	15	
----------------------------------------
16	16	15	16	
----------------------------------------
21	17	15	17	
----------------------------------------
16	18	15	18	
----------------------------------------
15	19	16	19	
----------------------------------------
15	20	16	20	
----------------------------------------
16	21	15	21	
----------------------------------------
15	22	21	22	
----------------------------------------
15	23	21	23	
----------------------------------------
16	24	15	24	
----------------------------------------
-1	-1	15	25	
----------------------------------------
15	26	21	26	
----------------------------------------
16	27	15	27	
----------------------------------------
21	28	-1	-1	
----------------------------------------
16	29	-1	-1	
----------------------------------------
-1	-1	16	30	
----------------------------------------
21	31	16	31	
----------------------------------------
-1	-1	21	32	
----------------------------------------
21	33	-1	-1	
----------------------------------------
-1	-1	21	34	
----------------------------------------
21	35	16	35	
----------------------------------------
-1	-1	21	36	
----------------------------------------

****************************************
Node 14 Forwarding Table:
23	0	19	0	
----------------------------------------
23	1	-1	-1	
----------------------------------------
23	2	19	2	
----------------------------------------
19	3	23	3	
----------------------------------------
23	4	-1	-1	
----------------------------------------
19	5	23	5	
----------------------------------------
9	6	23	6	
----------------------------------------
-1	-1	9	7	
----------------------------------------
23	8	19	8	
----------------------------------------
23	9	-1	-1	
----------------------------------------
9	10	19	10	
----------------------------------------
-1	-1	23	11	
----------------------------------------
19	12	9	12	
----------------------------------------
-1	-1	23	13	
----------------------------------------
23	14	-1	-1	
----------------------------------------
9	15	-1	-1	
----------------------------------------
9	16	23	16	
----------------------------------------
9	17	19	17	
----------------------------------------
19	18	23	18	
----------------------------------------
9	19	23	19	
----------------------------------------
-1	-1	23	20	
----------------------------------------
23	21	19	21	
----------------------------------------
19	22	-1	-1	
----------------------------------------
19	23	9	23	
----------------------------------------
-1	-1	9	24	
----------------------------------------
19	25	-1	-1	
----------------------------------------
9	26	-1	-1	
----------------------------------------
9	27	-1	-1	
----------------------------------------
23	28	9	28	
----------------------------------------
23	29	-1	-1	
----------------------------------------
19	30	-1	-1	
----------------------------------------
23	31	9	31	
----------------------------------------
-1	-1	23	32	
----------------------------------------
-1	-1	19	33	
----------------------------------------
19	34	9	34	
----------------------------------------
-1	-1	23	35	
----------------------------------------
19	36	9	36	
----------------------------------------
-1	-1	23	37	
----------------------------------------
-1	-1	9	38	
----------------------------------------
19	39	9	39	
----------------------------------------
-1	-1	19	40	
----------------------------------------
9	41	23	41	
----------------------------------------
9	42	19	42	
----------------------------------------
19	43	-1	-1	
----------------------------------------

****************************************
Node 15 Forwarding Table:
19	0	7	0	
----------------------------------------
7	1	13	1	
----------------------------------------
7	2	-1	-1	
----------------------------------------
-1	-1	19	3	
----------------------------------------
7	4	-1	-1	
----------------------------------------
7	5	-1	-1	
----------------------------------------
13	6	-1	-1	
----------------------------------------
7	7	-1	-1	
----------------------------------------
7	8	13	8	
----------------------------------------
13	9	7	9	
----------------------------------------
-1	-1	13	10	
----------------------------------------
-1	-1	13	11	
----------------------------------------
7	12	13	12	
----------------------------------------
13	13	7	13	
----------------------------------------
19	14	7	14	
----------------------------------------
19	15	13	15	
----------------------------------------
13	16	7	16	
----------------------------------------
13	17	-1	-1	
----------------------------------------
-1	-1	13	18	
----------------------------------------
13	19	7	19	
----------------------------------------
-1	-1	19	20	
----------------------------------------
7	21	13	21	
----------------------------------------
13	22	-1	-1	
----------------------------------------
13	23	7	23	
----------------------------------------
13	24	-1	-1	
----------------------------------------
7	25	13	25	
----------------------------------------
-1	-1	13	26	
----------------------------------------
13	27	7	27	
----------------------------------------
7	28	13	28	
----------------------------------------
-1	-1	13	29	
----------------------------------------
13	30	7	30	
----------------------------------------
19	31	-1	-1	
----------------------------------------
-1	-1	19	32	
----------------------------------------
13	33	7	33	
----------------------------------------
7	34	13	34	
----------------------------------------
7	35	19	35	
----------------------------------------
19	36	7	36	
----------------------------------------
19	37	7	37	
----------------------------------------
7	38	19	38	
----------------------------------------
13	39	19	39	
----------------------------------------
19	40	7	40	
----------------------------------------
7	41	19	41	
----------------------------------------
19	42	-1	-1	
----------------------------------------
-1	-1	19	43	
----------------------------------------
19	44	-1	-1	
----------------------------------------
19	45	-1	-1	
----------------------------------------
-1	-1	19	46	
----------------------------------------

****************************************
Node 16 Forwarding Table:
13	0	20	0	
----------------------------------------
22	1	-1	-1	
----------------------------------------
13	2	20	2	
----------------------------------------
-1	-1	13	3	
----------------------------------------
13	4	20	4	
----------------------------------------
13	5	-1	-1	
----------------------------------------
-1	-1	13	6	
----------------------------------------
22	7	13	7	
----------------------------------------
22	8	13	8	
----------------------------------------
20	9	13	9	
----------------------------------------
20	10	-1	-1	
----------------------------------------
22	11	-1	-1	
----------------------------------------
-1	-1	13	12	
----------------------------------------
13	13	20	13	
----------------------------------------
13	14	22	14	
----------------------------------------
-1	-1	13	15	
----------------------------------------
22	16	13	16	
----------------------------------------
22	17	-1	-1	
----------------------------------------
-1	-1	13	18	
----------------------------------------
22	19	-1	-1	
----------------------------------------
22	20	-1	-1	
----------------------------------------
20	21	13	21	
----------------------------------------
13	22	22	22	
----------------------------------------
13	23	-1	-1	
----------------------------------------
-1	-1	22	24	
----------------------------------------
13	25	-1	-1	
----------------------------------------

****************************************
Node 17 Forwarding Table:
-1	-1	23	0	
----------------------------------------
12	1	-1	-1	
----------------------------------------
21	2	23	2	
----------------------------------------
21	3	12	3	
----------------------------------------
23	4	11	4	
----------------------------------------
-1	-1	11	5	
----------------------------------------
11	6	21	6	
----------------------------------------
11	7	12	7	
----------------------------------------
11	8	21	8	
----------------------------------------
-1	-1	12	9	
----------------------------------------
21	10	11	10	
----------------------------------------
11	11	-1	-1	
----------------------------------------
-1	-1	11	12	
----------------------------------------
-1	-1	12	13	
----------------------------------------
12	14	21	14	
----------------------------------------
11	15	-1	-1	
----------------------------------------
23	16	11	16	
----------------------------------------
11	17	-1	-1	
----------------------------------------
12	18	11	18	
----------------------------------------
21	19	11	19	
----------------------------------------
11	20	23	20	
----------------------------------------
21	21	11	21	
----------------------------------------
-1	-1	12	22	
----------------------------------------
-1	-1	12	23	
----------------------------------------
-1	-1	12	24	
----------------------------------------
-1	-1	12	25	
----------------------------------------
23	26	21	26	
----------------------------------------
-1	-1	23	27	
----------------------------------------
12	28	-1	-1	
----------------------------------------
12	29	-1	-1	
----------------------------------------
23	30	21	30	
----------------------------------------
-1	-1	21	31	
----------------------------------------
-1	-1	12	32	
----------------------------------------
23	33	-1	-1	
----------------------------------------
23	34	-1	-1	
----------------------------------------
21	35	12	35	
----------------------------------------
23	36	21	36	
----------------------------------------
12	37	21	37	
----------------------------------------
23	38	21	38	
----------------------------------------
12	39	-1	-1	
----------------------------------------
12	40	21	40	
----------------------------------------
21	41	12	41	
----------------------------------------
-1	-1	21	42	
----------------------------------------
12	43	21	43	
----------------------------------------

****************************************
Node 18 Forwarding Table:
22	0	23	0	
----------------------------------------
-1	-1	23	1	
----------------------------------------
22	2	12	2	
----------------------------------------
12	3	22	3	
----------------------------------------
22	4	12	4	
----------------------------------------
12	5	-1	-1	
----------------------------------------
-1	-1	23	6	
----------------------------------------
-1	-1	12	7	
----------------------------------------
-1	-1	22	8	
----------------------------------------
23	9	-1	-1	
----------------------------------------
12	10	22	10	
----------------------------------------
12	11	22	11	
----------------------------------------
12	12	-1	-1	
----------------------------------------
22	13	12	13	
----------------------------------------
23	14	-1	-1	
----------------------------------------
-1	-1	12	15	
----------------------------------------
12	16	22	16	
----------------------------------------
-1	-1	22	17	
----------------------------------------
12	18	-1	-1	
----------------------------------------
22	19	12	19	
----------------------------------------
-1	-1	23	20	
----------------------------------------
-1	-1	23	21	
----------------------------------------
12	22	22	22	
----------------------------------------
22	23	12	23	
----------------------------------------
23	24	22	24	
----------------------------------------
22	25	-1	-1	
----------------------------------------
12	26	-1	-1	
----------------------------------------
22	27	12	27	
----------------------------------------
-1	-1	22	28	
----------------------------------------
12	29	-1	-1	
----------------------------------------

****************************************
Node 19 Forwarding Table:
14	0	15	0	
----------------------------------------
14	1	-1	-1	
----------------------------------------
15	2	14	2	
----------------------------------------
-1	-1	14	3	
----------------------------------------
-1	-1	15	4	
----------------------------------------
14	5	-1	-1	
----------------------------------------
14	6	15	6	
----------------------------------------
-1	-1	14	7	
----------------------------------------
15	8	-1	-1	
----------------------------------------
14	9	15	9	
----------------------------------------
15	10	14	10	
----------------------------------------
15	11	-1	-1	
----------------------------------------
14	12	15	12	
----------------------------------------
-1	-1	15	13	
----------------------------------------
15	14	14	14	
----------------------------------------
-1	-1	14	15	
----------------------------------------
15	16	14	16	
----------------------------------------
-1	-1	15	17	
----------------------------------------
15	18	14	18	
----------------------------------------
14	19	15	19	
----------------------------------------
-1	-1	14	20	
----------------------------------------
15	21	14	21	
----------------------------------------
-1	-1	14	22	
----------------------------------------
14	23	15	23	
----------------------------------------
14	24	15	24	
----------------------------------------
15	25	14	25	
----------------------------------------

****************************************
Node 20 Forwarding Table:
-1	-1	22	0	
----------------------------------------
16	1	-1	-1	
----------------------------------------
16	2	-1	-1	
----------------------------------------
16	3	-1	-1	
----------------------------------------
-1	-1	16	4	
----------------------------------------
-1	-1	16	5	
----------------------------------------
16	6	-1	-1	
----------------------------------------
-1	-1	22	7	
----------------------------------------
-1	-1	22	8	
----------------------------------------
21	9	22	9	
----------------------------------------
-1	-1	22	10	
----------------------------------------
-1	-1	22	11	
----------------------------------------
-1	-1	16	12	
----------------------------------------

****************************************
Node 21 Forwarding Table:
13	0	-1	-1	
----------------------------------------
-1	-1	17	1	
----------------------------------------
-1	-1	17	2	
----------------------------------------
17	3	13	3	
----------------------------------------
17	4	-1	-1	
----------------------------------------
13	5	17	5	
----------------------------------------
17	6	13	6	
----------------------------------------
13	7	-1	-1	
----------------------------------------
13	8	-1	-1	
----------------------------------------
-1	-1	17	9	
----------------------------------------
-1	-1	13	10	
----------------------------------------
13	11	-1	-1	
----------------------------------------
13	12	17	12	
----------------------------------------
13	13	-1	-1	
----------------------------------------
17	14	-1	-1	
----------------------------------------
-1	-1	20	15	
----------------------------------------
17	16	13	16	
----------------------------------------
17	17	-1	-1	
----------------------------------------
-1	-1	17	18	
----------------------------------------
17	19	13	19	
----------------------------------------
17	20	-1	-1	
----------------------------------------
13	21	-1	-1	
----------------------------------------
17	22	13	22	
----------------------------------------
17	23	-1	-1	
----------------------------------------
13	24	17	24	
----------------------------------------
17	25	13	25	
----------------------------------------
17	26	-1	-1	
----------------------------------------
13	27	-1	-1	
----------------------------------------

****************************************
Node 22 Forwarding Table:
20	0	18	0	
----------------------------------------
-1	-1	18	1	
----------------------------------------
18	2	16	2	
----------------------------------------
-1	-1	18	3	
----------------------------------------
18	4	16	4	
----------------------------------------
-1	-1	16	5	
----------------------------------------
-1	-1	16	6	
----------------------------------------
16	7	-1	-1	
----------------------------------------
18	8	-1	-1	
----------------------------------------
18	9	-1	-1	
----------------------------------------
-1	-1	16	10	
----------------------------------------
20	11	18	11	
----------------------------------------
18	12	-1	-1	
----------------------------------------
18	13	16	13	
----------------------------------------
20	14	18	14	
----------------------------------------
20	15	-1	-1	
----------------------------------------
18	16	16	16	
----------------------------------------
20	17	18	17	
----------------------------------------
18	18	16	18	
----------------------------------------
20	19	18	19	
----------------------------------------
16	20	-1	-1	
----------------------------------------
16	21	18	21	
----------------------------------------
18	22	-1	-1	
----------------------------------------

****************************************
Node 23 Forwarding Table:
18	0	-1	-1	
----------------------------------------
18	1	14	1	
----------------------------------------
-1	-1	14	2	
----------------------------------------
17	3	14	3	
----------------------------------------
14	4	-1	-1	
----------------------------------------
17	5	14	5	
----------------------------------------
14	6	17	6	
----------------------------------------
14	7	-1	-1	
----------------------------------------
18	8	14	8	
----------------------------------------
-1	-1	14	9	
----------------------------------------
14	10	17	10	
----------------------------------------
14	11	18	11	
----------------------------------------
17	12	14	12	
----------------------------------------
14	13	-1	-1	
----------------------------------------
14	14	18	14	
----------------------------------------
14	15	-1	-1	
----------------------------------------
14	16	17	16	
----------------------------------------
17	17	-1	-1	
----------------------------------------
-1	-1	14	18	
----------------------------------------
18	19	14	19	
----------------------------------------
18	20	14	20	
----------------------------------------
-1	-1	14	21	
----------------------------------------
14	22	18	22	
----------------------------------------
14	23	17	23	
----------------------------------------
14	24	17	24	
----------------------------------------
14	25	17	25	
----------------------------------------
-1	-1	17	26	
----------------------------------------
-1	-1	17	27	
----------------------------------------

****************************************
