0	20	23
20->22->18->23
0,0,0,-1
9
----------------------------------------
1	2	11
2->6->9->8->5->11
0,0,0,0,0,-1
15
----------------------------------------
2	18	7
18->23->14->19->15->7
1,1,0,0,0,-1
14
----------------------------------------
3	23	14
23->14
2,-1
3
----------------------------------------
4	0	11
0->3->5->11
0,0,1,-1
10
----------------------------------------
5	1	3
1->0->3
0,1,-1
7
----------------------------------------
6	9	12
9->8->12
1,1,-1
6
----------------------------------------
7	17	19
17->23->14->19
0,3,2,-1
8
----------------------------------------
8	7	20
7->15->13->16->20
1,1,0,0,-1
12
----------------------------------------
9	13	21
13->21
1,-1
3
----------------------------------------
10	1	15
1->7->15
1,2,-1
6
----------------------------------------
11	0	7
0->1->7
2,2,-1
6
----------------------------------------
12	22	17
22->18->12->17
1,2,1,-1
10
----------------------------------------
13	15	23
15->19->14->23
3,2,3,-1
8
----------------------------------------
14	12	16
12->18->22->16
2,3,2,-1
9
----------------------------------------
15	6	4
6->4
1,-1
3
----------------------------------------
16	21	14
21->17->23->14
1,2,5,-1
10
----------------------------------------
17	10	11
10->11
0,-1
3
----------------------------------------
18	21	8
21->17->12->8
2,3,3,-1
10
----------------------------------------
19	9	3
9->6->4->3
2,2,1,-1
10
----------------------------------------
20	10	8
10->11->5->8
1,3,2,-1
9
----------------------------------------
21	22	3
22->18->12->8->5->3
3,4,4,4,3,-1
16
----------------------------------------
22	1	9
1->2->6->9
3,1,3,-1
9
----------------------------------------
23	1	15
1->7->15
4,4,-1
6
----------------------------------------
24	4	15
4->0->1->7->15
2,3,5,5,-1
12
----------------------------------------
25	19	10
19->14->23->17->11->10
3,5,6,4,4,-1
15
----------------------------------------
26	17	11
17->11
5,-1
3
----------------------------------------
27	7	12
7->2->6->9->8->12
6,2,4,4,5,-1
15
----------------------------------------
28	11	15
11->17->21->13->15
6,6,3,2,-1
13
----------------------------------------
29	10	18
10->11->17->12->18
3,7,7,6,-1
13
----------------------------------------
30	6	23
6->9->14->23
5,5,6,-1
9
----------------------------------------
31	7	15
7->15
7,-1
3
----------------------------------------
32	11	21
11->17->21
8,8,-1
7
----------------------------------------
33	17	6
17->12->8->9->6
9,7,6,6,-1
12
----------------------------------------
34	1	10
1->0->3->10
6,4,4,-1
9
----------------------------------------
35	6	20
6->2->7->15->13->16->20
7,3,8,8,3,2,-1
18
----------------------------------------
36	16	7
16->13->15->7
3,4,9,-1
9
----------------------------------------
37	6	11
6->9->8->5->11
8,7,7,4,-1
12
----------------------------------------
38	15	11
15->13->21->17->11
10,5,5,10,-1
13
----------------------------------------
39	15	20
15->13->16->20
11,6,4,-1
9
----------------------------------------
40	1	16
1->7->15->13->16
7,10,12,7,-1
12
----------------------------------------
41	10	17
10->11->17
5,11,-1
7
----------------------------------------
42	16	3
16->13->15->7->1->0->3
6,8,13,11,8,5,-1
19
----------------------------------------
43	14	9
14->9
7,-1
3
----------------------------------------
44	12	6
12->8->9->6
8,8,9,-1
9
----------------------------------------
45	17	4
17->11->10->3->4
12,12,6,6,-1
12
----------------------------------------
46	19	2
19->15->7->2
4,14,12,-1
9
----------------------------------------
47	18	19
18->23->14->19
6,8,8,-1
8
----------------------------------------
48	23	14
23->14
9,-1
3
----------------------------------------
49	18	0
18->12->8->5->3->0
7,9,9,5,7,-1
16
----------------------------------------
50	9	13
9->14->19->15->13
10,10,6,15,-1
11
----------------------------------------
51	13	1
13->15->7->1
10,16,13,-1
9
----------------------------------------
52	17	2
17->12->8->9->6->2
13,10,10,11,10,-1
15
----------------------------------------
53	6	5
6->9->8->5
11,12,11,-1
9
----------------------------------------
54	12	15
12->17->21->13->15
11,14,6,11,-1
13
----------------------------------------
55	4	17
4->3->10->11->17
4,8,7,13,-1
13
----------------------------------------
56	15	21
15->13->21
18,12,-1
6
----------------------------------------
57	14	10
14->23->17->11->10
11,10,16,14,-1
12
----------------------------------------
58	19	8
19->14->9->8
7,12,13,-1
9
----------------------------------------
59	18	13
18->22->16->13
8,4,7,-1
9
----------------------------------------
60	0	17
0->3->10->11->17
7,9,9,15,-1
13
----------------------------------------
61	22	0
22->16->13->15->7->1->0
5,8,14,19,14,10,-1
18
----------------------------------------
62	15	19
15->19
20,-1
2
----------------------------------------
63	1	21
1->7->15->13->21
11,15,21,15,-1
12
----------------------------------------
64	8	9
8->9
13,-1
3
----------------------------------------
65	20	15
20->16->13->15
4,9,16,-1
9
----------------------------------------
66	12	10
12->17->11->10
12,18,16,-1
9
----------------------------------------
67	10	0
10->3->4->0
11,10,5,-1
10
----------------------------------------
68	14	18
14->23->18
13,11,-1
6
----------------------------------------
69	21	3
21->17->11->10->3
9,19,17,12,-1
13
----------------------------------------
70	21	7
21->13->15->7
10,17,23,-1
9
----------------------------------------
71	20	16
20->16
5,-1
3
----------------------------------------
72	22	16
22->16
6,-1
3
----------------------------------------
73	10	14
10->11->17->23->14
13,18,20,12,-1
13
----------------------------------------
74	0	14
0->4->6->9->14
10,6,12,15,-1
12
----------------------------------------
75	2	9
2->6->9
6,13,-1
6
----------------------------------------
76	8	7
8->9->6->2->7
14,17,14,7,-1
12
----------------------------------------
77	16	15
16->13->15
12,18,-1
6
----------------------------------------
78	1	20
1->7->15->13->16->20
12,18,25,19,13,-1
15
----------------------------------------
79	6	2
6->2
15,-1
3
----------------------------------------
80	15	22
15->13->16->22
26,20,14,-1
9
----------------------------------------
81	8	4
8->9->6->4
15,18,16,-1
9
----------------------------------------
82	16	1
16->13->15->7->1
15,21,27,19,-1
12
----------------------------------------
83	4	21
4->0->1->7->15->13->21
8,11,14,20,28,22,-1
18
----------------------------------------
84	6	1
6->2->1
17,9,-1
6
----------------------------------------
85	1	3
1->0->3
16,12,-1
7
----------------------------------------
86	9	0
9->6->4->0
19,18,9,-1
9
----------------------------------------
87	15	11
15->13->21->17->11
29,23,12,21,-1
13
----------------------------------------
88	17	22
17->12->18->22
22,13,10,-1
9
----------------------------------------
89	10	23
10->3->4->6->9->14->23
14,13,10,19,20,16,-1
19
----------------------------------------
90	7	22
7->2->6->9->8->12->18->22
21,10,20,21,16,14,11,-1
21
----------------------------------------
91	22	10
22->16->13->15->7->1->0->3->10
10,16,24,30,22,17,14,14,-1
24
----------------------------------------
92	17	3
17->12->8->5->3
23,15,17,7,-1
13
----------------------------------------
93	11	15
11->5->8->9->14->19->15
20,8,18,22,17,9,-1
17
----------------------------------------
94	17	18
17->12->18
24,16,-1
6
----------------------------------------
95	17	12
17->12
25,-1
3
----------------------------------------
96	20	12
20->22->18->12
7,11,13,-1
9
----------------------------------------
97	15	18
15->19->14->23->18
32,10,18,14,-1
11
----------------------------------------
98	9	23
9->14->23
23,19,-1
6
----------------------------------------
99	4	11
4->3->5->11
11,16,9,-1
10
----------------------------------------
100	13	0
13->15->7->1->0
25,33,23,18,-1
12
----------------------------------------
101	1	21
1->7->15->13->21
19,24,34,26,-1
12
----------------------------------------
102	14	21
14->23->17->21
20,16,26,-1
10
----------------------------------------
103	7	3
7->2->6->4->3
25,11,21,12,-1
13
----------------------------------------
104	18	9
18->12->8->9
15,19,19,-1
9
----------------------------------------
105	4	22
4->6->9->8->12->18->22
13,22,25,20,20,16,-1
18
----------------------------------------
106	3	11
3->10->11
18,16,-1
5
----------------------------------------
107	12	7
12->8->9->6->2->7
21,21,26,23,12,-1
15
----------------------------------------
108	6	8
6->9->8
24,27,-1
6
----------------------------------------
109	0	19
0->1->7->15->19
16,20,27,35,-1
11
----------------------------------------
110	17	23
17->23
27,-1
3
----------------------------------------
111	0	9
0->4->6->9
17,14,25,-1
9
----------------------------------------
112	23	7
23->14->19->15->7
18,21,12,36,-1
11
----------------------------------------
113	19	1
19->15->7->1
13,37,29,-1
9
----------------------------------------
114	0	14
0->1->7->15->19->14
18,22,30,38,14,-1
14
----------------------------------------
115	1	7
1->7
23,-1
3
----------------------------------------
116	19	9
19->14->9
15,23,-1
6
----------------------------------------
117	14	6
14->9->6
24,30,-1
6
----------------------------------------
118	5	9
5->8->9
10,23,-1
6
----------------------------------------
119	18	16
18->22->16
17,13,-1
6
----------------------------------------
120	4	11
4->3->5->11
15,19,11,-1
10
----------------------------------------
121	5	18
5->8->12->18
12,24,22,-1
9
----------------------------------------
122	16	14
16->13->15->19->14
18,27,39,16,-1
11
----------------------------------------
123	20	12
20->22->18->12
8,14,19,-1
9
----------------------------------------
124	9	14
9->14
32,-1
3
----------------------------------------
125	5	14
5->8->9->14
13,25,33,-1
9
----------------------------------------
126	3	4
3->4
20,-1
3
----------------------------------------
127	11	17
11->5->8->12->17
24,14,26,24,-1
13
----------------------------------------
128	8	17
8->12->17
27,25,-1
7
----------------------------------------
129	4	8
4->3->5->8
17,21,15,-1
10
----------------------------------------
130	19	0
19->15->7->1->0
17,40,32,24,-1
12
----------------------------------------
131	0	1
0->1
20,-1
3
----------------------------------------
132	18	9
18->23->14->9
20,19,28,-1
9
----------------------------------------
133	18	14
18->23->14
21,20,-1
6
----------------------------------------
134	7	6
7->2->6
33,13,-1
6
----------------------------------------
135	21	22
21->20->22
15,9,-1
6
----------------------------------------
136	9	0
9->6->4->0
35,28,18,-1
9
----------------------------------------
137	0	5
0->3->5
22,22,-1
7
----------------------------------------
138	8	16
8->12->18->22->16
29,26,22,16,-1
12
----------------------------------------
139	1	14
1->7->15->19->14
26,34,41,18,-1
11
----------------------------------------
140	20	6
20->22->18->12->8->9->6
10,17,23,27,30,36,-1
18
----------------------------------------
141	3	10
3->10
23,-1
2
----------------------------------------
142	11	9
11->5->8->9
25,17,31,-1
9
----------------------------------------
143	23	2
23->14->9->6->2
21,31,38,30,-1
12
----------------------------------------
144	14	16
14->23->18->22->16
32,22,24,18,-1
12
----------------------------------------
145	0	3
0->3
23,-1
4
----------------------------------------
146	10	4
10->3->0->4
18,25,24,-1
10
----------------------------------------
147	0	1
0->1
25,-1
3
----------------------------------------
148	14	15
14->19->15
33,19,-1
5
----------------------------------------
149	19	5
19->14->9->8->5
20,34,39,32,-1
12
----------------------------------------
150	14	13
14->23->17->21->13
35,23,30,16,-1
13
----------------------------------------
151	3	6
3->4->6
26,20,-1
6
----------------------------------------
152	20	18
20->22->18
11,19,-1
6
----------------------------------------
153	20	13
20->16->13
12,21,-1
6
----------------------------------------
154	0	12
0->4->3->5->8->12
26,21,27,19,33,-1
16
----------------------------------------
155	7	1
7->1
35,-1
3
----------------------------------------
156	17	21
17->21
31,-1
3
----------------------------------------
157	15	6
15->19->14->9->6
43,21,36,40,-1
11
----------------------------------------
158	1	7
1->7
29,-1
3
----------------------------------------
159	17	18
17->12->18
32,29,-1
6
----------------------------------------
160	14	17
14->23->17
37,24,-1
7
----------------------------------------
161	14	11
14->9->8->5->11
38,41,34,20,-1
12
----------------------------------------
162	19	8
19->14->9->8
22,39,42,-1
9
----------------------------------------
163	2	7
2->7
15,-1
3
----------------------------------------
164	0	6
0->4->6
27,22,-1
6
----------------------------------------
165	14	15
14->19->15
40,23,-1
5
----------------------------------------
166	9	17
9->14->23->17
43,41,25,-1
10
----------------------------------------
167	13	22
13->16->22
30,22,-1
6
----------------------------------------
168	21	12
21->17->12
18,35,-1
7
----------------------------------------
169	23	16
23->17->21->13->16
26,36,19,31,-1
13
----------------------------------------
170	9	15
9->14->19->15
44,42,24,-1
8
----------------------------------------
171	4	6
4->6
23,-1
3
----------------------------------------
172	12	21
12->17->21
31,37,-1
7
----------------------------------------
173	13	21
13->21
32,-1
3
----------------------------------------
174	23	13
23->17->21->13
27,38,22,-1
10
----------------------------------------
175	0	6
0->4->6
28,24,-1
6
----------------------------------------
176	10	4
10->3->0->4
19,28,29,-1
10
----------------------------------------
177	8	0
8->5->3->0
36,21,29,-1
10
----------------------------------------
178	5	8
5->8
22,-1
3
----------------------------------------
179	15	14
15->19->14
46,25,-1
5
----------------------------------------
180	16	12
16->22->18->12
24,21,27,-1
9
----------------------------------------
181	5	17
5->8->12->17
23,38,33,-1
10
----------------------------------------
182	0	7
0->1->7
31,30,-1
6
----------------------------------------
183	12	21
12->17->21
34,40,-1
7
----------------------------------------
184	18	22
18->22
28,-1
3
----------------------------------------
185	3	0
3->0
30,-1
3
----------------------------------------
186	13	18
13->21->17->12->18
34,24,41,35,-1
13
----------------------------------------
187	17	16
17->21->13->16
42,25,35,-1
9
----------------------------------------
188	12	21
12->17->21
36,43,-1
7
----------------------------------------
189	3	4
3->4
31,-1
3
----------------------------------------
190	13	21
13->21
36,-1
3
----------------------------------------
