0	20	23
20->22->18->23
0,0,0,-1
9
----------------------------------------
1	2	11
2->6->9->8->5->11
0,0,0,0,0,-1
15
----------------------------------------
2	18	7
18->23->14->19->15->7
1,1,0,0,0,-1
14
----------------------------------------
3	23	14
23->14
2,-1
3
----------------------------------------
4	0	11
0->3->5->11
0,0,1,-1
10
----------------------------------------
5	1	3
1->0->3
0,1,-1
7
----------------------------------------
6	9	12
9->8->12
1,1,-1
6
----------------------------------------
7	17	19
17->23->14->19
0,3,2,-1
8
----------------------------------------
8	7	20
7->15->13->16->20
1,1,0,0,-1
12
----------------------------------------
9	13	21
13->21
1,-1
3
----------------------------------------
10	1	15
1->7->15
1,2,-1
6
----------------------------------------
11	0	7
0->1->7
2,2,-1
6
----------------------------------------
12	22	17
22->18->12->17
1,2,1,-1
10
----------------------------------------
13	15	23
15->19->14->23
3,2,3,-1
8
----------------------------------------
14	12	16
12->18->22->16
2,3,2,-1
9
----------------------------------------
15	6	4
6->4
1,-1
3
----------------------------------------
16	21	14
21->17->23->14
1,2,5,-1
10
----------------------------------------
17	10	11
10->11
0,-1
3
----------------------------------------
18	21	8
21->17->12->8
2,3,3,-1
10
----------------------------------------
19	9	3
9->6->4->3
2,2,1,-1
10
----------------------------------------
20	10	8
10->11->5->8
1,3,2,-1
9
----------------------------------------
21	22	3
22->18->12->8->5->3
3,4,4,4,3,-1
16
----------------------------------------
22	1	9
1->2->6->9
3,1,3,-1
9
----------------------------------------
23	1	15
1->7->15
4,4,-1
6
----------------------------------------
24	4	15
4->0->1->7->15
2,3,5,5,-1
12
----------------------------------------
25	19	10
19->14->23->17->11->10
3,5,6,4,4,-1
15
----------------------------------------
26	17	11
17->11
5,-1
3
----------------------------------------
27	7	12
7->2->6->9->8->12
6,2,4,4,5,-1
15
----------------------------------------
28	11	15
11->17->21->13->15
6,6,3,2,-1
13
----------------------------------------
29	10	18
10->11->17->12->18
3,7,7,6,-1
13
----------------------------------------
30	6	23
6->9->14->23
5,5,6,-1
9
----------------------------------------
31	7	15
7->15
7,-1
3
----------------------------------------
32	11	21
11->17->21
8,8,-1
7
----------------------------------------
33	17	6
17->12->8->9->6
9,7,6,6,-1
12
----------------------------------------
34	1	10
1->0->3->10
6,4,4,-1
9
----------------------------------------
35	6	20
6->2->7->15->13->16->20
7,3,8,8,3,2,-1
18
----------------------------------------
36	16	7
16->13->15->7
3,4,9,-1
9
----------------------------------------
37	6	11
6->9->8->5->11
8,7,7,4,-1
12
----------------------------------------
38	15	11
15->13->21->17->11
10,5,5,10,-1
13
----------------------------------------
39	15	20
15->13->16->20
11,6,4,-1
9
----------------------------------------
40	1	16
1->7->15->13->16
7,10,12,7,-1
12
----------------------------------------
41	10	17
10->11->17
5,11,-1
7
----------------------------------------
42	16	3
16->13->15->7->1->0->3
6,8,13,11,8,5,-1
19
----------------------------------------
43	14	9
14->9
7,-1
3
----------------------------------------
44	12	6
12->8->9->6
8,8,9,-1
9
----------------------------------------
45	17	4
17->11->10->3->4
12,12,6,6,-1
12
----------------------------------------
46	19	2
19->15->7->2
4,14,12,-1
9
----------------------------------------
47	18	19
18->23->14->19
6,8,8,-1
8
----------------------------------------
48	23	14
23->14
9,-1
3
----------------------------------------
49	18	0
18->12->8->5->3->0
7,9,9,5,7,-1
16
----------------------------------------
50	9	13
9->14->19->15->13
10,10,6,15,-1
11
----------------------------------------
51	13	1
13->15->7->1
10,16,13,-1
9
----------------------------------------
52	17	2
17->12->8->9->6->2
13,10,10,11,10,-1
15
----------------------------------------
53	6	5
6->9->8->5
11,12,11,-1
9
----------------------------------------
54	12	15
12->17->21->13->15
11,14,6,11,-1
13
----------------------------------------
55	4	17
4->3->10->11->17
4,8,7,13,-1
13
----------------------------------------
56	15	21
15->13->21
18,12,-1
6
----------------------------------------
57	14	10
14->23->17->11->10
11,10,16,14,-1
12
----------------------------------------
58	19	8
19->14->9->8
7,12,13,-1
9
----------------------------------------
59	18	13
18->22->16->13
8,4,7,-1
9
----------------------------------------
60	0	17
0->3->10->11->17
7,9,9,15,-1
13
----------------------------------------
61	22	0
22->16->13->15->7->1->0
5,8,14,19,14,10,-1
18
----------------------------------------
62	15	19
15->19
20,-1
2
----------------------------------------
63	1	21
1->7->15->13->21
11,15,21,15,-1
12
----------------------------------------
64	8	9
8->9
13,-1
3
----------------------------------------
65	20	15
20->16->13->15
4,9,16,-1
9
----------------------------------------
66	12	10
12->17->11->10
12,18,16,-1
9
----------------------------------------
67	10	0
10->3->4->0
11,10,5,-1
10
----------------------------------------
68	14	18
14->23->18
13,11,-1
6
----------------------------------------
69	21	3
21->17->11->10->3
9,19,17,12,-1
13
----------------------------------------
70	21	7
21->13->15->7
10,17,23,-1
9
----------------------------------------
71	20	16
20->16
5,-1
3
----------------------------------------
72	22	16
22->16
6,-1
3
----------------------------------------
73	10	14
10->11->17->23->14
13,18,20,12,-1
13
----------------------------------------
74	0	14
0->4->6->9->14
10,6,12,15,-1
12
----------------------------------------
75	2	9
2->6->9
6,13,-1
6
----------------------------------------
76	8	7
8->9->6->2->7
14,17,14,7,-1
12
----------------------------------------
77	16	15
16->13->15
12,18,-1
6
----------------------------------------
78	1	20
1->7->15->13->16->20
12,18,25,19,13,-1
15
----------------------------------------
79	6	2
6->2
15,-1
3
----------------------------------------
80	15	22
15->13->16->22
26,20,14,-1
9
----------------------------------------
81	8	4
8->9->6->4
15,18,16,-1
9
----------------------------------------
82	16	1
16->13->15->7->1
15,21,27,19,-1
12
----------------------------------------
83	4	21
4->3->10->11->17->21
8,12,14,19,21,-1
16
----------------------------------------
84	6	1
6->2->1
17,9,-1
6
----------------------------------------
85	1	3
1->0->3
15,11,-1
7
----------------------------------------
86	9	0
9->6->4->0
19,18,9,-1
9
----------------------------------------
87	15	11
15->13->21->17->11
28,22,12,22,-1
13
----------------------------------------
88	17	22
17->12->18->22
23,13,10,-1
9
----------------------------------------
89	10	23
10->3->4->6->9->14->23
15,14,10,19,20,16,-1
19
----------------------------------------
90	7	22
7->15->13->16->22
20,29,23,16,-1
12
----------------------------------------
91	22	10
22->18->12->17->11->10
10,11,14,24,21,-1
15
----------------------------------------
92	17	3
17->11->10->3
25,22,17,-1
9
----------------------------------------
93	11	15
11->17->21->13->15
23,26,13,24,-1
13
----------------------------------------
94	17	18
17->12->18
27,15,-1
6
----------------------------------------
95	17	12
17->12
28,-1
3
----------------------------------------
96	20	12
20->22->18->12
7,11,13,-1
9
----------------------------------------
97	15	18
15->19->14->23->18
31,9,17,14,-1
11
----------------------------------------
98	9	23
9->14->23
21,18,-1
6
----------------------------------------
99	4	11
4->3->5->11
11,16,7,-1
10
----------------------------------------
100	13	0
13->15->7->1->0
25,32,21,16,-1
12
----------------------------------------
101	1	21
1->7->15->13->21
17,22,33,26,-1
12
----------------------------------------
102	14	21
14->23->17->21
19,16,29,-1
10
----------------------------------------
103	7	3
7->1->0->3
23,18,14,-1
10
----------------------------------------
104	18	9
18->12->8->9
15,18,16,-1
9
----------------------------------------
105	4	22
4->6->9->8->12->18->22
12,20,23,17,19,16,-1
18
----------------------------------------
106	3	11
3->10->11
18,18,-1
5
----------------------------------------
107	12	7
12->8->9->6->2->7
20,18,24,21,10,-1
15
----------------------------------------
108	6	8
6->9->8
22,25,-1
6
----------------------------------------
109	0	19
0->1->7->15->19
15,19,25,34,-1
11
----------------------------------------
110	17	23
17->23
30,-1
3
----------------------------------------
111	0	9
0->4->6->9
16,13,23,-1
9
----------------------------------------
112	23	7
23->14->19->15->7
18,20,11,35,-1
11
----------------------------------------
113	19	1
19->15->7->1
12,36,27,-1
9
----------------------------------------
114	20	1
20->16->13->15->7->1
8,17,27,37,28,-1
15
----------------------------------------
115	0	14
0->4->6->9->14
17,14,24,27,-1
12
----------------------------------------
116	1	7
1->7
22,-1
3
----------------------------------------
117	19	9
19->14->9
13,22,-1
6
----------------------------------------
118	14	6
14->9->6
23,29,-1
6
----------------------------------------
119	18	3
18->12->8->5->3
17,21,20,8,-1
13
----------------------------------------
120	5	9
5->8->9
9,21,-1
6
----------------------------------------
121	18	16
18->22->16
18,13,-1
6
----------------------------------------
122	4	11
4->3->5->11
15,20,10,-1
10
----------------------------------------
123	5	18
5->8->12->18
11,22,22,-1
9
----------------------------------------
124	16	14
16->13->15->19->14
19,28,38,14,-1
11
----------------------------------------
125	20	12
20->22->18->12
9,14,20,-1
9
----------------------------------------
126	9	14
9->14
31,-1
3
----------------------------------------
127	1	23
1->7->15->19->14->23
23,30,39,15,26,-1
14
----------------------------------------
128	5	14
5->8->9->14
12,23,32,-1
9
----------------------------------------
129	3	4
3->4
21,-1
3
----------------------------------------
130	11	17
11->5->8->12->17
27,13,24,24,-1
13
----------------------------------------
131	8	17
8->12->17
25,25,-1
7
----------------------------------------
132	4	8
4->6->9->8
17,26,33,-1
9
----------------------------------------
133	19	0
19->15->7->1->0
16,40,31,24,-1
12
----------------------------------------
134	0	1
0->1
19,-1
3
----------------------------------------
135	18	9
18->12->8->9
21,26,27,-1
9
----------------------------------------
136	18	14
18->23->14
22,20,-1
6
----------------------------------------
137	20	1
20->16->13->15->7->1
10,20,29,41,32,-1
15
----------------------------------------
138	7	6
7->2->6
33,11,-1
6
----------------------------------------
139	16	8
16->22->18->12->8
21,15,23,27,-1
12
----------------------------------------
140	21	22
21->20->22
16,11,-1
6
----------------------------------------
141	21	11
21->20->22->18->12->8->5->11
17,12,17,24,28,29,14,-1
21
----------------------------------------
142	9	0
9->6->4->0
35,28,18,-1
9
----------------------------------------
143	0	5
0->3->5
21,22,-1
7
----------------------------------------
144	8	16
8->12->18->22->16
30,29,25,18,-1
12
----------------------------------------
145	21	14
21->17->23->14
18,33,21,-1
10
----------------------------------------
146	1	14
1->7->15->19->14
27,34,42,17,-1
11
----------------------------------------
147	20	6
20->16->13->15->7->2->6
13,23,30,43,35,12,-1
18
----------------------------------------
148	3	10
3->10
23,-1
2
----------------------------------------
149	11	9
11->5->8->9
29,16,31,-1
9
----------------------------------------
150	23	2
23->14->9->6->2
22,31,37,30,-1
12
----------------------------------------
151	11	9
11->5->8->9
30,17,32,-1
9
----------------------------------------
152	14	16
14->19->15->13->16
32,18,44,31,-1
11
----------------------------------------
153	2	8
2->6->9->8
14,31,39,-1
9
----------------------------------------
154	0	3
0->3
22,-1
4
----------------------------------------
155	0	16
0->1->7->15->13->16
23,28,36,45,32,-1
15
----------------------------------------
156	7	8
7->1->0->3->5->8
37,29,24,25,18,-1
16
----------------------------------------
157	10	4
10->3->0->4
20,26,25,-1
10
----------------------------------------
158	0	1
0->1
26,-1
3
----------------------------------------
159	3	21
3->0->1->7->15->13->21
27,27,31,38,46,33,-1
18
----------------------------------------
160	10	20
10->3->5->8->12->18->22->20
21,28,19,35,30,26,19,-1
22
----------------------------------------
161	14	15
14->19->15
33,19,-1
5
----------------------------------------
162	19	5
19->14->9->8->5
20,34,40,36,-1
12
----------------------------------------
163	14	13
14->19->15->13
35,21,48,-1
8
----------------------------------------
164	3	6
3->4->6
29,20,-1
6
----------------------------------------
165	20	18
20->22->18
15,20,-1
6
----------------------------------------
166	20	13
20->16->13
16,26,-1
6
----------------------------------------
167	0	12
0->4->3->5->8->12
28,21,30,21,37,-1
16
----------------------------------------
168	10	16
10->3->5->8->12->18->22->16
22,31,22,38,32,28,21,-1
22
----------------------------------------
169	7	1
7->1
39,-1
3
----------------------------------------
170	17	21
17->21
34,-1
3
----------------------------------------
171	7	14
7->15->19->14
40,49,22,-1
8
----------------------------------------
172	5	23
5->8->9->14->23
23,39,41,37,-1
12
----------------------------------------
173	15	6
15->7->2->6
50,41,15,-1
9
----------------------------------------
174	1	7
1->7
33,-1
3
----------------------------------------
175	17	18
17->12->18
35,33,-1
6
----------------------------------------
176	23	10
23->14->9->6->4->3->10
24,38,42,34,22,32,-1
18
----------------------------------------
177	10	20
10->3->5->8->12->18->22->20
24,33,24,40,34,30,22,-1
22
----------------------------------------
178	14	17
14->23->17
39,25,-1
7
----------------------------------------
179	14	11
14->9->8->5->11
40,43,41,25,-1
12
----------------------------------------
180	9	1
9->6->2->1
44,35,16,-1
9
----------------------------------------
181	19	8
19->14->9->8
23,41,45,-1
9
----------------------------------------
182	2	7
2->7
17,-1
3
----------------------------------------
183	6	2
6->4->0->1->2
36,23,29,35,-1
12
----------------------------------------
184	11	1
11->10->3->0->1
32,25,34,30,-1
12
----------------------------------------
185	0	6
0->4->6
31,24,-1
6
----------------------------------------
186	0	19
0->4->6->9->14->19
32,25,38,46,42,-1
14
----------------------------------------
187	14	15
14->19->15
43,25,-1
5
----------------------------------------
188	9	17
9->14->23->17
47,44,26,-1
10
----------------------------------------
189	13	22
13->16->22
36,28,-1
6
----------------------------------------
190	21	12
21->17->12
21,38,-1
7
----------------------------------------
191	23	16
23->18->22->16
27,31,24,-1
9
----------------------------------------
192	9	15
9->14->19->15
48,45,26,-1
8
----------------------------------------
193	4	6
4->6
26,-1
3
----------------------------------------
194	12	21
12->17->21
36,39,-1
7
----------------------------------------
195	13	21
13->21
37,-1
3
----------------------------------------
196	23	13
23->17->21->13
28,40,24,-1
10
----------------------------------------
197	0	6
0->4->6
33,27,-1
6
----------------------------------------
198	10	4
10->3->0->4
26,35,34,-1
10
----------------------------------------
199	8	0
8->5->3->0
43,26,36,-1
10
----------------------------------------
200	15	14
15->19->14
53,27,-1
5
----------------------------------------
201	9	23
9->14->23
49,47,-1
6
----------------------------------------
202	21	15
21->17->23->14->19->15
25,41,30,48,28,-1
15
----------------------------------------
203	16	12
16->22->18->12
30,25,32,-1
9
----------------------------------------
204	12	21
12->17->21
38,42,-1
7
----------------------------------------
205	13	12
13->21->17->12
39,27,43,-1
10
----------------------------------------
206	15	21
15->19->14->23->17->21
55,29,49,31,44,-1
15
----------------------------------------
207	18	22
18->22
33,-1
3
----------------------------------------
208	3	0
3->0
37,-1
3
----------------------------------------
209	13	18
13->21->17->12->18
40,29,45,40,-1
13
----------------------------------------
210	9	4
9->6->4
50,41,-1
6
----------------------------------------
211	17	16
17->21->13->16
46,30,41,-1
9
----------------------------------------
212	12	21
12->17->21
41,47,-1
7
----------------------------------------
213	1	0
1->2->6->4->0
37,19,42,30,-1
12
----------------------------------------
214	3	4
3->4
38,-1
3
----------------------------------------
215	13	21
13->21
42,-1
3
----------------------------------------
