0	20	23
20->22->18->23
0,0,0,-1
10
----------------------------------------
1	2	11
2->6->4->3->5->11
0,0,0,0,0,-1
13
----------------------------------------
2	18	7
18->23->14->19->15->7
1,1,0,0,0,-1
15
----------------------------------------
3	23	14
23->14
2,-1
1
----------------------------------------
4	0	11
0->3->5->11
0,1,1,-1
10
----------------------------------------
5	1	3
1->0->3
0,1,-1
6
----------------------------------------
6	9	12
9->8->12
0,0,-1
7
----------------------------------------
7	17	19
17->23->14->19
0,3,2,-1
5
----------------------------------------
8	7	20
7->15->13->21->20
1,1,0,0,-1
10
----------------------------------------
9	13	21
13->21
1,-1
2
----------------------------------------
10	1	15
1->7->15
1,2,-1
9
----------------------------------------
11	0	7
0->1->7
2,2,-1
9
----------------------------------------
12	22	17
22->18->12->17
1,2,1,-1
6
----------------------------------------
13	15	23
15->19->14->23
3,2,3,-1
8
----------------------------------------
14	12	16
12->18->22->16
2,3,2,-1
10
----------------------------------------
15	6	4
6->4
1,-1
1
----------------------------------------
16	21	14
21->17->23->14
2,2,5,-1
8
----------------------------------------
17	10	11
10->11
0,-1
2
----------------------------------------
18	21	8
21->17->12->8
3,3,3,-1
11
----------------------------------------
19	9	3
9->6->4->3
1,2,2,-1
7
----------------------------------------
20	10	8
10->11->17->12->8
1,3,4,4,-1
9
----------------------------------------
21	22	3
22->18->12->17->11->10->3
3,4,5,5,4,2,-1
14
----------------------------------------
22	1	9
1->2->6->9
3,1,3,-1
11
----------------------------------------
23	1	15
1->7->15
4,4,-1
9
----------------------------------------
24	4	15
4->6->2->7->15
3,4,2,5,-1
13
----------------------------------------
25	19	10
19->14->23->17->11->10
3,5,6,6,5,-1
8
----------------------------------------
26	17	11
17->11
7,-1
1
----------------------------------------
27	7	12
7->15->13->21->17->12
6,6,2,4,8,-1
13
----------------------------------------
28	11	15
11->17->21->13->15
7,9,5,3,-1
9
----------------------------------------
29	10	18
10->11->17->12->18
4,8,10,7,-1
7
----------------------------------------
30	6	23
6->9->14->23
5,3,6,-1
10
----------------------------------------
31	7	15
7->15
7,-1
4
----------------------------------------
32	11	21
11->17->21
9,11,-1
6
----------------------------------------
33	17	6
17->11->10->3->4->6
12,10,5,5,4,-1
10
----------------------------------------
34	1	10
1->2->6->4->3->10
5,3,7,5,6,-1
13
----------------------------------------
35	6	20
6->4->3->10->11->17->21->20
8,6,7,7,11,13,7,-1
18
----------------------------------------
36	16	7
16->13->15->7
1,4,9,-1
10
----------------------------------------
37	6	11
6->4->3->10->11
9,7,8,8,-1
9
----------------------------------------
38	15	11
15->13->21->17->11
10,5,8,14,-1
9
----------------------------------------
39	15	20
15->13->21->20
11,6,9,-1
6
----------------------------------------
40	1	16
1->7->15->13->16
6,9,12,7,-1
15
----------------------------------------
41	10	17
10->11->17
9,14,-1
3
----------------------------------------
42	16	3
16->20->21->17->11->10->3
3,4,10,16,15,10,-1
19
----------------------------------------
43	14	9
14->9
7,-1
4
----------------------------------------
44	12	6
12->17->11->10->3->4->6
8,17,16,11,10,8,-1
11
----------------------------------------
45	17	4
17->23->14->9->6->4
18,8,8,5,11,-1
13
----------------------------------------
46	19	2
19->15->7->2
4,13,10,-1
14
----------------------------------------
47	18	19
18->23->14->19
6,9,9,-1
6
----------------------------------------
48	23	14
23->14
10,-1
1
----------------------------------------
49	18	0
18->12->17->11->10->3->0
7,9,19,17,12,11,-1
14
----------------------------------------
50	9	13
9->14->19->15->13
6,11,6,14,-1
12
----------------------------------------
51	13	1
13->15->7->1
9,15,11,-1
10
----------------------------------------
52	17	2
17->21->13->15->7->2
20,11,10,16,12,-1
17
----------------------------------------
53	6	5
6->4->3->5
12,10,12,-1
6
----------------------------------------
54	12	15
12->17->21->13->15
10,21,12,11,-1
9
----------------------------------------
55	4	17
4->3->10->11->17
11,13,13,18,-1
9
----------------------------------------
56	15	21
15->13->21
18,12,-1
3
----------------------------------------
57	19	8
19->14->9->8
7,12,7,-1
8
----------------------------------------
58	18	13
18->12->17->21->13
8,11,23,14,-1
11
----------------------------------------
59	0	17
0->4->6->9->14->23->17
4,12,13,8,13,11,-1
16
----------------------------------------
60	22	0
22->16->13->15->7->1->0
4,4,14,19,13,8,-1
24
----------------------------------------
61	15	19
15->19
20,-1
5
----------------------------------------
62	1	21
1->7->15->13->21
9,14,21,15,-1
12
----------------------------------------
63	8	9
8->9
4,-1
2
----------------------------------------
64	20	15
20->21->13->15
5,16,16,-1
6
----------------------------------------
65	12	10
12->8->5->3->10
12,5,3,14,-1
19
----------------------------------------
66	10	0
10->3->4->0
15,15,13,-1
9
----------------------------------------
67	14	18
14->23->18
14,12,-1
4
----------------------------------------
68	21	7
21->13->15->7
17,17,23,-1
7
----------------------------------------
69	20	16
20->16
6,-1
3
----------------------------------------
70	22	16
22->16
5,-1
5
----------------------------------------
71	10	14
10->3->4->6->9->14
16,16,14,14,10,-1
16
----------------------------------------
72	0	14
0->4->6->9->14
7,15,15,11,-1
13
----------------------------------------
73	2	9
2->6->9
6,16,-1
8
----------------------------------------
74	8	7
8->9->6->2->7
6,13,17,7,-1
15
----------------------------------------
75	16	15
16->13->15
7,18,-1
6
----------------------------------------
76	1	20
1->7->15->13->21->20
10,17,25,19,18,-1
15
----------------------------------------
77	6	2
6->2
18,-1
3
----------------------------------------
78	15	22
15->13->16->22
26,20,8,-1
11
----------------------------------------
79	8	4
8->9->6->4
7,14,19,-1
8
----------------------------------------
80	16	1
16->13->15->7->1
9,21,27,18,-1
15
----------------------------------------
81	4	21
4->6->2->7->15->13->21
17,20,9,19,28,22,-1
16
----------------------------------------
82	6	1
6->2->1
21,10,-1
6
----------------------------------------
83	1	3
1->0->3
13,8,-1
6
----------------------------------------
84	9	0
9->6->4->0
15,22,18,-1
9
----------------------------------------
85	17	22
17->12->18->22
25,13,10,-1
6
----------------------------------------
86	10	23
10->3->4->6->9->14->23
17,18,19,23,16,17,-1
17
----------------------------------------
87	7	22
7->15->13->16->22
20,29,23,10,-1
15
----------------------------------------
88	11	15
11->10->3->4->6->2->7->15
19,18,19,20,24,11,21,-1
21
----------------------------------------
89	17	18
17->12->18
26,14,-1
4
----------------------------------------
90	17	12
17->12
27,-1
1
----------------------------------------
91	20	12
20->21->17->12
8,20,28,-1
9
----------------------------------------
92	15	18
15->19->14->23->18
31,9,18,14,-1
11
----------------------------------------
93	9	23
9->14->23
17,19,-1
5
----------------------------------------
94	4	11
4->0->3->10->11
21,10,20,19,-1
12
----------------------------------------
95	13	0
13->15->7->1->0
24,32,22,14,-1
14
----------------------------------------
96	14	21
14->23->17->21
20,16,29,-1
8
----------------------------------------
97	7	3
7->1->0->3
23,15,12,-1
11
----------------------------------------
98	18	9
18->23->14->9
13,17,21,-1
8
----------------------------------------
99	3	11
3->10->11
22,20,-1
7
----------------------------------------
100	12	7
12->17->21->13->15->7
17,30,22,25,33,-1
13
----------------------------------------
101	6	8
6->9->8
25,19,-1
7
----------------------------------------
102	0	19
0->4->6->9->14->19
13,22,26,20,22,-1
15
----------------------------------------
103	17	23
17->23
31,-1
2
----------------------------------------
104	0	9
0->4->6->9
14,23,27,-1
9
----------------------------------------
105	23	7
23->14->19->15->7
19,23,11,34,-1
12
----------------------------------------
106	19	1
19->15->7->1
12,35,26,-1
14
----------------------------------------
107	1	7
1->7
17,-1
5
----------------------------------------
108	19	9
19->14->9
13,24,-1
6
----------------------------------------
109	14	6
14->9->6
25,23,-1
9
----------------------------------------
110	5	9
5->8->9
4,9,-1
7
----------------------------------------
111	18	16
18->22->16
14,9,-1
7
----------------------------------------
112	4	11
4->0->3->10->11
24,15,23,21,-1
12
----------------------------------------
113	5	18
5->8->9->14->23->18
5,10,25,26,20,-1
15
----------------------------------------
114	16	14
16->22->18->23->14
12,10,16,21,-1
11
----------------------------------------
115	20	12
20->21->17->12
9,23,32,-1
9
----------------------------------------
116	9	14
9->14
26,-1
4
----------------------------------------
117	1	23
1->2->6->9->14->23
18,12,29,27,29,-1
16
----------------------------------------
118	5	14
5->8->9->14
6,11,28,-1
11
----------------------------------------
119	3	4
3->4
24,-1
1
----------------------------------------
120	11	17
11->5->8->12->17
23,7,12,19,-1
15
----------------------------------------
121	8	17
8->12->17
13,20,-1
6
----------------------------------------
122	19	0
19->14->9->6->4->0
14,31,29,30,26,-1
15
----------------------------------------
123	0	1
0->1
17,-1
4
----------------------------------------
124	18	9
18->23->14->9
17,23,32,-1
8
----------------------------------------
125	20	1
20->21->13->15->7->1
10,24,26,36,28,-1
15
----------------------------------------
126	7	6
7->2->6
29,13,-1
8
----------------------------------------
127	16	8
16->22->18->12->8
13,11,18,21,-1
15
----------------------------------------
128	21	22
21->20->22
25,11,-1
8
----------------------------------------
129	9	0
9->8->5->3->0
31,15,8,25,-1
13
----------------------------------------
130	0	5
0->3->10->11->5
19,26,22,24,-1
13
----------------------------------------
131	8	16
8->12->18->22->16
16,22,19,13,-1
15
----------------------------------------
132	12	5
12->8->5
23,17,-1
10
----------------------------------------
133	1	14
1->7->15->19->14
21,30,37,15,-1
16
----------------------------------------
134	20	6
20->22->18->23->14->9->6
12,14,20,24,34,32,-1
20
----------------------------------------
135	3	10
3->10
27,-1
5
----------------------------------------
136	11	9
11->5->8->9
25,11,18,-1
11
----------------------------------------
137	11	9
11->5->8->9
26,12,19,-1
11
----------------------------------------
138	13	9
13->21->17->12->8->9
27,26,35,24,20,-1
15
----------------------------------------
139	14	16
14->23->18->22->16
35,25,21,15,-1
11
----------------------------------------
140	2	8
2->1->0->3->5->8
14,22,20,28,13,-1
18
----------------------------------------
141	0	3
0->3
21,-1
2
----------------------------------------
142	7	8
7->2->6->9->8
31,15,33,36,-1
15
----------------------------------------
143	10	4
10->3->0->4
24,30,22,-1
10
----------------------------------------
144	0	1
0->1
23,-1
4
----------------------------------------
145	14	15
14->19->15
36,16,-1
7
----------------------------------------
146	14	13
14->23->17->21->13
37,26,36,27,-1
10
----------------------------------------
147	20	18
20->22->18
13,16,-1
7
----------------------------------------
148	20	13
20->21->13
14,28,-1
5
----------------------------------------
149	7	1
7->1
32,-1
5
----------------------------------------
150	17	21
17->21
37,-1
5
----------------------------------------
151	15	6
15->19->14->9->6
39,17,38,37,-1
16
----------------------------------------
152	1	7
1->7
25,-1
5
----------------------------------------
153	17	18
17->23->18
38,27,-1
5
----------------------------------------
154	14	17
14->9->8->12->17
39,38,23,25,-1
12
----------------------------------------
155	22	11
22->18->12->8->5->11
17,24,26,24,14,-1
19
----------------------------------------
156	11	12
11->5->8->12
28,15,25,-1
14
----------------------------------------
157	14	11
14->9->8->5->11
40,39,26,16,-1
15
----------------------------------------
158	9	1
9->6->2->1
40,35,16,-1
11
----------------------------------------
159	2	7
2->7
17,-1
5
----------------------------------------
160	6	2
6->4->0->1->2
36,28,24,27,-1
11
----------------------------------------
161	11	1
11->5->3->0->1
30,17,31,25,-1
14
----------------------------------------
162	14	15
14->19->15
41,18,-1
7
----------------------------------------
163	9	17
9->8->12->17
41,27,28,-1
8
----------------------------------------
164	13	22
13->16->22
30,16,-1
10
----------------------------------------
165	4	2
4->0->1->2
29,26,29,-1
10
----------------------------------------
166	12	3
12->8->5->3
29,28,18,-1
14
----------------------------------------
167	21	12
21->17->12
30,41,-1
6
----------------------------------------
168	23	16
23->18->22->16
28,25,19,-1
10
----------------------------------------
169	1	10
1->0->3->5->11->10
30,27,33,19,31,-1
16
----------------------------------------
170	12	21
12->18->22->20->21
31,26,20,15,-1
13
----------------------------------------
171	3	7
3->0->1->7
34,28,31,-1
11
----------------------------------------
172	13	21
13->21
31,-1
2
----------------------------------------
173	23	13
23->17->21->13
29,42,33,-1
9
----------------------------------------
174	0	6
0->4->6
29,30,-1
4
----------------------------------------
175	10	4
10->3->0->4
26,35,30,-1
10
----------------------------------------
176	8	0
8->5->3->0
29,20,36,-1
11
----------------------------------------
177	7	23
7->15->19->14->23
36,41,19,42,-1
12
----------------------------------------
178	5	8
5->8
21,-1
5
----------------------------------------
179	15	14
15->19->14
42,20,-1
7
----------------------------------------
180	5	17
5->8->12->17
22,31,32,-1
11
----------------------------------------
181	0	7
0->1->7
32,32,-1
9
----------------------------------------
182	18	22
18->22
27,-1
2
----------------------------------------
183	3	0
3->0
37,-1
2
----------------------------------------
184	9	4
9->8->5->3->4
42,32,23,38,-1
12
----------------------------------------
185	17	16
17->21->20->16
44,34,16,-1
11
----------------------------------------
186	13	21
13->21
33,-1
2
----------------------------------------
