0	20	23
20->22->18->23
0,0,0,-1
10
----------------------------------------
1	2	11
2->6->4->3->5->11
0,0,0,0,0,-1
13
----------------------------------------
2	18	7
18->23->14->19->15->7
1,1,0,0,0,-1
15
----------------------------------------
3	23	14
23->14
2,-1
1
----------------------------------------
4	0	11
0->3->5->11
0,1,1,-1
10
----------------------------------------
5	1	3
1->0->3
0,1,-1
6
----------------------------------------
6	9	12
9->8->12
0,0,-1
7
----------------------------------------
7	17	19
17->23->14->19
0,3,2,-1
5
----------------------------------------
8	7	20
7->15->13->21->20
1,1,0,0,-1
10
----------------------------------------
9	13	21
13->21
1,-1
2
----------------------------------------
10	1	15
1->7->15
1,2,-1
9
----------------------------------------
11	0	7
0->1->7
2,2,-1
9
----------------------------------------
12	22	17
22->18->12->17
1,2,1,-1
6
----------------------------------------
13	15	23
15->19->14->23
3,2,3,-1
8
----------------------------------------
14	12	16
12->18->22->16
2,3,2,-1
10
----------------------------------------
15	6	4
6->4
1,-1
1
----------------------------------------
16	21	14
21->17->23->14
2,2,5,-1
8
----------------------------------------
17	10	11
10->11
0,-1
2
----------------------------------------
18	21	8
21->17->12->8
3,3,3,-1
11
----------------------------------------
19	9	3
9->6->4->3
1,2,2,-1
7
----------------------------------------
20	10	8
10->11->17->12->8
1,3,4,4,-1
9
----------------------------------------
21	22	3
22->18->12->17->11->10->3
3,4,5,5,4,2,-1
14
----------------------------------------
22	1	9
1->2->6->9
3,1,3,-1
11
----------------------------------------
23	1	15
1->7->15
4,4,-1
9
----------------------------------------
24	4	15
4->6->2->7->15
3,4,2,5,-1
13
----------------------------------------
25	19	10
19->14->23->17->11->10
3,5,6,6,5,-1
8
----------------------------------------
26	17	11
17->11
7,-1
1
----------------------------------------
27	7	12
7->15->13->21->17->12
6,6,2,4,8,-1
13
----------------------------------------
28	11	15
11->17->21->13->15
7,9,5,3,-1
9
----------------------------------------
29	10	18
10->11->17->12->18
4,8,10,7,-1
7
----------------------------------------
30	6	23
6->9->14->23
5,3,6,-1
10
----------------------------------------
31	7	15
7->15
7,-1
4
----------------------------------------
32	11	21
11->17->21
9,11,-1
6
----------------------------------------
33	17	6
17->11->10->3->4->6
12,10,5,5,4,-1
10
----------------------------------------
34	1	10
1->2->6->4->3->10
5,3,7,5,6,-1
13
----------------------------------------
35	6	20
6->4->3->10->11->17->21->20
8,6,7,7,11,13,7,-1
18
----------------------------------------
36	16	7
16->13->15->7
1,4,9,-1
10
----------------------------------------
37	6	11
6->4->3->10->11
9,7,8,8,-1
9
----------------------------------------
38	15	11
15->13->21->17->11
10,5,8,14,-1
9
----------------------------------------
39	15	20
15->13->21->20
11,6,9,-1
6
----------------------------------------
40	1	16
1->7->15->13->16
6,9,12,7,-1
15
----------------------------------------
41	10	17
10->11->17
9,14,-1
3
----------------------------------------
42	16	3
16->20->21->17->11->10->3
3,4,10,16,15,10,-1
19
----------------------------------------
43	14	9
14->9
7,-1
4
----------------------------------------
44	12	6
12->17->11->10->3->4->6
8,17,16,11,10,8,-1
11
----------------------------------------
45	17	4
17->11->10->3->4
18,17,12,11,-1
9
----------------------------------------
46	19	2
19->15->7->2
4,13,10,-1
14
----------------------------------------
47	18	19
18->23->14->19
6,8,8,-1
6
----------------------------------------
48	23	14
23->14
9,-1
1
----------------------------------------
49	18	0
18->12->17->11->10->3->0
7,9,19,18,13,12,-1
14
----------------------------------------
50	9	13
9->14->19->15->13
5,10,6,14,-1
12
----------------------------------------
51	13	1
13->15->7->1
9,15,11,-1
10
----------------------------------------
52	17	2
17->21->13->15->7->2
20,11,10,16,12,-1
17
----------------------------------------
53	6	5
6->4->3->5
11,10,13,-1
6
----------------------------------------
54	12	15
12->17->21->13->15
10,21,12,11,-1
9
----------------------------------------
55	4	17
4->3->10->11->17
11,14,14,19,-1
9
----------------------------------------
56	15	21
15->13->21
18,12,-1
3
----------------------------------------
57	14	10
14->23->17->11->10
11,10,23,20,-1
6
----------------------------------------
58	19	8
19->14->9->8
7,12,6,-1
8
----------------------------------------
59	18	13
18->12->17->21->13
8,11,24,14,-1
11
----------------------------------------
60	0	17
0->3->10->11->17
4,15,16,21,-1
10
----------------------------------------
61	22	0
22->16->13->15->7->1->0
4,4,14,19,13,8,-1
24
----------------------------------------
62	15	19
15->19
20,-1
5
----------------------------------------
63	1	21
1->7->15->13->21
9,14,21,15,-1
12
----------------------------------------
64	8	9
8->9
4,-1
2
----------------------------------------
65	20	15
20->21->13->15
5,16,16,-1
6
----------------------------------------
66	12	10
12->8->5->3->10
12,5,3,16,-1
19
----------------------------------------
67	10	0
10->3->4->0
18,17,12,-1
9
----------------------------------------
68	14	18
14->23->18
13,11,-1
4
----------------------------------------
69	21	3
21->13->15->7->2->6->4->3
17,17,23,15,6,12,13,-1
17
----------------------------------------
70	21	7
21->13->15->7
18,18,24,-1
7
----------------------------------------
71	20	16
20->16
6,-1
3
----------------------------------------
72	22	16
22->16
5,-1
5
----------------------------------------
73	10	14
10->3->4->6->9->14
19,19,14,13,8,-1
16
----------------------------------------
74	0	14
0->4->6->9->14
7,15,14,9,-1
13
----------------------------------------
75	2	9
2->6->9
7,15,-1
8
----------------------------------------
76	8	7
8->9->6->2->7
6,11,16,8,-1
15
----------------------------------------
77	16	15
16->13->15
7,19,-1
6
----------------------------------------
78	1	20
1->7->15->13->21->20
10,18,26,20,19,-1
15
----------------------------------------
79	6	2
6->2
17,-1
3
----------------------------------------
80	15	22
15->13->16->22
27,21,8,-1
11
----------------------------------------
81	8	4
8->9->6->4
7,12,18,-1
8
----------------------------------------
82	16	1
16->13->15->7->1
9,22,28,19,-1
15
----------------------------------------
83	4	21
4->6->2->7->15->13->21
17,19,10,20,29,23,-1
16
----------------------------------------
84	6	1
6->2->1
20,11,-1
6
----------------------------------------
85	1	3
1->0->3
13,8,-1
6
----------------------------------------
86	9	0
9->6->4->0
13,21,18,-1
9
----------------------------------------
87	17	22
17->12->18->22
26,13,10,-1
6
----------------------------------------
88	10	23
10->3->4->6->9->14->23
20,21,19,22,14,16,-1
17
----------------------------------------
89	7	22
7->15->13->16->22
21,30,24,10,-1
15
----------------------------------------
90	11	15
11->10->3->4->6->2->7->15
22,21,22,20,23,12,22,-1
21
----------------------------------------
91	17	18
17->12->18
27,14,-1
4
----------------------------------------
92	17	12
17->12
28,-1
1
----------------------------------------
93	20	12
20->21->17->12
8,21,29,-1
9
----------------------------------------
94	15	18
15->19->14->23->18
32,9,17,13,-1
11
----------------------------------------
95	9	23
9->14->23
15,18,-1
5
----------------------------------------
96	4	11
4->0->3->10->11
21,10,23,22,-1
12
----------------------------------------
97	13	0
13->15->7->1->0
25,33,23,14,-1
14
----------------------------------------
98	1	21
1->7->15->13->21
15,24,34,26,-1
12
----------------------------------------
99	14	21
14->23->17->21
19,15,30,-1
8
----------------------------------------
100	7	3
7->1->0->3
25,16,12,-1
11
----------------------------------------
101	18	9
18->23->14->9
13,16,20,-1
8
----------------------------------------
102	4	22
4->6->2->7->15->13->16->22
22,24,13,26,35,27,11,-1
24
----------------------------------------
103	3	11
3->10->11
25,23,-1
7
----------------------------------------
104	12	7
12->17->21->13->15->7
17,31,24,28,36,-1
13
----------------------------------------
105	6	8
6->9->8
25,17,-1
7
----------------------------------------
106	0	19
0->4->6->9->14->19
13,23,26,18,21,-1
15
----------------------------------------
107	17	23
17->23
32,-1
2
----------------------------------------
108	0	9
0->4->6->9
14,24,27,-1
9
----------------------------------------
109	23	7
23->14->19->15->7
18,22,11,37,-1
12
----------------------------------------
110	19	1
19->15->7->1
12,38,29,-1
14
----------------------------------------
111	20	1
20->21->13->15->7->1
9,25,29,39,30,-1
15
----------------------------------------
112	0	14
0->4->6->9->14
15,25,28,20,-1
13
----------------------------------------
113	1	7
1->7
19,-1
5
----------------------------------------
114	19	9
19->14->9
13,24,-1
6
----------------------------------------
115	14	6
14->9->6
25,22,-1
9
----------------------------------------
116	18	3
18->23->14->9->6->4->3
14,19,26,23,30,26,-1
15
----------------------------------------
117	5	9
5->8->9
4,9,-1
7
----------------------------------------
118	18	16
18->22->16
15,10,-1
7
----------------------------------------
119	4	11
4->0->3->10->11
27,16,27,24,-1
12
----------------------------------------
120	5	18
5->8->9->14->23->18
5,10,25,27,20,-1
15
----------------------------------------
121	16	14
16->22->18->23->14
13,11,17,21,-1
11
----------------------------------------
122	20	12
20->21->17->12
10,26,33,-1
9
----------------------------------------
123	9	14
9->14
26,-1
4
----------------------------------------
124	1	23
1->2->6->9->14->23
20,14,31,27,30,-1
16
----------------------------------------
125	5	14
5->8->9->14
6,11,28,-1
11
----------------------------------------
126	3	4
3->4
28,-1
1
----------------------------------------
127	11	17
11->5->8->12->17
26,7,12,19,-1
15
----------------------------------------
128	8	17
8->12->17
13,20,-1
6
----------------------------------------
129	4	8
4->6->9->8
29,32,29,-1
8
----------------------------------------
130	19	0
19->14->9->6->4->0
14,32,30,33,30,-1
15
----------------------------------------
131	0	1
0->1
18,-1
4
----------------------------------------
132	18	9
18->23->14->9
18,23,33,-1
8
----------------------------------------
133	18	14
18->23->14
19,24,-1
4
----------------------------------------
134	20	1
20->21->13->15->7->1
11,27,30,40,32,-1
15
----------------------------------------
135	7	6
7->2->6
33,15,-1
8
----------------------------------------
136	16	8
16->22->18->12->8
14,12,20,21,-1
15
----------------------------------------
137	21	22
21->20->22
28,12,-1
8
----------------------------------------
138	9	0
9->6->4->0
32,35,31,-1
9
----------------------------------------
139	0	5
0->3->10->11->5
20,29,25,27,-1
13
----------------------------------------
140	8	16
8->12->18->22->16
16,22,21,14,-1
15
----------------------------------------
141	12	5
12->8->5
23,17,-1
10
----------------------------------------
142	21	14
21->17->23->14
29,36,25,-1
8
----------------------------------------
143	1	14
1->2->6->9->14
23,16,36,33,-1
15
----------------------------------------
144	20	6
20->22->18->23->14->9->6
13,15,22,26,37,34,-1
20
----------------------------------------
145	3	10
3->10
30,-1
5
----------------------------------------
146	11	9
11->5->8->9
28,10,18,-1
11
----------------------------------------
147	11	9
11->5->8->9
29,11,19,-1
11
----------------------------------------
148	13	9
13->21->17->12->8->9
31,30,37,24,20,-1
15
----------------------------------------
149	14	16
14->23->18->22->16
38,27,23,16,-1
11
----------------------------------------
150	2	8
2->6->9->8
17,38,38,-1
10
----------------------------------------
151	0	3
0->3
21,-1
2
----------------------------------------
152	0	16
0->1->7->15->13->16
22,24,34,41,32,-1
19
----------------------------------------
153	10	4
10->3->0->4
27,32,23,-1
10
----------------------------------------
154	0	1
0->1
24,-1
4
----------------------------------------
155	3	21
3->10->11->17->21
33,28,30,38,-1
13
----------------------------------------
156	14	15
14->19->15
39,15,-1
7
----------------------------------------
157	14	13
14->23->17->21->13
40,28,39,32,-1
10
----------------------------------------
158	20	18
20->22->18
14,17,-1
7
----------------------------------------
159	20	13
20->21->13
15,33,-1
5
----------------------------------------
160	7	1
7->1
35,-1
5
----------------------------------------
161	17	21
17->21
40,-1
5
----------------------------------------
162	7	14
7->15->19->14
36,43,16,-1
11
----------------------------------------
163	5	23
5->8->9->14->23
12,22,39,42,-1
12
----------------------------------------
164	15	6
15->19->14->9->6
44,17,43,40,-1
16
----------------------------------------
165	1	7
1->7
27,-1
5
----------------------------------------
166	17	18
17->12->18
41,25,-1
4
----------------------------------------
167	14	17
14->23->17
44,30,-1
3
----------------------------------------
168	22	11
22->18->12->8->5->11
18,26,26,23,13,-1
19
----------------------------------------
169	11	12
11->5->8->12
32,14,24,-1
14
----------------------------------------
170	14	11
14->9->8->5->11
45,41,25,15,-1
15
----------------------------------------
171	16	8
16->22->18->12->8
18,19,27,28,-1
15
----------------------------------------
172	9	1
9->6->2->1
42,40,18,-1
11
----------------------------------------
173	9	2
9->6->2
43,41,-1
8
----------------------------------------
174	19	8
19->14->9->8
18,46,44,-1
8
----------------------------------------
175	2	7
2->7
20,-1
5
----------------------------------------
176	6	2
6->4->0->1->2
42,33,25,29,-1
11
----------------------------------------
177	11	1
11->5->3->0->1
34,16,34,26,-1
14
----------------------------------------
178	0	19
0->1->7->15->19
27,31,39,45,-1
18
----------------------------------------
179	14	15
14->19->15
47,20,-1
7
----------------------------------------
180	9	17
9->8->12->17
45,28,29,-1
8
----------------------------------------
181	13	22
13->16->22
35,19,-1
10
----------------------------------------
182	12	3
12->8->5->3
30,29,17,-1
14
----------------------------------------
183	21	12
21->17->12
35,44,-1
6
----------------------------------------
184	23	16
23->18->22->16
31,28,21,-1
10
----------------------------------------
185	1	10
1->0->3->5->11->10
32,28,36,18,35,-1
16
----------------------------------------
186	9	16
9->8->12->17->21->20->16
46,30,32,45,36,16,-1
19
----------------------------------------
187	23	9
23->17->12->8->9
32,46,33,31,-1
10
----------------------------------------
188	12	21
12->17->21
34,47,-1
6
----------------------------------------
189	3	7
3->0->1->7
37,29,33,-1
11
----------------------------------------
190	13	21
13->21
36,-1
2
----------------------------------------
191	23	13
23->17->21->13
33,48,39,-1
9
----------------------------------------
192	10	4
10->3->0->4
30,38,30,-1
10
----------------------------------------
193	8	0
8->5->3->0
32,19,39,-1
11
----------------------------------------
194	5	8
5->8
20,-1
5
----------------------------------------
195	15	14
15->19->14
47,21,-1
7
----------------------------------------
196	13	8
13->21->17->12->8
38,40,49,35,-1
13
----------------------------------------
197	9	23
9->8->12->17->23
48,35,36,50,-1
10
----------------------------------------
198	13	9
13->21->17->12->8->9
39,41,51,37,36,-1
15
----------------------------------------
199	16	12
16->22->18->12
22,22,29,-1
10
----------------------------------------
200	5	17
5->8->12->17
21,37,39,-1
11
----------------------------------------
201	1	0
1->0
34,-1
4
----------------------------------------
202	0	7
0->1->7
33,35,-1
9
----------------------------------------
203	12	21
12->18->22->20->21
40,30,23,17,-1
13
----------------------------------------
204	12	3
12->8->5->3
41,38,22,-1
14
----------------------------------------
205	15	21
15->19->14->23->17->21
48,22,49,35,53,-1
15
----------------------------------------
206	18	22
18->22
31,-1
2
----------------------------------------
207	3	0
3->0
41,-1
2
----------------------------------------
208	9	4
9->8->5->3->4
50,39,23,42,-1
12
----------------------------------------
209	1	0
1->0
36,-1
4
----------------------------------------
210	3	4
3->0->4
43,36,-1
5
----------------------------------------
211	13	21
13->21
40,-1
2
----------------------------------------
