Node 0 Forwarding Table:
-1	-1	3	0	
----------------------------------------
1	1	3	1	
----------------------------------------
-1	-1	1	2	
----------------------------------------
3	3	-1	-1	
----------------------------------------
-1	-1	3	4	
----------------------------------------
1	5	-1	-1	
----------------------------------------
4	6	-1	-1	
----------------------------------------
-1	-1	4	7	
----------------------------------------
1	8	3	8	
----------------------------------------
4	9	-1	-1	
----------------------------------------
4	10	3	10	
----------------------------------------
1	11	-1	-1	
----------------------------------------
1	12	3	12	
----------------------------------------
-1	-1	4	13	
----------------------------------------
-1	-1	4	14	
----------------------------------------
-1	-1	4	15	
----------------------------------------
4	16	3	16	
----------------------------------------
4	17	-1	-1	
----------------------------------------
-1	-1	1	18	
----------------------------------------
4	19	-1	-1	
----------------------------------------
-1	-1	3	20	
----------------------------------------
-1	-1	3	21	
----------------------------------------
-1	-1	1	22	
----------------------------------------
3	23	4	23	
----------------------------------------
-1	-1	1	24	
----------------------------------------
4	25	1	25	
----------------------------------------
3	26	1	26	
----------------------------------------
-1	-1	1	27	
----------------------------------------
1	28	3	28	
----------------------------------------
3	29	1	29	
----------------------------------------
3	30	4	30	
----------------------------------------
3	31	-1	-1	
----------------------------------------
1	32	-1	-1	
----------------------------------------
-1	-1	1	33	
----------------------------------------
3	34	-1	-1	
----------------------------------------
1	35	-1	-1	
----------------------------------------
3	36	4	36	
----------------------------------------

****************************************
Node 1 Forwarding Table:
-1	-1	0	0	
----------------------------------------
-1	-1	7	1	
----------------------------------------
0	2	7	2	
----------------------------------------
-1	-1	2	3	
----------------------------------------
-1	-1	7	4	
----------------------------------------
-1	-1	2	5	
----------------------------------------
-1	-1	7	6	
----------------------------------------
7	7	-1	-1	
----------------------------------------
7	8	0	8	
----------------------------------------
-1	-1	7	9	
----------------------------------------
-1	-1	7	10	
----------------------------------------
7	11	-1	-1	
----------------------------------------
2	12	-1	-1	
----------------------------------------
-1	-1	0	13	
----------------------------------------
7	14	0	14	
----------------------------------------
-1	-1	7	15	
----------------------------------------
7	16	0	16	
----------------------------------------
7	17	-1	-1	
----------------------------------------
7	18	-1	-1	
----------------------------------------
-1	-1	7	19	
----------------------------------------
-1	-1	2	20	
----------------------------------------
0	21	-1	-1	
----------------------------------------
7	22	-1	-1	
----------------------------------------
-1	-1	2	23	
----------------------------------------
0	24	7	24	
----------------------------------------
0	25	-1	-1	
----------------------------------------
7	26	-1	-1	
----------------------------------------
-1	-1	7	27	
----------------------------------------
2	28	-1	-1	
----------------------------------------
0	29	2	29	
----------------------------------------
0	30	-1	-1	
----------------------------------------
0	31	7	31	
----------------------------------------
-1	-1	0	32	
----------------------------------------
0	33	7	33	
----------------------------------------
-1	-1	0	34	
----------------------------------------
0	35	7	35	
----------------------------------------
-1	-1	0	36	
----------------------------------------

****************************************
Node 2 Forwarding Table:
-1	-1	6	0	
----------------------------------------
1	1	6	1	
----------------------------------------
6	2	7	2	
----------------------------------------
1	3	6	3	
----------------------------------------
7	4	-1	-1	
----------------------------------------
7	5	-1	-1	
----------------------------------------
7	6	6	6	
----------------------------------------
-1	-1	6	7	
----------------------------------------
6	8	7	8	
----------------------------------------
6	9	-1	-1	
----------------------------------------
6	10	7	10	
----------------------------------------
6	11	1	11	
----------------------------------------
6	12	7	12	
----------------------------------------
6	13	7	13	
----------------------------------------
1	14	6	14	
----------------------------------------
7	15	6	15	
----------------------------------------
1	16	6	16	
----------------------------------------
-1	-1	6	17	
----------------------------------------
6	18	1	18	
----------------------------------------
6	19	-1	-1	
----------------------------------------
-1	-1	7	20	
----------------------------------------
1	21	-1	-1	
----------------------------------------

****************************************
Node 3 Forwarding Table:
4	0	5	0	
----------------------------------------
0	1	5	1	
----------------------------------------
0	2	-1	-1	
----------------------------------------
4	3	-1	-1	
----------------------------------------
10	4	-1	-1	
----------------------------------------
10	5	4	5	
----------------------------------------
4	6	10	6	
----------------------------------------
4	7	10	7	
----------------------------------------
4	8	10	8	
----------------------------------------
10	9	-1	-1	
----------------------------------------
10	10	4	10	
----------------------------------------
10	11	4	11	
----------------------------------------
10	12	0	12	
----------------------------------------
4	13	5	13	
----------------------------------------
4	14	10	14	
----------------------------------------
0	15	10	15	
----------------------------------------
5	16	10	16	
----------------------------------------
10	17	4	17	
----------------------------------------
4	18	-1	-1	
----------------------------------------
10	19	4	19	
----------------------------------------
0	20	-1	-1	
----------------------------------------
10	21	4	21	
----------------------------------------
10	22	4	22	
----------------------------------------
0	23	10	23	
----------------------------------------
0	24	-1	-1	
----------------------------------------
-1	-1	10	25	
----------------------------------------
4	26	-1	-1	
----------------------------------------
0	27	10	27	
----------------------------------------
-1	-1	4	28	
----------------------------------------
0	29	10	29	
----------------------------------------
-1	-1	10	30	
----------------------------------------
0	31	-1	-1	
----------------------------------------
10	32	0	32	
----------------------------------------
-1	-1	10	33	
----------------------------------------
5	34	0	34	
----------------------------------------
5	35	-1	-1	
----------------------------------------
0	36	5	36	
----------------------------------------
-1	-1	0	37	
----------------------------------------
10	38	0	38	
----------------------------------------
5	39	0	39	
----------------------------------------
5	40	-1	-1	
----------------------------------------
-1	-1	0	41	
----------------------------------------
5	42	4	42	
----------------------------------------
-1	-1	0	43	
----------------------------------------

****************************************
Node 4 Forwarding Table:
6	0	3	0	
----------------------------------------
6	1	-1	-1	
----------------------------------------
6	2	3	2	
----------------------------------------
-1	-1	6	3	
----------------------------------------
3	4	6	4	
----------------------------------------
6	5	3	5	
----------------------------------------
6	6	3	6	
----------------------------------------
6	7	3	7	
----------------------------------------
3	8	6	8	
----------------------------------------
3	9	-1	-1	
----------------------------------------
6	10	3	10	
----------------------------------------
-1	-1	3	11	
----------------------------------------
3	12	0	12	
----------------------------------------
6	13	3	13	
----------------------------------------
3	14	6	14	
----------------------------------------
0	15	6	15	
----------------------------------------
6	16	-1	-1	
----------------------------------------
-1	-1	6	17	
----------------------------------------
6	18	0	18	
----------------------------------------
3	19	6	19	
----------------------------------------
3	20	6	20	
----------------------------------------
-1	-1	0	21	
----------------------------------------
-1	-1	6	22	
----------------------------------------
0	23	6	23	
----------------------------------------
0	24	6	24	
----------------------------------------
0	25	6	25	
----------------------------------------
6	26	3	26	
----------------------------------------
-1	-1	0	27	
----------------------------------------
3	28	-1	-1	
----------------------------------------
-1	-1	6	29	
----------------------------------------
6	30	0	30	
----------------------------------------
6	31	0	31	
----------------------------------------
0	32	-1	-1	
----------------------------------------
6	33	0	33	
----------------------------------------
0	34	-1	-1	
----------------------------------------
3	35	-1	-1	
----------------------------------------
0	36	-1	-1	
----------------------------------------

****************************************
Node 5 Forwarding Table:
3	0	11	0	
----------------------------------------
3	1	11	1	
----------------------------------------
3	2	-1	-1	
----------------------------------------
8	3	3	3	
----------------------------------------
-1	-1	8	4	
----------------------------------------
-1	-1	8	5	
----------------------------------------
-1	-1	8	6	
----------------------------------------
11	7	8	7	
----------------------------------------
11	8	-1	-1	
----------------------------------------
8	9	-1	-1	
----------------------------------------
11	10	8	10	
----------------------------------------
11	11	8	11	
----------------------------------------
-1	-1	8	12	
----------------------------------------
8	13	11	13	
----------------------------------------
11	14	8	14	
----------------------------------------
8	15	11	15	
----------------------------------------
11	16	3	16	
----------------------------------------
8	17	3	17	
----------------------------------------
3	18	11	18	
----------------------------------------
8	19	3	19	
----------------------------------------
-1	-1	8	20	
----------------------------------------
-1	-1	8	21	
----------------------------------------
8	22	3	22	
----------------------------------------
8	23	3	23	
----------------------------------------

****************************************
Node 6 Forwarding Table:
2	0	4	0	
----------------------------------------
-1	-1	4	1	
----------------------------------------
9	2	4	2	
----------------------------------------
2	3	9	3	
----------------------------------------
4	4	2	4	
----------------------------------------
-1	-1	9	5	
----------------------------------------
4	6	-1	-1	
----------------------------------------
2	7	4	7	
----------------------------------------
-1	-1	4	8	
----------------------------------------
-1	-1	4	9	
----------------------------------------
4	10	-1	-1	
----------------------------------------
-1	-1	4	11	
----------------------------------------
2	12	4	12	
----------------------------------------
4	13	9	13	
----------------------------------------
4	14	9	14	
----------------------------------------
2	15	9	15	
----------------------------------------
9	16	2	16	
----------------------------------------
-1	-1	2	17	
----------------------------------------
9	18	4	18	
----------------------------------------
4	19	2	19	
----------------------------------------
-1	-1	2	20	
----------------------------------------
9	21	4	21	
----------------------------------------
4	22	9	22	
----------------------------------------
4	23	2	23	
----------------------------------------
4	24	2	24	
----------------------------------------
-1	-1	9	25	
----------------------------------------
4	26	9	26	
----------------------------------------
4	27	9	27	
----------------------------------------
4	28	9	28	
----------------------------------------
9	29	-1	-1	
----------------------------------------
9	30	4	30	
----------------------------------------
2	31	9	31	
----------------------------------------
4	32	9	32	
----------------------------------------
9	33	4	33	
----------------------------------------
2	34	-1	-1	
----------------------------------------
9	35	4	35	
----------------------------------------
2	36	9	36	
----------------------------------------
9	37	-1	-1	
----------------------------------------
2	38	9	38	
----------------------------------------
9	39	-1	-1	
----------------------------------------
9	40	2	40	
----------------------------------------
9	41	2	41	
----------------------------------------
-1	-1	4	42	
----------------------------------------

****************************************
Node 7 Forwarding Table:
15	0	-1	-1	
----------------------------------------
-1	-1	15	1	
----------------------------------------
1	2	15	2	
----------------------------------------
1	3	-1	-1	
----------------------------------------
1	4	15	4	
----------------------------------------
2	5	15	5	
----------------------------------------
-1	-1	15	6	
----------------------------------------
-1	-1	15	7	
----------------------------------------
15	8	-1	-1	
----------------------------------------
1	9	15	9	
----------------------------------------
15	10	2	10	
----------------------------------------
15	11	1	11	
----------------------------------------
15	12	2	12	
----------------------------------------
15	13	1	13	
----------------------------------------
1	14	15	14	
----------------------------------------
15	15	2	15	
----------------------------------------
15	16	-1	-1	
----------------------------------------
2	17	-1	-1	
----------------------------------------
1	18	15	18	
----------------------------------------
15	19	1	19	
----------------------------------------
2	20	15	20	
----------------------------------------
-1	-1	15	21	
----------------------------------------
2	22	15	22	
----------------------------------------
15	23	1	23	
----------------------------------------
1	24	15	24	
----------------------------------------
-1	-1	1	25	
----------------------------------------
2	26	15	26	
----------------------------------------
15	27	-1	-1	
----------------------------------------
15	28	-1	-1	
----------------------------------------
15	29	1	29	
----------------------------------------
15	30	1	30	
----------------------------------------
1	31	-1	-1	
----------------------------------------
15	32	1	32	
----------------------------------------
-1	-1	2	33	
----------------------------------------
1	34	15	34	
----------------------------------------
-1	-1	1	35	
----------------------------------------
-1	-1	15	36	
----------------------------------------
1	37	-1	-1	
----------------------------------------
2	38	-1	-1	
----------------------------------------
1	39	15	39	
----------------------------------------
1	40	-1	-1	
----------------------------------------
1	41	-1	-1	
----------------------------------------

****************************************
Node 8 Forwarding Table:
9	0	12	0	
----------------------------------------
12	1	-1	-1	
----------------------------------------
12	2	-1	-1	
----------------------------------------
9	3	-1	-1	
----------------------------------------
-1	-1	9	4	
----------------------------------------
12	5	5	5	
----------------------------------------
-1	-1	9	6	
----------------------------------------
-1	-1	9	7	
----------------------------------------
9	8	-1	-1	
----------------------------------------
5	9	9	9	
----------------------------------------
5	10	9	10	
----------------------------------------
5	11	9	11	
----------------------------------------
5	12	12	12	
----------------------------------------
-1	-1	12	13	
----------------------------------------
9	14	-1	-1	
----------------------------------------
12	15	-1	-1	
----------------------------------------
-1	-1	12	16	
----------------------------------------
12	17	5	17	
----------------------------------------
5	18	9	18	
----------------------------------------
5	19	9	19	
----------------------------------------
12	20	9	20	
----------------------------------------
9	21	-1	-1	
----------------------------------------
5	22	9	22	
----------------------------------------
12	23	5	23	
----------------------------------------
5	24	12	24	
----------------------------------------
9	25	5	25	
----------------------------------------
12	26	-1	-1	
----------------------------------------
9	27	-1	-1	
----------------------------------------
9	28	12	28	
----------------------------------------
12	29	5	29	
----------------------------------------
9	30	12	30	
----------------------------------------
12	31	9	31	
----------------------------------------
-1	-1	5	32	
----------------------------------------
5	33	-1	-1	
----------------------------------------
12	34	-1	-1	
----------------------------------------
9	35	12	35	
----------------------------------------
12	36	9	36	
----------------------------------------
5	37	12	37	
----------------------------------------
12	38	5	38	
----------------------------------------
9	39	5	39	
----------------------------------------

****************************************
Node 9 Forwarding Table:
-1	-1	8	0	
----------------------------------------
-1	-1	6	1	
----------------------------------------
6	2	-1	-1	
----------------------------------------
6	3	14	3	
----------------------------------------
14	4	-1	-1	
----------------------------------------
-1	-1	14	5	
----------------------------------------
14	6	8	6	
----------------------------------------
8	7	-1	-1	
----------------------------------------
6	8	14	8	
----------------------------------------
6	9	14	9	
----------------------------------------
6	10	-1	-1	
----------------------------------------
8	11	6	11	
----------------------------------------
8	12	6	12	
----------------------------------------
-1	-1	6	13	
----------------------------------------
6	14	14	14	
----------------------------------------
-1	-1	14	15	
----------------------------------------
14	16	-1	-1	
----------------------------------------
6	17	8	17	
----------------------------------------
6	18	14	18	
----------------------------------------
6	19	-1	-1	
----------------------------------------
6	20	14	20	
----------------------------------------
14	21	-1	-1	
----------------------------------------
14	22	6	22	
----------------------------------------
14	23	6	23	
----------------------------------------
8	24	-1	-1	
----------------------------------------
8	25	14	25	
----------------------------------------
-1	-1	14	26	
----------------------------------------
6	27	14	27	
----------------------------------------
8	28	14	28	
----------------------------------------
6	29	8	29	
----------------------------------------
14	30	6	30	
----------------------------------------
14	31	-1	-1	
----------------------------------------
-1	-1	6	32	
----------------------------------------
6	33	14	33	
----------------------------------------
14	34	6	34	
----------------------------------------
8	35	-1	-1	
----------------------------------------
8	36	-1	-1	
----------------------------------------
8	37	-1	-1	
----------------------------------------
6	38	8	38	
----------------------------------------
8	39	14	39	
----------------------------------------
14	40	6	40	
----------------------------------------
14	41	8	41	
----------------------------------------
-1	-1	6	42	
----------------------------------------
-1	-1	6	43	
----------------------------------------
14	44	8	44	
----------------------------------------
-1	-1	8	45	
----------------------------------------
-1	-1	8	46	
----------------------------------------
8	47	-1	-1	
----------------------------------------
-1	-1	8	48	
----------------------------------------
8	49	-1	-1	
----------------------------------------
-1	-1	8	50	
----------------------------------------

****************************************
Node 10 Forwarding Table:
-1	-1	11	0	
----------------------------------------
-1	-1	11	1	
----------------------------------------
11	2	3	2	
----------------------------------------
11	3	-1	-1	
----------------------------------------
-1	-1	11	4	
----------------------------------------
11	5	3	5	
----------------------------------------
3	6	-1	-1	
----------------------------------------
3	7	11	7	
----------------------------------------
3	8	11	8	
----------------------------------------
-1	-1	11	9	
----------------------------------------
11	10	3	10	
----------------------------------------
11	11	3	11	
----------------------------------------
11	12	3	12	
----------------------------------------
11	13	3	13	
----------------------------------------
3	14	11	14	
----------------------------------------
11	15	-1	-1	
----------------------------------------
3	16	11	16	
----------------------------------------
3	17	-1	-1	
----------------------------------------
-1	-1	3	18	
----------------------------------------
-1	-1	3	19	
----------------------------------------
-1	-1	3	20	
----------------------------------------
11	21	3	21	
----------------------------------------
3	22	11	22	
----------------------------------------
3	23	11	23	
----------------------------------------
3	24	11	24	
----------------------------------------
3	25	11	25	
----------------------------------------
3	26	-1	-1	
----------------------------------------
-1	-1	3	27	
----------------------------------------
3	28	11	28	
----------------------------------------
11	29	-1	-1	
----------------------------------------
-1	-1	3	30	
----------------------------------------

****************************************
Node 11 Forwarding Table:
5	0	-1	-1	
----------------------------------------
5	1	-1	-1	
----------------------------------------
10	2	-1	-1	
----------------------------------------
10	3	17	3	
----------------------------------------
17	4	10	4	
----------------------------------------
17	5	10	5	
----------------------------------------
17	6	-1	-1	
----------------------------------------
-1	-1	17	7	
----------------------------------------
10	8	17	8	
----------------------------------------
-1	-1	17	9	
----------------------------------------
17	10	10	10	
----------------------------------------
10	11	17	11	
----------------------------------------
10	12	-1	-1	
----------------------------------------
17	13	-1	-1	
----------------------------------------
10	14	17	14	
----------------------------------------
17	15	10	15	
----------------------------------------
17	16	10	16	
----------------------------------------
17	17	10	17	
----------------------------------------
17	18	10	18	
----------------------------------------
10	19	17	19	
----------------------------------------
17	20	10	20	
----------------------------------------
10	21	17	21	
----------------------------------------
-1	-1	10	22	
----------------------------------------
10	23	-1	-1	
----------------------------------------
10	24	-1	-1	
----------------------------------------
10	25	-1	-1	
----------------------------------------
-1	-1	5	26	
----------------------------------------
10	27	5	27	
----------------------------------------
-1	-1	5	28	
----------------------------------------
-1	-1	5	29	
----------------------------------------
10	30	17	30	
----------------------------------------
5	31	-1	-1	
----------------------------------------
-1	-1	5	32	
----------------------------------------
5	33	-1	-1	
----------------------------------------
-1	-1	5	34	
----------------------------------------
5	35	10	35	
----------------------------------------

****************************************
Node 12 Forwarding Table:
8	0	-1	-1	
----------------------------------------
18	1	17	1	
----------------------------------------
-1	-1	18	2	
----------------------------------------
17	3	8	3	
----------------------------------------
17	4	8	4	
----------------------------------------
18	5	17	5	
----------------------------------------
17	6	-1	-1	
----------------------------------------
17	7	18	7	
----------------------------------------
-1	-1	17	8	
----------------------------------------
18	9	17	9	
----------------------------------------
-1	-1	17	10	
----------------------------------------
18	11	17	11	
----------------------------------------
-1	-1	8	12	
----------------------------------------
17	13	18	13	
----------------------------------------
17	14	18	14	
----------------------------------------
17	15	-1	-1	
----------------------------------------
17	16	-1	-1	
----------------------------------------
-1	-1	17	17	
----------------------------------------
17	18	-1	-1	
----------------------------------------
8	19	17	19	
----------------------------------------
8	20	17	20	
----------------------------------------
18	21	8	21	
----------------------------------------
8	22	18	22	
----------------------------------------
-1	-1	8	23	
----------------------------------------
17	24	8	24	
----------------------------------------
17	25	18	25	
----------------------------------------
18	26	8	26	
----------------------------------------
8	27	-1	-1	
----------------------------------------
18	28	8	28	
----------------------------------------
8	29	17	29	
----------------------------------------
-1	-1	8	30	
----------------------------------------
17	31	-1	-1	
----------------------------------------
8	32	17	32	
----------------------------------------
17	33	8	33	
----------------------------------------
-1	-1	17	34	
----------------------------------------
17	35	8	35	
----------------------------------------
8	36	17	36	
----------------------------------------
17	37	8	37	
----------------------------------------
18	38	-1	-1	
----------------------------------------
8	39	17	39	
----------------------------------------
-1	-1	18	40	
----------------------------------------
-1	-1	8	41	
----------------------------------------

****************************************
Node 13 Forwarding Table:
15	0	21	0	
----------------------------------------
-1	-1	21	1	
----------------------------------------
15	2	21	2	
----------------------------------------
21	3	15	3	
----------------------------------------
16	4	15	4	
----------------------------------------
15	5	21	5	
----------------------------------------
15	6	21	6	
----------------------------------------
15	7	16	7	
----------------------------------------
15	8	-1	-1	
----------------------------------------
-1	-1	15	9	
----------------------------------------
21	10	15	10	
----------------------------------------
21	11	15	11	
----------------------------------------
15	12	21	12	
----------------------------------------
21	13	-1	-1	
----------------------------------------
16	14	15	14	
----------------------------------------
15	15	21	15	
----------------------------------------
21	16	15	16	
----------------------------------------
21	17	15	17	
----------------------------------------
21	18	15	18	
----------------------------------------
16	19	15	19	
----------------------------------------
15	20	21	20	
----------------------------------------
15	21	16	21	
----------------------------------------
16	22	15	22	
----------------------------------------
15	23	21	23	
----------------------------------------
15	24	16	24	
----------------------------------------
-1	-1	15	25	
----------------------------------------
15	26	21	26	
----------------------------------------
15	27	16	27	
----------------------------------------
21	28	15	28	
----------------------------------------
21	29	15	29	
----------------------------------------
21	30	15	30	
----------------------------------------
-1	-1	21	31	
----------------------------------------
15	32	16	32	
----------------------------------------
21	33	-1	-1	
----------------------------------------
21	34	-1	-1	
----------------------------------------
-1	-1	16	35	
----------------------------------------
-1	-1	21	36	
----------------------------------------
21	37	-1	-1	
----------------------------------------
-1	-1	21	38	
----------------------------------------
-1	-1	21	39	
----------------------------------------
-1	-1	21	40	
----------------------------------------

****************************************
Node 14 Forwarding Table:
23	0	19	0	
----------------------------------------
23	1	-1	-1	
----------------------------------------
23	2	19	2	
----------------------------------------
19	3	23	3	
----------------------------------------
23	4	-1	-1	
----------------------------------------
19	5	23	5	
----------------------------------------
9	6	23	6	
----------------------------------------
-1	-1	9	7	
----------------------------------------
23	8	19	8	
----------------------------------------
23	9	-1	-1	
----------------------------------------
9	10	19	10	
----------------------------------------
-1	-1	23	11	
----------------------------------------
19	12	9	12	
----------------------------------------
-1	-1	23	13	
----------------------------------------
9	14	-1	-1	
----------------------------------------
9	15	-1	-1	
----------------------------------------
9	16	23	16	
----------------------------------------
19	17	23	17	
----------------------------------------
9	18	23	18	
----------------------------------------
-1	-1	23	19	
----------------------------------------
23	20	9	20	
----------------------------------------
9	21	19	21	
----------------------------------------
23	22	19	22	
----------------------------------------
9	23	-1	-1	
----------------------------------------
19	24	9	24	
----------------------------------------
-1	-1	9	25	
----------------------------------------
23	26	9	26	
----------------------------------------
9	27	23	27	
----------------------------------------
23	28	-1	-1	
----------------------------------------
9	29	-1	-1	
----------------------------------------
9	30	23	30	
----------------------------------------
9	31	-1	-1	
----------------------------------------
19	32	9	32	
----------------------------------------
23	33	9	33	
----------------------------------------
23	34	-1	-1	
----------------------------------------
23	35	-1	-1	
----------------------------------------
9	36	-1	-1	
----------------------------------------
23	37	9	37	
----------------------------------------
-1	-1	23	38	
----------------------------------------
-1	-1	19	39	
----------------------------------------
-1	-1	23	40	
----------------------------------------
19	41	-1	-1	
----------------------------------------
9	42	23	42	
----------------------------------------
19	43	9	43	
----------------------------------------
-1	-1	23	44	
----------------------------------------
-1	-1	9	45	
----------------------------------------
19	46	9	46	
----------------------------------------
-1	-1	19	47	
----------------------------------------
19	48	-1	-1	
----------------------------------------
19	49	23	49	
----------------------------------------

****************************************
Node 15 Forwarding Table:
19	0	7	0	
----------------------------------------
7	1	13	1	
----------------------------------------
7	2	-1	-1	
----------------------------------------
-1	-1	19	3	
----------------------------------------
7	4	-1	-1	
----------------------------------------
7	5	-1	-1	
----------------------------------------
7	6	13	6	
----------------------------------------
13	7	-1	-1	
----------------------------------------
7	8	-1	-1	
----------------------------------------
13	9	7	9	
----------------------------------------
-1	-1	13	10	
----------------------------------------
-1	-1	13	11	
----------------------------------------
7	12	13	12	
----------------------------------------
19	13	7	13	
----------------------------------------
19	14	13	14	
----------------------------------------
13	15	7	15	
----------------------------------------
13	16	7	16	
----------------------------------------
13	17	-1	-1	
----------------------------------------
-1	-1	13	18	
----------------------------------------
13	19	7	19	
----------------------------------------
-1	-1	19	20	
----------------------------------------
7	21	13	21	
----------------------------------------
13	22	-1	-1	
----------------------------------------
13	23	7	23	
----------------------------------------
13	24	7	24	
----------------------------------------
13	25	-1	-1	
----------------------------------------
7	26	13	26	
----------------------------------------
-1	-1	13	27	
----------------------------------------
13	28	7	28	
----------------------------------------
7	29	13	29	
----------------------------------------
7	30	13	30	
----------------------------------------
7	31	-1	-1	
----------------------------------------
-1	-1	19	32	
----------------------------------------
13	33	7	33	
----------------------------------------
7	34	13	34	
----------------------------------------
7	35	13	35	
----------------------------------------
13	36	7	36	
----------------------------------------
19	37	7	37	
----------------------------------------
19	38	7	38	
----------------------------------------
13	39	7	39	
----------------------------------------
13	40	7	40	
----------------------------------------
7	41	13	41	
----------------------------------------
19	42	-1	-1	
----------------------------------------
7	43	19	43	
----------------------------------------
-1	-1	19	44	
----------------------------------------
7	45	19	45	
----------------------------------------
19	46	-1	-1	
----------------------------------------
-1	-1	19	47	
----------------------------------------
-1	-1	19	48	
----------------------------------------

****************************************
Node 16 Forwarding Table:
22	0	-1	-1	
----------------------------------------
-1	-1	13	1	
----------------------------------------
13	2	-1	-1	
----------------------------------------
-1	-1	20	3	
----------------------------------------
22	4	13	4	
----------------------------------------
20	5	-1	-1	
----------------------------------------
22	6	-1	-1	
----------------------------------------
-1	-1	13	7	
----------------------------------------
13	8	22	8	
----------------------------------------
-1	-1	13	9	
----------------------------------------
13	10	22	10	
----------------------------------------
13	11	22	11	
----------------------------------------
22	12	-1	-1	
----------------------------------------
-1	-1	22	13	
----------------------------------------
-1	-1	22	14	
----------------------------------------
22	15	-1	-1	
----------------------------------------
22	16	-1	-1	
----------------------------------------
13	17	-1	-1	
----------------------------------------
-1	-1	22	18	
----------------------------------------
13	19	22	19	
----------------------------------------
22	20	-1	-1	
----------------------------------------
20	21	-1	-1	
----------------------------------------
-1	-1	22	22	
----------------------------------------

****************************************
Node 17 Forwarding Table:
-1	-1	23	0	
----------------------------------------
12	1	-1	-1	
----------------------------------------
21	2	23	2	
----------------------------------------
21	3	12	3	
----------------------------------------
11	4	12	4	
----------------------------------------
12	5	11	5	
----------------------------------------
23	6	11	6	
----------------------------------------
-1	-1	11	7	
----------------------------------------
21	8	12	8	
----------------------------------------
11	9	21	9	
----------------------------------------
11	10	12	10	
----------------------------------------
11	11	21	11	
----------------------------------------
-1	-1	11	12	
----------------------------------------
11	13	21	13	
----------------------------------------
21	14	11	14	
----------------------------------------
11	15	-1	-1	
----------------------------------------
21	16	11	16	
----------------------------------------
12	17	11	17	
----------------------------------------
-1	-1	11	18	
----------------------------------------
12	19	11	19	
----------------------------------------
-1	-1	21	20	
----------------------------------------
12	21	21	21	
----------------------------------------
11	22	-1	-1	
----------------------------------------
23	23	11	23	
----------------------------------------
12	24	21	24	
----------------------------------------
11	25	-1	-1	
----------------------------------------
-1	-1	12	26	
----------------------------------------
-1	-1	12	27	
----------------------------------------
-1	-1	12	28	
----------------------------------------
21	29	12	29	
----------------------------------------
23	30	21	30	
----------------------------------------
12	31	21	31	
----------------------------------------
-1	-1	23	32	
----------------------------------------
21	33	12	33	
----------------------------------------
12	34	-1	-1	
----------------------------------------
12	35	-1	-1	
----------------------------------------
21	36	23	36	
----------------------------------------
21	37	12	37	
----------------------------------------
11	38	21	38	
----------------------------------------
23	39	21	39	
----------------------------------------
-1	-1	21	40	
----------------------------------------
-1	-1	12	41	
----------------------------------------
23	42	-1	-1	
----------------------------------------
12	43	-1	-1	
----------------------------------------
21	44	12	44	
----------------------------------------
12	45	21	45	
----------------------------------------
23	46	12	46	
----------------------------------------
12	47	21	47	
----------------------------------------
23	48	21	48	
----------------------------------------
21	49	12	49	
----------------------------------------
12	50	23	50	
----------------------------------------
21	51	12	51	
----------------------------------------
12	52	-1	-1	
----------------------------------------
23	53	21	53	
----------------------------------------

****************************************
Node 18 Forwarding Table:
22	0	23	0	
----------------------------------------
-1	-1	23	1	
----------------------------------------
22	2	12	2	
----------------------------------------
12	3	22	3	
----------------------------------------
22	4	12	4	
----------------------------------------
12	5	-1	-1	
----------------------------------------
-1	-1	23	6	
----------------------------------------
-1	-1	12	7	
----------------------------------------
-1	-1	12	8	
----------------------------------------
23	9	-1	-1	
----------------------------------------
12	10	22	10	
----------------------------------------
12	11	-1	-1	
----------------------------------------
23	12	-1	-1	
----------------------------------------
-1	-1	23	13	
----------------------------------------
-1	-1	23	14	
----------------------------------------
-1	-1	22	15	
----------------------------------------
23	16	-1	-1	
----------------------------------------
22	17	23	17	
----------------------------------------
-1	-1	23	18	
----------------------------------------
-1	-1	23	19	
----------------------------------------
22	20	12	20	
----------------------------------------
12	21	22	21	
----------------------------------------
22	22	23	22	
----------------------------------------
23	23	22	23	
----------------------------------------
22	24	-1	-1	
----------------------------------------
12	25	-1	-1	
----------------------------------------
22	26	12	26	
----------------------------------------
22	27	12	27	
----------------------------------------
23	28	22	28	
----------------------------------------
22	29	12	29	
----------------------------------------
12	30	22	30	
----------------------------------------
-1	-1	22	31	
----------------------------------------

****************************************
Node 19 Forwarding Table:
14	0	15	0	
----------------------------------------
14	1	-1	-1	
----------------------------------------
15	2	14	2	
----------------------------------------
-1	-1	14	3	
----------------------------------------
-1	-1	15	4	
----------------------------------------
14	5	-1	-1	
----------------------------------------
14	6	15	6	
----------------------------------------
-1	-1	14	7	
----------------------------------------
15	8	-1	-1	
----------------------------------------
15	9	14	9	
----------------------------------------
14	10	-1	-1	
----------------------------------------
14	11	15	11	
----------------------------------------
-1	-1	15	12	
----------------------------------------
-1	-1	14	13	
----------------------------------------
-1	-1	14	14	
----------------------------------------
14	15	15	15	
----------------------------------------
15	16	14	16	
----------------------------------------
15	17	14	17	
----------------------------------------
-1	-1	14	18	
----------------------------------------
15	19	-1	-1	
----------------------------------------
14	20	15	20	
----------------------------------------
15	21	14	21	
----------------------------------------
15	22	14	22	
----------------------------------------

****************************************
Node 20 Forwarding Table:
-1	-1	22	0	
----------------------------------------
21	1	-1	-1	
----------------------------------------
21	2	-1	-1	
----------------------------------------
21	3	-1	-1	
----------------------------------------
16	4	21	4	
----------------------------------------
-1	-1	21	5	
----------------------------------------
-1	-1	16	6	
----------------------------------------
21	7	-1	-1	
----------------------------------------
-1	-1	21	8	
----------------------------------------
-1	-1	21	9	
----------------------------------------
-1	-1	21	10	
----------------------------------------
-1	-1	21	11	
----------------------------------------
21	12	22	12	
----------------------------------------
-1	-1	22	13	
----------------------------------------
-1	-1	22	14	
----------------------------------------
-1	-1	21	15	
----------------------------------------
21	16	16	16	
----------------------------------------
22	17	21	17	
----------------------------------------

****************************************
Node 21 Forwarding Table:
13	0	20	0	
----------------------------------------
13	1	-1	-1	
----------------------------------------
-1	-1	17	2	
----------------------------------------
-1	-1	17	3	
----------------------------------------
13	4	17	4	
----------------------------------------
17	5	13	5	
----------------------------------------
17	6	-1	-1	
----------------------------------------
17	7	20	7	
----------------------------------------
13	8	17	8	
----------------------------------------
13	9	20	9	
----------------------------------------
20	10	17	10	
----------------------------------------
17	11	13	11	
----------------------------------------
17	12	13	12	
----------------------------------------
13	13	-1	-1	
----------------------------------------
17	14	13	14	
----------------------------------------
13	15	-1	-1	
----------------------------------------
20	16	13	16	
----------------------------------------
-1	-1	13	17	
----------------------------------------
-1	-1	13	18	
----------------------------------------
13	19	20	19	
----------------------------------------
13	20	-1	-1	
----------------------------------------
20	21	17	21	
----------------------------------------
13	22	-1	-1	
----------------------------------------
17	23	-1	-1	
----------------------------------------
17	24	13	24	
----------------------------------------
20	25	13	25	
----------------------------------------
20	26	17	26	
----------------------------------------
20	27	13	27	
----------------------------------------
-1	-1	20	28	
----------------------------------------
-1	-1	17	29	
----------------------------------------
13	30	17	30	
----------------------------------------
17	31	-1	-1	
----------------------------------------
17	32	13	32	
----------------------------------------
20	33	13	33	
----------------------------------------
17	34	-1	-1	
----------------------------------------
-1	-1	17	35	
----------------------------------------
17	36	20	36	
----------------------------------------
17	37	-1	-1	
----------------------------------------
13	38	-1	-1	
----------------------------------------
17	39	13	39	
----------------------------------------
13	40	17	40	
----------------------------------------
13	41	17	41	
----------------------------------------
20	42	-1	-1	
----------------------------------------
17	43	-1	-1	
----------------------------------------
13	44	-1	-1	
----------------------------------------

****************************************
Node 22 Forwarding Table:
20	0	18	0	
----------------------------------------
-1	-1	18	1	
----------------------------------------
18	2	16	2	
----------------------------------------
-1	-1	18	3	
----------------------------------------
-1	-1	16	4	
----------------------------------------
-1	-1	16	5	
----------------------------------------
16	6	-1	-1	
----------------------------------------
18	7	-1	-1	
----------------------------------------
16	8	-1	-1	
----------------------------------------
16	9	-1	-1	
----------------------------------------
18	10	16	10	
----------------------------------------
16	11	18	11	
----------------------------------------
16	12	18	12	
----------------------------------------
20	13	-1	-1	
----------------------------------------
18	14	16	14	
----------------------------------------
20	15	18	15	
----------------------------------------
18	16	16	16	
----------------------------------------
20	17	18	17	
----------------------------------------
-1	-1	18	18	
----------------------------------------
16	19	18	19	
----------------------------------------
16	20	-1	-1	
----------------------------------------
18	21	16	21	
----------------------------------------
16	22	18	22	
----------------------------------------
18	23	20	23	
----------------------------------------
18	24	-1	-1	
----------------------------------------

****************************************
Node 23 Forwarding Table:
18	0	-1	-1	
----------------------------------------
18	1	14	1	
----------------------------------------
-1	-1	14	2	
----------------------------------------
17	3	14	3	
----------------------------------------
14	4	-1	-1	
----------------------------------------
17	5	14	5	
----------------------------------------
14	6	17	6	
----------------------------------------
14	7	-1	-1	
----------------------------------------
18	8	14	8	
----------------------------------------
-1	-1	14	9	
----------------------------------------
14	10	17	10	
----------------------------------------
14	11	18	11	
----------------------------------------
14	12	-1	-1	
----------------------------------------
14	13	18	13	
----------------------------------------
14	14	-1	-1	
----------------------------------------
14	15	17	15	
----------------------------------------
18	16	14	16	
----------------------------------------
17	17	-1	-1	
----------------------------------------
-1	-1	14	18	
----------------------------------------
18	19	14	19	
----------------------------------------
14	20	18	20	
----------------------------------------
18	21	14	21	
----------------------------------------
14	22	-1	-1	
----------------------------------------
18	23	14	23	
----------------------------------------
18	24	14	24	
----------------------------------------
17	25	14	25	
----------------------------------------
18	26	14	26	
----------------------------------------
14	27	18	27	
----------------------------------------
14	28	17	28	
----------------------------------------
14	29	-1	-1	
----------------------------------------
14	30	17	30	
----------------------------------------
-1	-1	18	31	
----------------------------------------
-1	-1	17	32	
----------------------------------------
-1	-1	17	33	
----------------------------------------
17	34	-1	-1	
----------------------------------------
14	35	17	35	
----------------------------------------

****************************************
