Node 0 Forwarding Table:
-1	-1	3	0	
----------------------------------------
1	1	3	1	
----------------------------------------
-1	-1	1	2	
----------------------------------------
3	3	-1	-1	
----------------------------------------
-1	-1	4	4	
----------------------------------------
1	5	-1	-1	
----------------------------------------
4	6	-1	-1	
----------------------------------------
-1	-1	4	7	
----------------------------------------
1	8	3	8	
----------------------------------------
4	9	-1	-1	
----------------------------------------
4	10	3	10	
----------------------------------------
1	11	-1	-1	
----------------------------------------
1	12	3	12	
----------------------------------------
-1	-1	4	13	
----------------------------------------
-1	-1	4	14	
----------------------------------------
4	15	3	15	
----------------------------------------
4	16	-1	-1	
----------------------------------------
-1	-1	1	17	
----------------------------------------
3	18	-1	-1	
----------------------------------------
-1	-1	3	19	
----------------------------------------
1	20	3	20	
----------------------------------------
-1	-1	3	21	
----------------------------------------
3	22	4	22	
----------------------------------------
-1	-1	1	23	
----------------------------------------
4	24	1	24	
----------------------------------------
3	25	1	25	
----------------------------------------
4	26	1	26	
----------------------------------------
1	27	3	27	
----------------------------------------
3	28	1	28	
----------------------------------------
-1	-1	4	29	
----------------------------------------
3	30	4	30	
----------------------------------------
3	31	-1	-1	
----------------------------------------
-1	-1	1	32	
----------------------------------------
3	33	-1	-1	
----------------------------------------

****************************************
Node 1 Forwarding Table:
-1	-1	0	0	
----------------------------------------
-1	-1	7	1	
----------------------------------------
0	2	7	2	
----------------------------------------
-1	-1	2	3	
----------------------------------------
-1	-1	7	4	
----------------------------------------
-1	-1	2	5	
----------------------------------------
-1	-1	7	6	
----------------------------------------
7	7	-1	-1	
----------------------------------------
7	8	0	8	
----------------------------------------
-1	-1	7	9	
----------------------------------------
-1	-1	7	10	
----------------------------------------
7	11	-1	-1	
----------------------------------------
2	12	-1	-1	
----------------------------------------
-1	-1	0	13	
----------------------------------------
7	14	0	14	
----------------------------------------
7	15	0	15	
----------------------------------------
7	16	-1	-1	
----------------------------------------
-1	-1	7	17	
----------------------------------------
-1	-1	2	18	
----------------------------------------
0	19	-1	-1	
----------------------------------------
7	20	-1	-1	
----------------------------------------
-1	-1	7	21	
----------------------------------------
2	22	0	22	
----------------------------------------
0	23	-1	-1	
----------------------------------------
7	24	-1	-1	
----------------------------------------
-1	-1	7	25	
----------------------------------------
2	26	-1	-1	
----------------------------------------
0	27	2	27	
----------------------------------------
0	28	-1	-1	
----------------------------------------
0	29	2	29	
----------------------------------------
-1	-1	0	30	
----------------------------------------
0	31	7	31	
----------------------------------------
0	32	7	32	
----------------------------------------

****************************************
Node 2 Forwarding Table:
-1	-1	6	0	
----------------------------------------
1	1	6	1	
----------------------------------------
6	2	7	2	
----------------------------------------
1	3	6	3	
----------------------------------------
7	4	-1	-1	
----------------------------------------
7	5	-1	-1	
----------------------------------------
-1	-1	6	6	
----------------------------------------
6	7	7	7	
----------------------------------------
6	8	-1	-1	
----------------------------------------
6	9	7	9	
----------------------------------------
6	10	1	10	
----------------------------------------
6	11	7	11	
----------------------------------------
1	12	6	12	
----------------------------------------
7	13	6	13	
----------------------------------------
-1	-1	1	14	
----------------------------------------
7	15	6	15	
----------------------------------------
6	16	1	16	
----------------------------------------
-1	-1	7	17	
----------------------------------------
1	18	-1	-1	
----------------------------------------
1	19	-1	-1	
----------------------------------------

****************************************
Node 3 Forwarding Table:
4	0	5	0	
----------------------------------------
0	1	5	1	
----------------------------------------
0	2	-1	-1	
----------------------------------------
4	3	-1	-1	
----------------------------------------
10	4	-1	-1	
----------------------------------------
10	5	4	5	
----------------------------------------
4	6	10	6	
----------------------------------------
4	7	10	7	
----------------------------------------
4	8	10	8	
----------------------------------------
10	9	-1	-1	
----------------------------------------
10	10	4	10	
----------------------------------------
10	11	0	11	
----------------------------------------
4	12	5	12	
----------------------------------------
4	13	10	13	
----------------------------------------
5	14	10	14	
----------------------------------------
10	15	4	15	
----------------------------------------
10	16	4	16	
----------------------------------------
0	17	-1	-1	
----------------------------------------
10	18	4	18	
----------------------------------------
10	19	4	19	
----------------------------------------
0	20	10	20	
----------------------------------------
0	21	-1	-1	
----------------------------------------
-1	-1	10	22	
----------------------------------------
0	23	10	23	
----------------------------------------
-1	-1	4	24	
----------------------------------------
5	25	0	25	
----------------------------------------
0	26	10	26	
----------------------------------------
-1	-1	10	27	
----------------------------------------
0	28	5	28	
----------------------------------------
0	29	-1	-1	
----------------------------------------
10	30	0	30	
----------------------------------------
5	31	0	31	
----------------------------------------
5	32	-1	-1	
----------------------------------------
0	33	5	33	
----------------------------------------
-1	-1	0	34	
----------------------------------------
10	35	0	35	
----------------------------------------
5	36	0	36	
----------------------------------------
-1	-1	0	37	
----------------------------------------
5	38	4	38	
----------------------------------------

****************************************
Node 4 Forwarding Table:
6	0	3	0	
----------------------------------------
6	1	-1	-1	
----------------------------------------
6	2	3	2	
----------------------------------------
-1	-1	6	3	
----------------------------------------
3	4	6	4	
----------------------------------------
6	5	3	5	
----------------------------------------
6	6	3	6	
----------------------------------------
6	7	3	7	
----------------------------------------
3	8	6	8	
----------------------------------------
6	9	-1	-1	
----------------------------------------
6	10	3	10	
----------------------------------------
-1	-1	3	11	
----------------------------------------
0	12	6	12	
----------------------------------------
3	13	0	13	
----------------------------------------
3	14	6	14	
----------------------------------------
0	15	6	15	
----------------------------------------
6	16	-1	-1	
----------------------------------------
-1	-1	6	17	
----------------------------------------
6	18	0	18	
----------------------------------------
3	19	6	19	
----------------------------------------
3	20	6	20	
----------------------------------------
-1	-1	0	21	
----------------------------------------
0	22	6	22	
----------------------------------------
0	23	6	23	
----------------------------------------
-1	-1	0	24	
----------------------------------------
3	25	-1	-1	
----------------------------------------
6	26	0	26	
----------------------------------------
0	27	-1	-1	
----------------------------------------
6	28	0	28	
----------------------------------------
-1	-1	0	29	
----------------------------------------
0	30	6	30	
----------------------------------------
0	31	-1	-1	
----------------------------------------
3	32	-1	-1	
----------------------------------------

****************************************
Node 5 Forwarding Table:
3	0	11	0	
----------------------------------------
3	1	11	1	
----------------------------------------
3	2	-1	-1	
----------------------------------------
8	3	3	3	
----------------------------------------
-1	-1	8	4	
----------------------------------------
-1	-1	8	5	
----------------------------------------
-1	-1	8	6	
----------------------------------------
11	7	8	7	
----------------------------------------
8	8	3	8	
----------------------------------------
11	9	-1	-1	
----------------------------------------
8	10	-1	-1	
----------------------------------------
11	11	8	11	
----------------------------------------
11	12	8	12	
----------------------------------------
3	13	8	13	
----------------------------------------
8	14	11	14	
----------------------------------------
11	15	8	15	
----------------------------------------
8	16	11	16	
----------------------------------------
11	17	3	17	
----------------------------------------
8	18	3	18	
----------------------------------------
3	19	11	19	
----------------------------------------
8	20	3	20	
----------------------------------------
-1	-1	8	21	
----------------------------------------
-1	-1	8	22	
----------------------------------------
8	23	3	23	
----------------------------------------

****************************************
Node 6 Forwarding Table:
2	0	4	0	
----------------------------------------
-1	-1	4	1	
----------------------------------------
9	2	4	2	
----------------------------------------
2	3	9	3	
----------------------------------------
4	4	2	4	
----------------------------------------
-1	-1	9	5	
----------------------------------------
4	6	-1	-1	
----------------------------------------
2	7	4	7	
----------------------------------------
-1	-1	4	8	
----------------------------------------
-1	-1	4	9	
----------------------------------------
4	10	-1	-1	
----------------------------------------
9	11	4	11	
----------------------------------------
-1	-1	4	12	
----------------------------------------
4	13	9	13	
----------------------------------------
4	14	9	14	
----------------------------------------
4	15	9	15	
----------------------------------------
2	16	9	16	
----------------------------------------
9	17	2	17	
----------------------------------------
-1	-1	2	18	
----------------------------------------
9	19	4	19	
----------------------------------------
4	20	2	20	
----------------------------------------
-1	-1	2	21	
----------------------------------------
9	22	4	22	
----------------------------------------
4	23	9	23	
----------------------------------------
4	24	2	24	
----------------------------------------
-1	-1	9	25	
----------------------------------------
4	26	9	26	
----------------------------------------
4	27	9	27	
----------------------------------------
9	28	-1	-1	
----------------------------------------
2	29	9	29	
----------------------------------------
9	30	4	30	
----------------------------------------
2	31	-1	-1	
----------------------------------------
9	32	-1	-1	
----------------------------------------
2	33	9	33	
----------------------------------------
9	34	-1	-1	
----------------------------------------
9	35	2	35	
----------------------------------------
-1	-1	4	36	
----------------------------------------
4	37	-1	-1	
----------------------------------------

****************************************
Node 7 Forwarding Table:
15	0	-1	-1	
----------------------------------------
-1	-1	15	1	
----------------------------------------
1	2	15	2	
----------------------------------------
1	3	-1	-1	
----------------------------------------
1	4	15	4	
----------------------------------------
2	5	15	5	
----------------------------------------
-1	-1	15	6	
----------------------------------------
-1	-1	15	7	
----------------------------------------
15	8	-1	-1	
----------------------------------------
1	9	15	9	
----------------------------------------
15	10	2	10	
----------------------------------------
15	11	1	11	
----------------------------------------
15	12	2	12	
----------------------------------------
15	13	1	13	
----------------------------------------
1	14	15	14	
----------------------------------------
15	15	-1	-1	
----------------------------------------
2	16	-1	-1	
----------------------------------------
1	17	15	17	
----------------------------------------
15	18	1	18	
----------------------------------------
2	19	15	19	
----------------------------------------
-1	-1	15	20	
----------------------------------------
2	21	15	21	
----------------------------------------
15	22	1	22	
----------------------------------------
-1	-1	1	23	
----------------------------------------
15	24	-1	-1	
----------------------------------------
15	25	-1	-1	
----------------------------------------
15	26	1	26	
----------------------------------------
1	27	-1	-1	
----------------------------------------
15	28	1	28	
----------------------------------------
-1	-1	2	29	
----------------------------------------
1	30	15	30	
----------------------------------------
-1	-1	2	31	
----------------------------------------
-1	-1	1	32	
----------------------------------------
1	33	-1	-1	
----------------------------------------
2	34	-1	-1	
----------------------------------------
1	35	-1	-1	
----------------------------------------
-1	-1	15	36	
----------------------------------------
1	37	-1	-1	
----------------------------------------

****************************************
Node 8 Forwarding Table:
9	0	12	0	
----------------------------------------
12	1	-1	-1	
----------------------------------------
12	2	-1	-1	
----------------------------------------
9	3	-1	-1	
----------------------------------------
-1	-1	9	4	
----------------------------------------
12	5	5	5	
----------------------------------------
-1	-1	9	6	
----------------------------------------
-1	-1	9	7	
----------------------------------------
9	8	-1	-1	
----------------------------------------
5	9	9	9	
----------------------------------------
5	10	9	10	
----------------------------------------
5	11	9	11	
----------------------------------------
5	12	12	12	
----------------------------------------
-1	-1	12	13	
----------------------------------------
12	14	-1	-1	
----------------------------------------
9	15	5	15	
----------------------------------------
-1	-1	12	16	
----------------------------------------
12	17	5	17	
----------------------------------------
5	18	9	18	
----------------------------------------
5	19	9	19	
----------------------------------------
12	20	9	20	
----------------------------------------
5	21	-1	-1	
----------------------------------------
9	22	-1	-1	
----------------------------------------
9	23	12	23	
----------------------------------------
12	24	5	24	
----------------------------------------
5	25	12	25	
----------------------------------------
9	26	5	26	
----------------------------------------
9	27	12	27	
----------------------------------------
12	28	5	28	
----------------------------------------
-1	-1	5	29	
----------------------------------------
5	30	-1	-1	
----------------------------------------
5	31	12	31	
----------------------------------------
9	32	5	32	
----------------------------------------

****************************************
Node 9 Forwarding Table:
-1	-1	8	0	
----------------------------------------
-1	-1	6	1	
----------------------------------------
6	2	-1	-1	
----------------------------------------
6	3	14	3	
----------------------------------------
14	4	-1	-1	
----------------------------------------
14	5	6	5	
----------------------------------------
-1	-1	14	6	
----------------------------------------
14	7	8	7	
----------------------------------------
6	8	14	8	
----------------------------------------
8	9	-1	-1	
----------------------------------------
6	10	14	10	
----------------------------------------
6	11	14	11	
----------------------------------------
6	12	-1	-1	
----------------------------------------
8	13	6	13	
----------------------------------------
8	14	6	14	
----------------------------------------
-1	-1	6	15	
----------------------------------------
6	16	14	16	
----------------------------------------
-1	-1	14	17	
----------------------------------------
14	18	-1	-1	
----------------------------------------
6	19	8	19	
----------------------------------------
6	20	14	20	
----------------------------------------
6	21	-1	-1	
----------------------------------------
14	22	-1	-1	
----------------------------------------
14	23	6	23	
----------------------------------------
8	24	-1	-1	
----------------------------------------
8	25	14	25	
----------------------------------------
-1	-1	14	26	
----------------------------------------
6	27	14	27	
----------------------------------------
8	28	14	28	
----------------------------------------
14	29	6	29	
----------------------------------------
14	30	-1	-1	
----------------------------------------
-1	-1	8	31	
----------------------------------------
14	32	6	32	
----------------------------------------
8	33	-1	-1	
----------------------------------------
8	34	-1	-1	
----------------------------------------
8	35	-1	-1	
----------------------------------------
6	36	8	36	
----------------------------------------
14	37	6	37	
----------------------------------------
14	38	8	38	
----------------------------------------
14	39	8	39	
----------------------------------------
-1	-1	6	40	
----------------------------------------
-1	-1	8	41	
----------------------------------------
-1	-1	8	42	
----------------------------------------

****************************************
Node 10 Forwarding Table:
-1	-1	11	0	
----------------------------------------
-1	-1	11	1	
----------------------------------------
11	2	3	2	
----------------------------------------
11	3	-1	-1	
----------------------------------------
-1	-1	11	4	
----------------------------------------
11	5	3	5	
----------------------------------------
3	6	-1	-1	
----------------------------------------
3	7	11	7	
----------------------------------------
3	8	11	8	
----------------------------------------
-1	-1	11	9	
----------------------------------------
11	10	3	10	
----------------------------------------
11	11	3	11	
----------------------------------------
11	12	3	12	
----------------------------------------
3	13	11	13	
----------------------------------------
3	14	-1	-1	
----------------------------------------
-1	-1	3	15	
----------------------------------------
-1	-1	3	16	
----------------------------------------
-1	-1	3	17	
----------------------------------------
11	18	3	18	
----------------------------------------
3	19	11	19	
----------------------------------------
3	20	11	20	
----------------------------------------
3	21	11	21	
----------------------------------------
3	22	11	22	
----------------------------------------
3	23	-1	-1	
----------------------------------------
-1	-1	3	24	
----------------------------------------
11	25	-1	-1	
----------------------------------------
-1	-1	3	26	
----------------------------------------

****************************************
Node 11 Forwarding Table:
5	0	-1	-1	
----------------------------------------
5	1	-1	-1	
----------------------------------------
10	2	-1	-1	
----------------------------------------
10	3	17	3	
----------------------------------------
17	4	10	4	
----------------------------------------
17	5	10	5	
----------------------------------------
17	6	-1	-1	
----------------------------------------
-1	-1	17	7	
----------------------------------------
10	8	17	8	
----------------------------------------
-1	-1	17	9	
----------------------------------------
17	10	10	10	
----------------------------------------
10	11	17	11	
----------------------------------------
10	12	-1	-1	
----------------------------------------
17	13	-1	-1	
----------------------------------------
10	14	17	14	
----------------------------------------
17	15	10	15	
----------------------------------------
17	16	10	16	
----------------------------------------
17	17	10	17	
----------------------------------------
10	18	17	18	
----------------------------------------
-1	-1	10	19	
----------------------------------------
10	20	-1	-1	
----------------------------------------
10	21	-1	-1	
----------------------------------------
10	22	-1	-1	
----------------------------------------
-1	-1	5	23	
----------------------------------------
10	24	5	24	
----------------------------------------
-1	-1	5	25	
----------------------------------------
-1	-1	5	26	
----------------------------------------
5	27	-1	-1	
----------------------------------------
-1	-1	5	28	
----------------------------------------
5	29	-1	-1	
----------------------------------------
-1	-1	5	30	
----------------------------------------
5	31	10	31	
----------------------------------------

****************************************
Node 12 Forwarding Table:
8	0	-1	-1	
----------------------------------------
18	1	17	1	
----------------------------------------
-1	-1	18	2	
----------------------------------------
17	3	8	3	
----------------------------------------
17	4	8	4	
----------------------------------------
18	5	17	5	
----------------------------------------
17	6	-1	-1	
----------------------------------------
17	7	18	7	
----------------------------------------
-1	-1	17	8	
----------------------------------------
18	9	17	9	
----------------------------------------
-1	-1	17	10	
----------------------------------------
18	11	17	11	
----------------------------------------
-1	-1	8	12	
----------------------------------------
17	13	18	13	
----------------------------------------
17	14	18	14	
----------------------------------------
17	15	-1	-1	
----------------------------------------
17	16	-1	-1	
----------------------------------------
-1	-1	17	17	
----------------------------------------
17	18	-1	-1	
----------------------------------------
8	19	17	19	
----------------------------------------
8	20	17	20	
----------------------------------------
18	21	8	21	
----------------------------------------
8	22	18	22	
----------------------------------------
-1	-1	8	23	
----------------------------------------
17	24	8	24	
----------------------------------------
8	25	17	25	
----------------------------------------
18	26	8	26	
----------------------------------------
8	27	-1	-1	
----------------------------------------
8	28	17	28	
----------------------------------------
-1	-1	8	29	
----------------------------------------
17	30	-1	-1	
----------------------------------------
-1	-1	18	31	
----------------------------------------
8	32	17	32	
----------------------------------------

****************************************
Node 13 Forwarding Table:
15	0	21	0	
----------------------------------------
-1	-1	21	1	
----------------------------------------
15	2	21	2	
----------------------------------------
21	3	15	3	
----------------------------------------
16	4	15	4	
----------------------------------------
15	5	21	5	
----------------------------------------
15	6	21	6	
----------------------------------------
15	7	16	7	
----------------------------------------
15	8	-1	-1	
----------------------------------------
-1	-1	15	9	
----------------------------------------
21	10	15	10	
----------------------------------------
21	11	15	11	
----------------------------------------
15	12	21	12	
----------------------------------------
21	13	-1	-1	
----------------------------------------
16	14	15	14	
----------------------------------------
15	15	21	15	
----------------------------------------
21	16	15	16	
----------------------------------------
21	17	15	17	
----------------------------------------
16	18	15	18	
----------------------------------------
15	19	21	19	
----------------------------------------
15	20	16	20	
----------------------------------------
16	21	15	21	
----------------------------------------
15	22	21	22	
----------------------------------------
15	23	16	23	
----------------------------------------
-1	-1	15	24	
----------------------------------------
21	25	15	25	
----------------------------------------
21	26	15	26	
----------------------------------------
-1	-1	21	27	
----------------------------------------
21	28	-1	-1	
----------------------------------------
21	29	-1	-1	
----------------------------------------
-1	-1	16	30	
----------------------------------------
-1	-1	21	31	
----------------------------------------
21	32	-1	-1	
----------------------------------------
-1	-1	21	33	
----------------------------------------

****************************************
Node 14 Forwarding Table:
23	0	19	0	
----------------------------------------
23	1	-1	-1	
----------------------------------------
23	2	19	2	
----------------------------------------
19	3	23	3	
----------------------------------------
23	4	-1	-1	
----------------------------------------
19	5	23	5	
----------------------------------------
9	6	23	6	
----------------------------------------
-1	-1	9	7	
----------------------------------------
23	8	9	8	
----------------------------------------
23	9	19	9	
----------------------------------------
23	10	-1	-1	
----------------------------------------
9	11	19	11	
----------------------------------------
19	12	9	12	
----------------------------------------
9	13	23	13	
----------------------------------------
-1	-1	23	14	
----------------------------------------
9	15	-1	-1	
----------------------------------------
9	16	-1	-1	
----------------------------------------
9	17	23	17	
----------------------------------------
19	18	23	18	
----------------------------------------
9	19	23	19	
----------------------------------------
-1	-1	23	20	
----------------------------------------
23	21	9	21	
----------------------------------------
9	22	19	22	
----------------------------------------
23	23	19	23	
----------------------------------------
19	24	9	24	
----------------------------------------
-1	-1	9	25	
----------------------------------------
9	26	23	26	
----------------------------------------
23	27	-1	-1	
----------------------------------------
9	28	-1	-1	
----------------------------------------
9	29	23	29	
----------------------------------------
9	30	-1	-1	
----------------------------------------
19	31	9	31	
----------------------------------------
23	32	9	32	
----------------------------------------
19	33	-1	-1	
----------------------------------------
23	34	9	34	
----------------------------------------
-1	-1	23	35	
----------------------------------------
-1	-1	19	36	
----------------------------------------
-1	-1	23	37	
----------------------------------------
19	38	9	38	
----------------------------------------
-1	-1	9	39	
----------------------------------------
-1	-1	9	40	
----------------------------------------
-1	-1	19	41	
----------------------------------------
19	42	23	42	
----------------------------------------
19	43	-1	-1	
----------------------------------------

****************************************
Node 15 Forwarding Table:
19	0	7	0	
----------------------------------------
7	1	13	1	
----------------------------------------
7	2	-1	-1	
----------------------------------------
-1	-1	19	3	
----------------------------------------
7	4	-1	-1	
----------------------------------------
7	5	-1	-1	
----------------------------------------
7	6	13	6	
----------------------------------------
13	7	-1	-1	
----------------------------------------
7	8	-1	-1	
----------------------------------------
13	9	7	9	
----------------------------------------
-1	-1	13	10	
----------------------------------------
-1	-1	13	11	
----------------------------------------
7	12	13	12	
----------------------------------------
19	13	7	13	
----------------------------------------
19	14	13	14	
----------------------------------------
13	15	7	15	
----------------------------------------
13	16	7	16	
----------------------------------------
13	17	-1	-1	
----------------------------------------
-1	-1	13	18	
----------------------------------------
13	19	7	19	
----------------------------------------
-1	-1	19	20	
----------------------------------------
7	21	13	21	
----------------------------------------
13	22	-1	-1	
----------------------------------------
13	23	7	23	
----------------------------------------
13	24	-1	-1	
----------------------------------------
7	25	13	25	
----------------------------------------
-1	-1	13	26	
----------------------------------------
13	27	7	27	
----------------------------------------
7	28	13	28	
----------------------------------------
7	29	13	29	
----------------------------------------
7	30	-1	-1	
----------------------------------------
-1	-1	19	31	
----------------------------------------
13	32	7	32	
----------------------------------------
13	33	7	33	
----------------------------------------
19	34	7	34	
----------------------------------------
19	35	7	35	
----------------------------------------
13	36	7	36	
----------------------------------------
7	37	19	37	
----------------------------------------
19	38	-1	-1	
----------------------------------------
-1	-1	19	39	
----------------------------------------
19	40	-1	-1	
----------------------------------------
7	41	19	41	
----------------------------------------
-1	-1	19	42	
----------------------------------------

****************************************
Node 16 Forwarding Table:
22	0	-1	-1	
----------------------------------------
-1	-1	13	1	
----------------------------------------
13	2	-1	-1	
----------------------------------------
-1	-1	20	3	
----------------------------------------
22	4	13	4	
----------------------------------------
20	5	-1	-1	
----------------------------------------
22	6	-1	-1	
----------------------------------------
-1	-1	13	7	
----------------------------------------
13	8	22	8	
----------------------------------------
-1	-1	13	9	
----------------------------------------
13	10	22	10	
----------------------------------------
22	11	-1	-1	
----------------------------------------
-1	-1	22	12	
----------------------------------------
-1	-1	22	13	
----------------------------------------
22	14	-1	-1	
----------------------------------------
22	15	-1	-1	
----------------------------------------
13	16	22	16	
----------------------------------------
22	17	-1	-1	
----------------------------------------
20	18	-1	-1	
----------------------------------------

****************************************
Node 17 Forwarding Table:
-1	-1	23	0	
----------------------------------------
12	1	-1	-1	
----------------------------------------
21	2	23	2	
----------------------------------------
21	3	12	3	
----------------------------------------
11	4	12	4	
----------------------------------------
12	5	11	5	
----------------------------------------
23	6	11	6	
----------------------------------------
-1	-1	11	7	
----------------------------------------
21	8	12	8	
----------------------------------------
11	9	21	9	
----------------------------------------
11	10	12	10	
----------------------------------------
11	11	21	11	
----------------------------------------
-1	-1	11	12	
----------------------------------------
11	13	21	13	
----------------------------------------
21	14	11	14	
----------------------------------------
11	15	-1	-1	
----------------------------------------
21	16	11	16	
----------------------------------------
12	17	11	17	
----------------------------------------
-1	-1	23	18	
----------------------------------------
12	19	11	19	
----------------------------------------
-1	-1	21	20	
----------------------------------------
12	21	21	21	
----------------------------------------
11	22	-1	-1	
----------------------------------------
12	23	21	23	
----------------------------------------
23	24	-1	-1	
----------------------------------------
-1	-1	12	25	
----------------------------------------
-1	-1	12	26	
----------------------------------------
-1	-1	12	27	
----------------------------------------
21	28	12	28	
----------------------------------------
23	29	21	29	
----------------------------------------
12	30	21	30	
----------------------------------------
-1	-1	23	31	
----------------------------------------
21	32	12	32	
----------------------------------------
12	33	-1	-1	
----------------------------------------
12	34	-1	-1	
----------------------------------------
21	35	12	35	
----------------------------------------
23	36	21	36	
----------------------------------------
-1	-1	21	37	
----------------------------------------
-1	-1	23	38	
----------------------------------------
12	39	-1	-1	
----------------------------------------
12	40	-1	-1	
----------------------------------------
21	41	12	41	
----------------------------------------
23	42	21	42	
----------------------------------------
12	43	-1	-1	
----------------------------------------
-1	-1	21	44	
----------------------------------------

****************************************
Node 18 Forwarding Table:
22	0	23	0	
----------------------------------------
-1	-1	23	1	
----------------------------------------
22	2	12	2	
----------------------------------------
12	3	22	3	
----------------------------------------
22	4	12	4	
----------------------------------------
12	5	-1	-1	
----------------------------------------
-1	-1	23	6	
----------------------------------------
-1	-1	12	7	
----------------------------------------
-1	-1	12	8	
----------------------------------------
23	9	-1	-1	
----------------------------------------
12	10	22	10	
----------------------------------------
12	11	-1	-1	
----------------------------------------
23	12	-1	-1	
----------------------------------------
-1	-1	23	13	
----------------------------------------
-1	-1	22	14	
----------------------------------------
23	15	-1	-1	
----------------------------------------
22	16	23	16	
----------------------------------------
-1	-1	23	17	
----------------------------------------
22	18	12	18	
----------------------------------------
12	19	22	19	
----------------------------------------
22	20	23	20	
----------------------------------------
23	21	22	21	
----------------------------------------
22	22	-1	-1	
----------------------------------------
23	23	-1	-1	
----------------------------------------
22	24	12	24	
----------------------------------------
23	25	22	25	
----------------------------------------
12	26	22	26	
----------------------------------------
-1	-1	22	27	
----------------------------------------

****************************************
Node 19 Forwarding Table:
14	0	15	0	
----------------------------------------
14	1	-1	-1	
----------------------------------------
15	2	14	2	
----------------------------------------
-1	-1	14	3	
----------------------------------------
-1	-1	15	4	
----------------------------------------
14	5	-1	-1	
----------------------------------------
14	6	15	6	
----------------------------------------
-1	-1	14	7	
----------------------------------------
15	8	-1	-1	
----------------------------------------
15	9	14	9	
----------------------------------------
14	10	-1	-1	
----------------------------------------
14	11	15	11	
----------------------------------------
-1	-1	15	12	
----------------------------------------
-1	-1	14	13	
----------------------------------------
-1	-1	14	14	
----------------------------------------
15	15	14	15	
----------------------------------------
14	16	15	16	
----------------------------------------
15	17	14	17	
----------------------------------------
14	18	15	18	
----------------------------------------
15	19	14	19	
----------------------------------------
15	20	14	20	
----------------------------------------

****************************************
Node 20 Forwarding Table:
-1	-1	22	0	
----------------------------------------
21	1	-1	-1	
----------------------------------------
21	2	-1	-1	
----------------------------------------
21	3	-1	-1	
----------------------------------------
16	4	21	4	
----------------------------------------
-1	-1	21	5	
----------------------------------------
-1	-1	16	6	
----------------------------------------
21	7	-1	-1	
----------------------------------------
-1	-1	21	8	
----------------------------------------
-1	-1	21	9	
----------------------------------------
-1	-1	21	10	
----------------------------------------
21	11	22	11	
----------------------------------------
-1	-1	22	12	
----------------------------------------
-1	-1	22	13	
----------------------------------------
-1	-1	21	14	
----------------------------------------
22	15	21	15	
----------------------------------------
21	16	16	16	
----------------------------------------

****************************************
Node 21 Forwarding Table:
13	0	20	0	
----------------------------------------
13	1	-1	-1	
----------------------------------------
-1	-1	17	2	
----------------------------------------
-1	-1	17	3	
----------------------------------------
13	4	17	4	
----------------------------------------
17	5	13	5	
----------------------------------------
17	6	-1	-1	
----------------------------------------
17	7	20	7	
----------------------------------------
13	8	17	8	
----------------------------------------
13	9	20	9	
----------------------------------------
20	10	17	10	
----------------------------------------
17	11	13	11	
----------------------------------------
17	12	13	12	
----------------------------------------
13	13	-1	-1	
----------------------------------------
17	14	13	14	
----------------------------------------
13	15	-1	-1	
----------------------------------------
20	16	13	16	
----------------------------------------
-1	-1	13	17	
----------------------------------------
13	18	20	18	
----------------------------------------
13	19	-1	-1	
----------------------------------------
20	20	17	20	
----------------------------------------
17	21	-1	-1	
----------------------------------------
17	22	13	22	
----------------------------------------
20	23	17	23	
----------------------------------------
20	24	13	24	
----------------------------------------
-1	-1	20	25	
----------------------------------------
13	26	17	26	
----------------------------------------
17	27	13	27	
----------------------------------------
20	28	13	28	
----------------------------------------
17	29	-1	-1	
----------------------------------------
-1	-1	17	30	
----------------------------------------
20	31	-1	-1	
----------------------------------------
13	32	-1	-1	
----------------------------------------
17	33	13	33	
----------------------------------------
17	34	20	34	
----------------------------------------
13	35	-1	-1	
----------------------------------------

****************************************
Node 22 Forwarding Table:
20	0	18	0	
----------------------------------------
-1	-1	18	1	
----------------------------------------
18	2	16	2	
----------------------------------------
-1	-1	18	3	
----------------------------------------
-1	-1	16	4	
----------------------------------------
-1	-1	16	5	
----------------------------------------
16	6	-1	-1	
----------------------------------------
18	7	-1	-1	
----------------------------------------
16	8	-1	-1	
----------------------------------------
18	9	16	9	
----------------------------------------
16	10	18	10	
----------------------------------------
16	11	18	11	
----------------------------------------
20	12	-1	-1	
----------------------------------------
18	13	16	13	
----------------------------------------
20	14	18	14	
----------------------------------------
18	15	16	15	
----------------------------------------
20	16	18	16	
----------------------------------------
-1	-1	18	17	
----------------------------------------
16	18	-1	-1	
----------------------------------------
18	19	16	19	
----------------------------------------
18	20	20	20	
----------------------------------------
18	21	-1	-1	
----------------------------------------

****************************************
Node 23 Forwarding Table:
18	0	-1	-1	
----------------------------------------
18	1	14	1	
----------------------------------------
-1	-1	14	2	
----------------------------------------
17	3	14	3	
----------------------------------------
14	4	-1	-1	
----------------------------------------
17	5	14	5	
----------------------------------------
14	6	17	6	
----------------------------------------
14	7	-1	-1	
----------------------------------------
17	8	14	8	
----------------------------------------
18	9	14	9	
----------------------------------------
-1	-1	14	10	
----------------------------------------
14	11	17	11	
----------------------------------------
14	12	18	12	
----------------------------------------
14	13	-1	-1	
----------------------------------------
14	14	18	14	
----------------------------------------
14	15	-1	-1	
----------------------------------------
14	16	17	16	
----------------------------------------
18	17	14	17	
----------------------------------------
17	18	-1	-1	
----------------------------------------
-1	-1	14	19	
----------------------------------------
14	20	18	20	
----------------------------------------
18	21	14	21	
----------------------------------------
14	22	-1	-1	
----------------------------------------
18	23	14	23	
----------------------------------------
18	24	14	24	
----------------------------------------
14	25	18	25	
----------------------------------------
14	26	17	26	
----------------------------------------
17	27	18	27	
----------------------------------------
-1	-1	18	28	
----------------------------------------
-1	-1	17	29	
----------------------------------------
14	30	-1	-1	
----------------------------------------

****************************************
