0	20	23
20->21->17->23
0,0,0,-1
3
----------------------------------------
1	2	11
2->1->0->3->10->11
0,0,0,0,0,-1
5
----------------------------------------
2	18	7
18->22->16->13->15->7
0,0,0,0,0,-1
5
----------------------------------------
3	23	14
23->14
1,-1
1
----------------------------------------
4	0	11
0->3->10->11
1,1,1,-1
3
----------------------------------------
5	1	3
1->0->3
1,2,-1
2
----------------------------------------
6	9	12
9->8->12
0,0,-1
2
----------------------------------------
7	17	19
17->23->14->19
1,2,1,-1
3
----------------------------------------
8	7	20
7->15->13->16->20
1,1,1,1,-1
4
----------------------------------------
9	13	21
13->21
2,-1
1
----------------------------------------
10	1	15
1->7->15
2,2,-1
2
----------------------------------------
11	0	7
0->1->7
3,3,-1
2
----------------------------------------
12	22	17
22->18->12->17
1,1,1,-1
3
----------------------------------------
13	15	23
15->19->14->23
3,1,2,-1
3
----------------------------------------
14	12	16
12->18->22->16
2,2,2,-1
3
----------------------------------------
15	6	4
6->4
0,-1
1
----------------------------------------
16	21	14
21->17->23->14
2,3,4,-1
3
----------------------------------------
17	10	11
10->11
2,-1
1
----------------------------------------
18	21	8
21->17->12->8
3,4,3,-1
3
----------------------------------------
19	9	3
9->6->4->3
1,1,1,-1
3
----------------------------------------
20	10	8
10->3->5->8
3,4,0,-1
3
----------------------------------------
21	22	3
22->18->12->8->5->3
3,3,4,3,1,-1
5
----------------------------------------
22	1	9
1->2->6->9
4,1,2,-1
3
----------------------------------------
23	1	15
1->7->15
5,4,-1
2
----------------------------------------
24	4	15
4->0->1->7->15
2,4,6,5,-1
4
----------------------------------------
25	19	10
19->14->23->17->11->10
2,4,5,5,3,-1
5
----------------------------------------
26	17	11
17->11
6,-1
1
----------------------------------------
27	7	12
7->2->6->9->8->12
6,2,3,3,4,-1
5
----------------------------------------
28	11	15
11->17->21->13->15
5,7,4,3,-1
4
----------------------------------------
29	10	18
10->11->17->12->18
5,6,8,6,-1
4
----------------------------------------
30	6	23
6->9->14->23
4,4,5,-1
3
----------------------------------------
31	7	15
7->15
7,-1
1
----------------------------------------
32	11	21
11->17->21
7,9,-1
2
----------------------------------------
33	17	6
17->12->8->9->6
10,7,5,5,-1
4
----------------------------------------
34	1	10
1->0->3->5->11->10
7,5,6,2,8,-1
5
----------------------------------------
35	6	20
6->2->7->15->13->16->20
6,3,8,8,4,3,-1
6
----------------------------------------
36	16	7
16->13->15->7
4,5,9,-1
3
----------------------------------------
37	6	11
6->4->3->5->11
7,3,7,3,-1
4
----------------------------------------
38	15	11
15->13->21->17->11
10,6,6,11,-1
4
----------------------------------------
39	15	20
15->13->16->20
11,7,5,-1
3
----------------------------------------
40	1	16
1->7->15->13->16
8,10,12,8,-1
4
----------------------------------------
41	10	17
10->11->17
7,11,-1
2
----------------------------------------
42	16	3
16->13->15->7->1->0->3
7,9,13,11,9,6,-1
6
----------------------------------------
43	14	9
14->9
6,-1
1
----------------------------------------
44	12	6
12->8->9->6
8,6,7,-1
3
----------------------------------------
45	17	4
17->11->5->3->4
13,12,4,9,-1
4
----------------------------------------
46	19	2
19->15->7->2
3,14,12,-1
3
----------------------------------------
47	18	19
18->23->14->19
5,7,7,-1
3
----------------------------------------
48	23	14
23->14
8,-1
1
----------------------------------------
49	18	0
18->12->8->5->3->0
6,9,7,5,10,-1
5
----------------------------------------
50	9	13
9->14->19->15->13
8,9,5,15,-1
4
----------------------------------------
51	13	1
13->15->7->1
11,16,13,-1
3
----------------------------------------
52	17	2
17->12->8->9->6->2
14,10,8,9,9,-1
5
----------------------------------------
53	6	5
6->4->3->5
10,5,11,-1
3
----------------------------------------
54	12	15
12->17->21->13->15
11,15,7,12,-1
4
----------------------------------------
55	4	17
4->3->5->11->17
6,12,7,13,-1
4
----------------------------------------
56	15	21
15->13->21
18,13,-1
2
----------------------------------------
57	14	10
14->23->17->11->10
10,9,17,14,-1
4
----------------------------------------
58	19	8
19->14->9->8
6,11,10,-1
3
----------------------------------------
59	18	13
18->22->16->13
7,4,8,-1
3
----------------------------------------
60	0	17
0->3->5->11->17
8,13,8,15,-1
4
----------------------------------------
61	22	0
22->16->13->15->7->1->0
5,9,15,19,14,11,-1
6
----------------------------------------
62	15	19
15->19
20,-1
1
----------------------------------------
63	1	21
1->7->15->13->21
12,15,21,16,-1
4
----------------------------------------
64	8	9
8->9
10,-1
1
----------------------------------------
65	20	15
20->16->13->15
4,10,17,-1
3
----------------------------------------
66	12	10
12->17->11->10
12,19,16,-1
3
----------------------------------------
67	10	0
10->3->4->0
10,14,7,-1
3
----------------------------------------
68	14	18
14->23->18
12,10,-1
2
----------------------------------------
69	21	3
21->17->11->5->3
10,20,17,9,-1
4
----------------------------------------
70	21	7
21->13->15->7
11,18,23,-1
3
----------------------------------------
71	20	16
20->16
5,-1
1
----------------------------------------
72	22	16
22->16
6,-1
1
----------------------------------------
73	10	14
10->11->17->23->14
11,18,21,11,-1
4
----------------------------------------
74	0	14
0->4->6->9->14
11,8,11,12,-1
4
----------------------------------------
75	2	9
2->6->9
6,12,-1
2
----------------------------------------
76	8	7
8->9->6->2->7
11,14,13,7,-1
4
----------------------------------------
77	16	15
16->13->15
13,19,-1
2
----------------------------------------
78	1	20
1->7->15->13->16->20
13,18,25,20,14,-1
5
----------------------------------------
79	6	2
6->2
14,-1
1
----------------------------------------
80	15	22
15->13->16->22
26,21,15,-1
3
----------------------------------------
81	8	4
8->5->3->4
12,10,16,-1
3
----------------------------------------
82	16	1
16->13->15->7->1
16,22,27,19,-1
4
----------------------------------------
83	4	21
4->3->5->11->17->21
10,17,11,19,22,-1
5
----------------------------------------
84	6	1
6->2->1
15,9,-1
2
----------------------------------------
85	1	3
1->0->3
16,12,-1
2
----------------------------------------
86	9	0
9->6->4->0
15,16,11,-1
3
----------------------------------------
87	15	11
15->13->21->17->11
28,23,13,23,-1
4
----------------------------------------
88	17	22
17->12->18->22
24,13,9,-1
3
----------------------------------------
89	10	23
10->3->4->6->9->14->23
12,19,12,17,16,15,-1
6
----------------------------------------
90	7	22
7->15->13->16->22
20,29,24,17,-1
4
----------------------------------------
91	22	10
22->18->12->17->11->10
10,10,14,25,21,-1
5
----------------------------------------
92	17	3
17->11->5->3
26,22,12,-1
3
----------------------------------------
93	11	15
11->17->21->13->15
23,27,14,25,-1
4
----------------------------------------
94	17	18
17->12->18
28,15,-1
2
----------------------------------------
95	17	12
17->12
29,-1
1
----------------------------------------
96	20	12
20->21->17->12
7,15,30,-1
3
----------------------------------------
97	15	18
15->13->16->22->18
31,26,18,11,-1
4
----------------------------------------
98	9	23
9->14->23
17,16,-1
2
----------------------------------------
99	4	11
4->3->10->11
13,21,14,-1
3
----------------------------------------
100	13	0
13->15->7->1->0
27,32,21,17,-1
4
----------------------------------------
101	1	21
1->7->15->13->21
18,22,33,28,-1
4
----------------------------------------
102	14	21
14->23->17->21
17,14,31,-1
3
----------------------------------------
103	7	3
7->1->0->3
23,19,15,-1
3
----------------------------------------
104	18	9
18->12->8->9
13,18,13,-1
3
----------------------------------------
105	4	22
4->3->5->8->12->18->22
14,23,13,14,19,14,-1
6
----------------------------------------
106	3	11
3->5->11
24,14,-1
2
----------------------------------------
107	12	7
12->8->9->6->2->7
20,15,19,18,10,-1
5
----------------------------------------
108	6	8
6->9->8
19,20,-1
2
----------------------------------------
109	0	19
0->1->7->15->19
16,20,25,34,-1
4
----------------------------------------
110	17	23
17->23
32,-1
1
----------------------------------------
111	0	9
0->4->6->9
17,15,20,-1
3
----------------------------------------
112	23	7
23->14->19->15->7
16,18,9,35,-1
4
----------------------------------------
113	19	1
19->15->7->1
10,36,27,-1
3
----------------------------------------
114	20	1
20->16->13->15->7->1
8,19,29,37,28,-1
5
----------------------------------------
115	0	14
0->4->6->9->14
18,16,21,22,-1
4
----------------------------------------
116	1	7
1->7
23,-1
1
----------------------------------------
117	19	9
19->14->9
11,20,-1
2
----------------------------------------
118	14	6
14->9->6
21,24,-1
2
----------------------------------------
119	18	3
18->12->8->5->3
15,21,17,15,-1
4
----------------------------------------
120	5	9
5->8->9
16,18,-1
2
----------------------------------------
121	18	16
18->22->16
16,13,-1
2
----------------------------------------
122	4	11
4->3->10->11
17,26,15,-1
3
----------------------------------------
123	5	18
5->8->12->18
17,19,22,-1
3
----------------------------------------
124	16	14
16->13->15->19->14
21,30,38,12,-1
4
----------------------------------------
125	20	12
20->21->17->12
9,18,33,-1
3
----------------------------------------
126	9	14
9->14
26,-1
1
----------------------------------------
127	1	23
1->2->6->9->14->23
24,11,23,27,24,-1
5
----------------------------------------
128	5	14
5->8->9->14
18,20,28,-1
3
----------------------------------------
129	3	4
3->4
27,-1
1
----------------------------------------
130	11	17
11->5->8->12->17
27,19,21,24,-1
4
----------------------------------------
131	8	17
8->12->17
22,25,-1
2
----------------------------------------
132	4	8
4->6->9->8
19,24,29,-1
3
----------------------------------------
133	19	0
19->15->7->1->0
13,39,30,25,-1
4
----------------------------------------
134	0	1
0->1
20,-1
1
----------------------------------------
135	18	9
18->12->8->9
18,26,24,-1
3
----------------------------------------
136	18	14
18->23->14
19,18,-1
2
----------------------------------------
137	20	1
20->16->13->15->7->1
10,22,31,40,31,-1
5
----------------------------------------
138	7	6
7->2->6
32,12,-1
2
----------------------------------------
139	16	8
16->22->18->12->8
23,14,20,27,-1
4
----------------------------------------
140	21	22
21->20->22
19,11,-1
2
----------------------------------------
141	21	11
21->20->22->18->12->8->5->11
20,12,16,21,28,26,20,-1
7
----------------------------------------
142	9	0
9->6->4->0
31,26,20,-1
3
----------------------------------------
143	0	5
0->3->5
22,28,-1
2
----------------------------------------
144	8	16
8->12->18->22->16
27,29,22,17,-1
4
----------------------------------------
145	21	14
21->17->23->14
21,36,19,-1
3
----------------------------------------
146	1	14
1->2->6->9->14
28,13,27,32,-1
4
----------------------------------------
147	3	10
3->10
29,-1
1
----------------------------------------
148	11	9
11->5->8->9
29,22,28,-1
3
----------------------------------------
149	23	2
23->14->9->6->2
20,29,34,28,-1
4
----------------------------------------
150	11	9
11->5->8->9
30,23,29,-1
3
----------------------------------------
151	14	16
14->19->15->13->16
30,14,41,32,-1
4
----------------------------------------
152	2	8
2->6->9->8
15,29,36,-1
3
----------------------------------------
153	0	3
0->3
23,-1
1
----------------------------------------
154	0	16
0->1->7->15->13->16
24,29,33,42,33,-1
5
----------------------------------------
155	7	8
7->2->6->9->8
34,16,30,37,-1
4
----------------------------------------
156	10	4
10->3->0->4
17,31,25,-1
3
----------------------------------------
157	0	1
0->1
26,-1
1
----------------------------------------
158	10	20
10->3->5->8->12->18->22->20
18,32,24,32,30,23,18,-1
7
----------------------------------------
159	14	15
14->19->15
31,15,-1
2
----------------------------------------
160	19	5
19->14->9->8->5
16,32,38,33,-1
4
----------------------------------------
161	14	13
14->23->17->21->13
33,21,37,22,-1
4
----------------------------------------
162	3	6
3->4->6
33,22,-1
2
----------------------------------------
163	20	18
20->22->18
14,19,-1
2
----------------------------------------
164	20	13
20->16->13
15,27,-1
2
----------------------------------------
165	7	1
7->1
35,-1
1
----------------------------------------
166	17	21
17->21
38,-1
1
----------------------------------------
167	7	14
7->15->19->14
36,44,17,-1
3
----------------------------------------
168	5	23
5->8->9->14->23
26,34,39,35,-1
4
----------------------------------------
169	15	6
15->19->14->9->6
45,18,36,40,-1
4
----------------------------------------
170	1	7
1->7
32,-1
1
----------------------------------------
171	17	18
17->12->18
39,31,-1
2
----------------------------------------
172	14	17
14->23->17
37,23,-1
2
----------------------------------------
173	11	12
11->5->8->12
31,27,35,-1
3
----------------------------------------
174	14	11
14->9->8->5->11
38,41,36,28,-1
4
----------------------------------------
175	9	1
9->6->2->1
42,33,17,-1
3
----------------------------------------
176	9	2
9->14->19->15->7->2
43,39,19,46,38,-1
5
----------------------------------------
177	19	8
19->14->9->8
20,40,44,-1
3
----------------------------------------
178	2	7
2->7
19,-1
1
----------------------------------------
179	6	2
6->4->0->1->2
34,23,27,34,-1
4
----------------------------------------
180	11	1
11->10->3->0->1
33,19,34,28,-1
4
----------------------------------------
181	6	15
6->9->14->19->15
35,45,41,21,-1
4
----------------------------------------
182	0	6
0->4->6
29,24,-1
2
----------------------------------------
183	14	15
14->19->15
42,22,-1
2
----------------------------------------
184	9	17
9->8->12->17
46,38,33,-1
3
----------------------------------------
185	13	22
13->16->22
36,28,-1
2
----------------------------------------
186	21	12
21->17->12
24,42,-1
2
----------------------------------------
187	23	16
23->18->22->16
24,26,21,-1
3
----------------------------------------
188	9	2
9->14->19->15->7->2
47,43,23,49,40,-1
5
----------------------------------------
189	9	16
9->8->12->18->22->16
48,39,35,27,22,-1
5
----------------------------------------
190	2	14
2->7->15->19->14
22,41,50,24,-1
4
----------------------------------------
191	17	15
17->23->14->19->15
43,25,45,25,-1
4
----------------------------------------
192	4	6
4->6
25,-1
1
----------------------------------------
193	23	9
23->14->9
26,46,-1
2
----------------------------------------
194	12	21
12->17->21
36,44,-1
2
----------------------------------------
195	13	21
13->21
37,-1
1
----------------------------------------
196	23	13
23->17->21->13
27,45,27,-1
3
----------------------------------------
197	0	6
0->4->6
30,26,-1
2
----------------------------------------
198	10	4
10->3->0->4
20,35,31,-1
3
----------------------------------------
199	8	0
8->5->3->0
40,29,36,-1
3
----------------------------------------
200	7	23
7->15->19->14->23
42,52,26,47,-1
4
----------------------------------------
201	5	8
5->8
30,-1
1
----------------------------------------
202	19	5
19->14->9->8->5
27,48,50,42,-1
4
----------------------------------------
203	15	14
15->19->14
53,28,-1
2
----------------------------------------
204	13	8
13->15->19->14->9->8
39,54,29,50,51,-1
5
----------------------------------------
205	21	15
21->17->23->14->19->15
28,46,29,51,30,-1
5
----------------------------------------
206	16	12
16->22->18->12
31,23,28,-1
3
----------------------------------------
207	0	7
0->1->7
33,36,-1
2
----------------------------------------
208	12	21
12->17->21
38,47,-1
2
----------------------------------------
209	13	12
13->21->17->12
40,30,48,-1
3
----------------------------------------
210	4	18
4->6->9->14->23->18
28,39,52,52,30,-1
5
----------------------------------------
211	15	21
15->19->14->23->17->21
56,31,53,31,49,-1
5
----------------------------------------
212	18	22
18->22
30,-1
1
----------------------------------------
213	3	0
3->0
37,-1
1
----------------------------------------
214	13	18
13->16->22->18
41,32,25,-1
3
----------------------------------------
215	9	4
9->6->4
53,40,-1
2
----------------------------------------
216	17	16
17->21->13->16
50,32,42,-1
3
----------------------------------------
217	12	21
12->17->21
40,51,-1
2
----------------------------------------
218	1	0
1->2->6->4->0
37,23,41,30,-1
4
----------------------------------------
219	3	4
3->4
38,-1
1
----------------------------------------
220	13	21
13->21
43,-1
1
----------------------------------------
