0	20	23
20->21->17->23
0,0,0,-1
3
----------------------------------------
1	2	11
2->1->0->3->10->11
0,0,0,0,0,-1
5
----------------------------------------
2	18	7
18->22->16->13->15->7
0,0,0,0,0,-1
5
----------------------------------------
3	23	14
23->14
1,-1
1
----------------------------------------
4	0	11
0->3->10->11
1,1,1,-1
3
----------------------------------------
5	1	3
1->0->3
1,2,-1
2
----------------------------------------
6	9	12
9->8->12
0,0,-1
2
----------------------------------------
7	17	19
17->23->14->19
1,2,1,-1
3
----------------------------------------
8	7	20
7->15->13->16->20
1,1,1,1,-1
4
----------------------------------------
9	13	21
13->21
2,-1
1
----------------------------------------
10	1	15
1->7->15
2,2,-1
2
----------------------------------------
11	0	7
0->1->7
3,3,-1
2
----------------------------------------
12	22	17
22->18->12->17
1,1,1,-1
3
----------------------------------------
13	15	23
15->19->14->23
3,1,2,-1
3
----------------------------------------
14	12	16
12->18->22->16
2,2,2,-1
3
----------------------------------------
15	6	4
6->4
0,-1
1
----------------------------------------
16	21	14
21->17->23->14
2,3,4,-1
3
----------------------------------------
17	10	11
10->11
2,-1
1
----------------------------------------
18	21	8
21->17->12->8
3,4,3,-1
3
----------------------------------------
19	9	3
9->6->4->3
1,1,1,-1
3
----------------------------------------
20	10	8
10->3->5->8
3,4,0,-1
3
----------------------------------------
21	22	3
22->18->12->8->5->3
3,3,4,3,1,-1
5
----------------------------------------
22	1	9
1->2->6->9
4,1,2,-1
3
----------------------------------------
23	1	15
1->7->15
5,4,-1
2
----------------------------------------
24	4	15
4->0->1->7->15
2,4,6,5,-1
4
----------------------------------------
25	19	10
19->14->23->17->11->10
2,4,5,5,3,-1
5
----------------------------------------
26	17	11
17->11
6,-1
1
----------------------------------------
27	7	12
7->2->6->9->8->12
6,2,3,3,4,-1
5
----------------------------------------
28	11	15
11->17->21->13->15
5,7,4,3,-1
4
----------------------------------------
29	10	18
10->11->17->12->18
5,6,8,6,-1
4
----------------------------------------
30	6	23
6->9->14->23
4,4,5,-1
3
----------------------------------------
31	7	15
7->15
7,-1
1
----------------------------------------
32	11	21
11->17->21
7,9,-1
2
----------------------------------------
33	17	6
17->12->8->9->6
10,7,5,5,-1
4
----------------------------------------
34	1	10
1->0->3->5->11->10
7,5,6,2,8,-1
5
----------------------------------------
35	6	20
6->2->7->15->13->16->20
6,3,8,8,4,3,-1
6
----------------------------------------
36	16	7
16->13->15->7
4,5,9,-1
3
----------------------------------------
37	6	11
6->4->3->5->11
7,3,7,3,-1
4
----------------------------------------
38	15	11
15->13->21->17->11
10,6,6,11,-1
4
----------------------------------------
39	15	20
15->13->16->20
11,7,5,-1
3
----------------------------------------
40	1	16
1->7->15->13->16
8,10,12,8,-1
4
----------------------------------------
41	10	17
10->11->17
7,11,-1
2
----------------------------------------
42	16	3
16->13->15->7->1->0->3
7,9,13,11,9,6,-1
6
----------------------------------------
43	14	9
14->9
6,-1
1
----------------------------------------
44	12	6
12->8->9->6
8,6,7,-1
3
----------------------------------------
45	17	4
17->11->5->3->4
13,12,4,9,-1
4
----------------------------------------
46	19	2
19->15->7->2
3,14,12,-1
3
----------------------------------------
47	18	19
18->23->14->19
5,7,7,-1
3
----------------------------------------
48	23	14
23->14
8,-1
1
----------------------------------------
49	18	0
18->12->8->5->3->0
6,9,7,5,10,-1
5
----------------------------------------
50	9	13
9->14->19->15->13
8,9,5,15,-1
4
----------------------------------------
51	13	1
13->15->7->1
11,16,13,-1
3
----------------------------------------
52	17	2
17->12->8->9->6->2
14,10,8,9,9,-1
5
----------------------------------------
53	6	5
6->4->3->5
10,5,11,-1
3
----------------------------------------
54	12	15
12->17->21->13->15
11,15,7,12,-1
4
----------------------------------------
55	4	17
4->3->5->11->17
6,12,7,13,-1
4
----------------------------------------
56	15	21
15->13->21
18,13,-1
2
----------------------------------------
57	14	10
14->23->17->11->10
10,9,17,14,-1
4
----------------------------------------
58	19	8
19->14->9->8
6,11,10,-1
3
----------------------------------------
59	18	13
18->22->16->13
7,4,8,-1
3
----------------------------------------
60	0	17
0->3->5->11->17
8,13,8,15,-1
4
----------------------------------------
61	22	0
22->16->13->15->7->1->0
5,9,15,19,14,11,-1
6
----------------------------------------
62	15	19
15->19
20,-1
1
----------------------------------------
63	1	21
1->7->15->13->21
12,15,21,16,-1
4
----------------------------------------
64	8	9
8->9
10,-1
1
----------------------------------------
65	20	15
20->16->13->15
4,10,17,-1
3
----------------------------------------
66	12	10
12->17->11->10
12,19,16,-1
3
----------------------------------------
67	10	0
10->3->4->0
10,14,7,-1
3
----------------------------------------
68	14	18
14->23->18
12,10,-1
2
----------------------------------------
69	21	3
21->17->11->5->3
10,20,17,9,-1
4
----------------------------------------
70	21	7
21->13->15->7
11,18,23,-1
3
----------------------------------------
71	20	16
20->16
5,-1
1
----------------------------------------
72	22	16
22->16
6,-1
1
----------------------------------------
73	10	14
10->11->17->23->14
11,18,21,11,-1
4
----------------------------------------
74	0	14
0->4->6->9->14
11,8,11,12,-1
4
----------------------------------------
75	2	9
2->6->9
6,12,-1
2
----------------------------------------
76	8	7
8->9->6->2->7
11,14,13,7,-1
4
----------------------------------------
77	16	15
16->13->15
13,19,-1
2
----------------------------------------
78	1	20
1->7->15->13->16->20
13,18,25,20,14,-1
5
----------------------------------------
79	6	2
6->2
14,-1
1
----------------------------------------
80	15	22
15->13->16->22
26,21,15,-1
3
----------------------------------------
81	8	4
8->5->3->4
12,10,16,-1
3
----------------------------------------
82	16	1
16->13->15->7->1
16,22,27,19,-1
4
----------------------------------------
83	4	21
4->0->1->7->15->13->21
10,12,15,20,28,23,-1
6
----------------------------------------
84	6	1
6->2->1
15,9,-1
2
----------------------------------------
85	1	3
1->0->3
17,13,-1
2
----------------------------------------
86	9	0
9->6->4->0
15,16,11,-1
3
----------------------------------------
87	15	11
15->13->21->17->11
29,24,13,22,-1
4
----------------------------------------
88	17	22
17->12->18->22
23,13,9,-1
3
----------------------------------------
89	10	23
10->3->4->6->9->14->23
12,18,12,17,16,15,-1
6
----------------------------------------
90	7	22
7->2->6->9->8->12->18->22
21,10,18,17,13,14,10,-1
7
----------------------------------------
91	22	10
22->16->13->15->7->1->0->3->10
10,17,25,30,22,18,15,19,-1
8
----------------------------------------
92	17	3
17->12->8->9->6->4->3
24,15,14,18,19,13,-1
6
----------------------------------------
93	11	15
11->5->3->0->1->7->15
20,11,21,16,19,23,-1
6
----------------------------------------
94	17	18
17->12->18
25,16,-1
2
----------------------------------------
95	17	12
17->12
26,-1
1
----------------------------------------
96	20	12
20->21->17->12
7,14,27,-1
3
----------------------------------------
97	15	18
15->19->14->23->18
32,8,16,13,-1
4
----------------------------------------
98	9	23
9->14->23
19,17,-1
2
----------------------------------------
99	4	11
4->3->10->11
14,22,14,-1
3
----------------------------------------
100	13	0
13->15->7->1->0
26,33,24,20,-1
4
----------------------------------------
101	1	21
1->7->15->13->21
21,25,34,27,-1
4
----------------------------------------
102	14	21
14->23->17->21
18,15,28,-1
3
----------------------------------------
103	18	9
18->12->8->9
13,19,15,-1
3
----------------------------------------
104	4	22
4->3->5->8->12->18->22
15,23,12,16,20,14,-1
6
----------------------------------------
105	3	11
3->5->11
24,13,-1
2
----------------------------------------
106	12	7
12->8->9->6->2->7
21,17,21,20,11,-1
5
----------------------------------------
107	6	8
6->9->8
21,22,-1
2
----------------------------------------
108	0	19
0->1->7->15->19
18,22,27,35,-1
4
----------------------------------------
109	17	23
17->23
29,-1
1
----------------------------------------
110	0	9
0->4->6->9
19,16,22,-1
3
----------------------------------------
111	23	7
23->14->19->15->7
17,19,10,36,-1
4
----------------------------------------
112	19	1
19->15->7->1
11,37,29,-1
3
----------------------------------------
113	0	14
0->4->6->9->14
20,17,23,24,-1
4
----------------------------------------
114	1	7
1->7
24,-1
1
----------------------------------------
115	19	9
19->14->9
12,21,-1
2
----------------------------------------
116	14	6
14->9->6
22,26,-1
2
----------------------------------------
117	5	9
5->8->9
14,19,-1
2
----------------------------------------
118	18	16
18->22->16
15,12,-1
2
----------------------------------------
119	4	11
4->0->3->5->11
18,21,25,15,-1
4
----------------------------------------
120	5	18
5->8->12->18
16,20,22,-1
3
----------------------------------------
121	16	14
16->22->18->23->14
19,13,17,18,-1
4
----------------------------------------
122	20	12
20->21->17->12
8,17,30,-1
3
----------------------------------------
123	9	14
9->14
28,-1
1
----------------------------------------
124	1	23
1->2->6->9->14->23
25,12,25,29,25,-1
5
----------------------------------------
125	5	14
5->8->9->14
17,21,30,-1
3
----------------------------------------
126	3	4
3->4
26,-1
1
----------------------------------------
127	11	17
11->5->8->12->17
24,18,22,24,-1
4
----------------------------------------
128	8	17
8->12->17
23,25,-1
2
----------------------------------------
129	4	8
4->6->9->8
20,26,31,-1
3
----------------------------------------
130	19	0
19->14->9->6->4->0
13,27,32,27,21,-1
5
----------------------------------------
131	0	1
0->1
23,-1
1
----------------------------------------
132	18	9
18->23->14->9
18,20,28,-1
3
----------------------------------------
133	18	14
18->23->14
19,21,-1
2
----------------------------------------
134	7	6
7->2->6
31,13,-1
2
----------------------------------------
135	21	22
21->20->22
18,9,-1
2
----------------------------------------
136	9	0
9->6->4->0
34,29,22,-1
3
----------------------------------------
137	0	5
0->4->6->9->8->5
25,23,30,35,25,-1
5
----------------------------------------
138	8	16
8->12->18->22->16
26,26,20,15,-1
4
----------------------------------------
139	21	14
21->17->23->14
19,33,22,-1
3
----------------------------------------
140	1	14
1->7->15->19->14
27,32,38,14,-1
4
----------------------------------------
141	3	10
3->10
27,-1
1
----------------------------------------
142	11	9
11->5->8->9
25,20,27,-1
3
----------------------------------------
143	11	9
11->5->8->9
26,21,28,-1
3
----------------------------------------
144	16	4
16->22->18->12->8->5->3->4
21,16,21,27,29,22,28,-1
7
----------------------------------------
145	0	3
0->3
26,-1
1
----------------------------------------
146	10	4
10->3->0->4
16,30,27,-1
3
----------------------------------------
147	0	1
0->1
28,-1
1
----------------------------------------
148	14	15
14->19->15
32,15,-1
2
----------------------------------------
149	19	5
19->14->9->8->5
16,33,38,30,-1
4
----------------------------------------
150	14	13
14->23->17->21->13
34,23,34,20,-1
4
----------------------------------------
151	3	6
3->4->6
31,26,-1
2
----------------------------------------
152	20	18
20->22->18
10,17,-1
2
----------------------------------------
153	20	13
20->16->13
11,22,-1
2
----------------------------------------
154	7	1
7->1
33,-1
1
----------------------------------------
155	17	21
17->21
35,-1
1
----------------------------------------
156	15	6
15->7->2->6
40,34,14,-1
3
----------------------------------------
157	1	7
1->7
30,-1
1
----------------------------------------
158	17	18
17->23->18
36,24,-1
2
----------------------------------------
159	14	17
14->23->17
35,25,-1
2
----------------------------------------
160	11	12
11->5->8->12
27,24,31,-1
3
----------------------------------------
161	14	11
14->9->8->5->11
36,39,32,25,-1
4
----------------------------------------
162	9	1
9->6->2->1
40,33,15,-1
3
----------------------------------------
163	19	8
19->14->9->8
17,37,41,-1
3
----------------------------------------
164	2	7
2->7
16,-1
1
----------------------------------------
165	0	6
0->4->6
29,27,-1
2
----------------------------------------
166	14	15
14->19->15
38,18,-1
2
----------------------------------------
167	9	17
9->14->23->17
42,39,26,-1
3
----------------------------------------
168	13	22
13->16->22
30,23,-1
2
----------------------------------------
169	21	12
21->20->22->18->12
22,12,19,24,-1
4
----------------------------------------
170	23	16
23->17->21->13->16
27,39,23,31,-1
4
----------------------------------------
171	9	15
9->14->19->15
43,40,19,-1
3
----------------------------------------
172	4	6
4->6
28,-1
1
----------------------------------------
173	12	21
12->17->21
30,40,-1
2
----------------------------------------
174	13	21
13->21
32,-1
1
----------------------------------------
175	23	13
23->17->21->13
28,41,26,-1
3
----------------------------------------
176	0	6
0->4->6
30,29,-1
2
----------------------------------------
177	10	4
10->11->5->3->4
17,29,26,32,-1
4
----------------------------------------
178	8	0
8->5->3->0
34,27,33,-1
3
----------------------------------------
179	5	8
5->8
28,-1
1
----------------------------------------
180	19	5
19->14->9->8->5
20,41,44,36,-1
4
----------------------------------------
181	15	14
15->19->14
43,21,-1
2
----------------------------------------
182	13	8
13->21->17->12->8
34,27,42,31,-1
4
----------------------------------------
183	16	12
16->22->18->12
25,20,25,-1
3
----------------------------------------
184	12	21
12->17->21
33,43,-1
2
----------------------------------------
185	13	12
13->16->22->18->12
35,26,21,26,-1
4
----------------------------------------
186	18	22
18->12->17->21->20->22
27,35,44,29,13,-1
5
----------------------------------------
187	3	0
3->0
34,-1
1
----------------------------------------
188	13	18
13->16->22->18
36,27,23,-1
3
----------------------------------------
189	9	4
9->6->4
45,37,-1
2
----------------------------------------
190	17	16
17->21->13->16
45,30,37,-1
3
----------------------------------------
191	3	4
3->4
35,-1
1
----------------------------------------
192	13	21
13->21
38,-1
1
----------------------------------------
