Node 0 Forwarding Table:
1	0	3	0	
----------------------------------------
-1	-1	3	1	
----------------------------------------
1	2	3	2	
----------------------------------------
-1	-1	1	3	
----------------------------------------
4	4	1	4	
----------------------------------------
1	5	3	5	
----------------------------------------
1	6	3	6	
----------------------------------------
3	7	-1	-1	
----------------------------------------
-1	-1	3	8	
----------------------------------------
1	9	-1	-1	
----------------------------------------
4	10	-1	-1	
----------------------------------------
-1	-1	4	11	
----------------------------------------
4	12	1	12	
----------------------------------------
1	13	3	13	
----------------------------------------
4	14	-1	-1	
----------------------------------------
1	15	3	15	
----------------------------------------
3	16	1	16	
----------------------------------------
1	17	-1	-1	
----------------------------------------
-1	-1	1	18	
----------------------------------------
-1	-1	4	19	
----------------------------------------
-1	-1	4	20	
----------------------------------------
4	21	3	21	
----------------------------------------
4	22	-1	-1	
----------------------------------------
-1	-1	1	23	
----------------------------------------
4	24	-1	-1	
----------------------------------------
-1	-1	4	25	
----------------------------------------
-1	-1	3	26	
----------------------------------------
3	27	4	27	
----------------------------------------
-1	-1	1	28	
----------------------------------------
-1	-1	4	29	
----------------------------------------
-1	-1	4	30	
----------------------------------------
3	31	-1	-1	
----------------------------------------
3	32	-1	-1	
----------------------------------------

****************************************
Node 1 Forwarding Table:
2	0	0	0	
----------------------------------------
-1	-1	0	1	
----------------------------------------
-1	-1	7	2	
----------------------------------------
0	3	7	3	
----------------------------------------
-1	-1	2	4	
----------------------------------------
-1	-1	7	5	
----------------------------------------
0	6	7	6	
----------------------------------------
-1	-1	0	7	
----------------------------------------
-1	-1	7	8	
----------------------------------------
7	9	0	9	
----------------------------------------
7	10	-1	-1	
----------------------------------------
7	11	0	11	
----------------------------------------
-1	-1	7	12	
----------------------------------------
-1	-1	7	13	
----------------------------------------
7	14	-1	-1	
----------------------------------------
0	15	7	15	
----------------------------------------
2	16	-1	-1	
----------------------------------------
-1	-1	0	17	
----------------------------------------
7	18	0	18	
----------------------------------------
0	19	7	19	
----------------------------------------
7	20	0	20	
----------------------------------------
-1	-1	7	21	
----------------------------------------
0	22	7	22	
----------------------------------------
7	23	-1	-1	
----------------------------------------
-1	-1	7	24	
----------------------------------------
-1	-1	2	25	
----------------------------------------
0	26	-1	-1	
----------------------------------------
-1	-1	7	27	
----------------------------------------
0	28	-1	-1	
----------------------------------------
7	29	-1	-1	
----------------------------------------
-1	-1	7	30	
----------------------------------------
2	31	-1	-1	
----------------------------------------

****************************************
Node 2 Forwarding Table:
-1	-1	1	0	
----------------------------------------
1	1	6	1	
----------------------------------------
7	2	6	2	
----------------------------------------
6	3	7	3	
----------------------------------------
7	4	-1	-1	
----------------------------------------
6	5	-1	-1	
----------------------------------------
-1	-1	6	6	
----------------------------------------
6	7	7	7	
----------------------------------------
6	8	-1	-1	
----------------------------------------
6	9	1	9	
----------------------------------------
7	10	6	10	
----------------------------------------
6	11	7	11	
----------------------------------------
1	12	6	12	
----------------------------------------
7	13	6	13	
----------------------------------------
7	14	6	14	
----------------------------------------
6	15	1	15	
----------------------------------------
-1	-1	7	16	
----------------------------------------

****************************************
Node 3 Forwarding Table:
0	0	10	0	
----------------------------------------
0	1	10	1	
----------------------------------------
0	2	-1	-1	
----------------------------------------
4	3	-1	-1	
----------------------------------------
10	4	5	4	
----------------------------------------
5	5	-1	-1	
----------------------------------------
0	6	5	6	
----------------------------------------
4	7	5	7	
----------------------------------------
0	8	-1	-1	
----------------------------------------
5	9	4	9	
----------------------------------------
5	10	0	10	
----------------------------------------
4	11	5	11	
----------------------------------------
4	12	5	12	
----------------------------------------
0	13	5	13	
----------------------------------------
10	14	4	14	
----------------------------------------
5	15	-1	-1	
----------------------------------------
5	16	4	16	
----------------------------------------
0	17	-1	-1	
----------------------------------------
10	18	4	18	
----------------------------------------
0	19	10	19	
----------------------------------------
4	20	-1	-1	
----------------------------------------
5	21	0	21	
----------------------------------------
4	22	10	22	
----------------------------------------
4	23	5	23	
----------------------------------------
-1	-1	5	24	
----------------------------------------
0	25	5	25	
----------------------------------------
-1	-1	4	26	
----------------------------------------
-1	-1	10	27	
----------------------------------------
5	28	4	28	
----------------------------------------
0	29	-1	-1	
----------------------------------------
10	30	0	30	
----------------------------------------
-1	-1	4	31	
----------------------------------------
5	32	4	32	
----------------------------------------
5	33	0	33	
----------------------------------------
-1	-1	0	34	
----------------------------------------
-1	-1	4	35	
----------------------------------------

****************************************
Node 4 Forwarding Table:
6	0	-1	-1	
----------------------------------------
6	1	3	1	
----------------------------------------
-1	-1	0	2	
----------------------------------------
6	3	3	3	
----------------------------------------
3	4	-1	-1	
----------------------------------------
6	5	3	5	
----------------------------------------
-1	-1	3	6	
----------------------------------------
3	7	0	7	
----------------------------------------
0	8	6	8	
----------------------------------------
3	9	-1	-1	
----------------------------------------
-1	-1	0	10	
----------------------------------------
6	11	0	11	
----------------------------------------
3	12	6	12	
----------------------------------------
6	13	3	13	
----------------------------------------
-1	-1	3	14	
----------------------------------------
-1	-1	3	15	
----------------------------------------
0	16	6	16	
----------------------------------------
0	17	6	17	
----------------------------------------
-1	-1	0	18	
----------------------------------------
3	19	-1	-1	
----------------------------------------
-1	-1	6	20	
----------------------------------------
6	21	0	21	
----------------------------------------
6	22	0	22	
----------------------------------------
0	23	6	23	
----------------------------------------
3	24	-1	-1	
----------------------------------------
0	25	-1	-1	
----------------------------------------
3	26	6	26	
----------------------------------------
0	27	6	27	
----------------------------------------
-1	-1	6	28	
----------------------------------------
0	29	6	29	
----------------------------------------
3	30	-1	-1	
----------------------------------------
6	31	-1	-1	
----------------------------------------
3	32	-1	-1	
----------------------------------------

****************************************
Node 5 Forwarding Table:
3	0	8	0	
----------------------------------------
8	1	3	1	
----------------------------------------
3	2	11	2	
----------------------------------------
3	3	11	3	
----------------------------------------
11	4	3	4	
----------------------------------------
8	5	3	5	
----------------------------------------
3	6	-1	-1	
----------------------------------------
3	7	11	7	
----------------------------------------
3	8	11	8	
----------------------------------------
11	9	3	9	
----------------------------------------
8	10	3	10	
----------------------------------------
11	11	3	11	
----------------------------------------
3	12	8	12	
----------------------------------------
3	13	11	13	
----------------------------------------
-1	-1	8	14	
----------------------------------------
3	15	11	15	
----------------------------------------
-1	-1	8	16	
----------------------------------------
-1	-1	8	17	
----------------------------------------
11	18	8	18	
----------------------------------------
8	19	-1	-1	
----------------------------------------
11	20	8	20	
----------------------------------------
11	21	8	21	
----------------------------------------
8	22	3	22	
----------------------------------------
8	23	-1	-1	
----------------------------------------
11	24	8	24	
----------------------------------------
8	25	11	25	
----------------------------------------
11	26	3	26	
----------------------------------------
8	27	3	27	
----------------------------------------
-1	-1	8	28	
----------------------------------------
8	29	-1	-1	
----------------------------------------

****************************************
Node 6 Forwarding Table:
-1	-1	4	0	
----------------------------------------
9	1	4	1	
----------------------------------------
2	2	9	2	
----------------------------------------
2	3	9	3	
----------------------------------------
-1	-1	9	4	
----------------------------------------
9	5	-1	-1	
----------------------------------------
-1	-1	2	6	
----------------------------------------
-1	-1	4	7	
----------------------------------------
9	8	-1	-1	
----------------------------------------
9	9	2	9	
----------------------------------------
-1	-1	4	10	
----------------------------------------
4	11	9	11	
----------------------------------------
2	12	9	12	
----------------------------------------
9	13	2	13	
----------------------------------------
-1	-1	2	14	
----------------------------------------
-1	-1	2	15	
----------------------------------------
9	16	4	16	
----------------------------------------
4	17	9	17	
----------------------------------------
2	18	9	18	
----------------------------------------
9	19	4	19	
----------------------------------------
9	20	2	20	
----------------------------------------
-1	-1	9	21	
----------------------------------------
4	22	9	22	
----------------------------------------
4	23	9	23	
----------------------------------------
9	24	-1	-1	
----------------------------------------
2	25	9	25	
----------------------------------------
4	26	9	26	
----------------------------------------
9	27	4	27	
----------------------------------------
2	28	-1	-1	
----------------------------------------
9	29	4	29	
----------------------------------------
4	30	9	30	
----------------------------------------
4	31	-1	-1	
----------------------------------------
2	32	-1	-1	
----------------------------------------
9	33	2	33	
----------------------------------------
4	34	-1	-1	
----------------------------------------
4	35	-1	-1	
----------------------------------------
4	36	-1	-1	
----------------------------------------
9	37	4	37	
----------------------------------------

****************************************
Node 7 Forwarding Table:
15	0	-1	-1	
----------------------------------------
-1	-1	15	1	
----------------------------------------
1	2	15	2	
----------------------------------------
1	3	-1	-1	
----------------------------------------
1	4	15	4	
----------------------------------------
1	5	15	5	
----------------------------------------
-1	-1	2	6	
----------------------------------------
-1	-1	15	7	
----------------------------------------
2	8	15	8	
----------------------------------------
15	9	-1	-1	
----------------------------------------
1	10	15	10	
----------------------------------------
15	11	1	11	
----------------------------------------
15	12	2	12	
----------------------------------------
15	13	1	13	
----------------------------------------
15	14	1	14	
----------------------------------------
1	15	15	15	
----------------------------------------
15	16	-1	-1	
----------------------------------------
2	17	-1	-1	
----------------------------------------
1	18	15	18	
----------------------------------------
15	19	1	19	
----------------------------------------
1	20	15	20	
----------------------------------------
-1	-1	2	21	
----------------------------------------
15	22	1	22	
----------------------------------------
1	23	15	23	
----------------------------------------
15	24	1	24	
----------------------------------------
1	25	15	25	
----------------------------------------
2	26	-1	-1	
----------------------------------------
1	27	15	27	
----------------------------------------
15	28	-1	-1	
----------------------------------------
15	29	1	29	
----------------------------------------
1	30	-1	-1	
----------------------------------------
-1	-1	2	31	
----------------------------------------
1	32	15	32	
----------------------------------------
-1	-1	1	33	
----------------------------------------
15	34	2	34	
----------------------------------------
1	35	-1	-1	
----------------------------------------
2	36	-1	-1	
----------------------------------------

****************************************
Node 8 Forwarding Table:
9	0	12	0	
----------------------------------------
12	1	-1	-1	
----------------------------------------
5	2	-1	-1	
----------------------------------------
12	3	5	3	
----------------------------------------
9	4	12	4	
----------------------------------------
12	5	9	5	
----------------------------------------
12	6	9	6	
----------------------------------------
12	7	5	7	
----------------------------------------
12	8	9	8	
----------------------------------------
9	9	-1	-1	
----------------------------------------
-1	-1	9	10	
----------------------------------------
-1	-1	9	11	
----------------------------------------
-1	-1	5	12	
----------------------------------------
9	13	12	13	
----------------------------------------
12	14	9	14	
----------------------------------------
12	15	9	15	
----------------------------------------
5	16	12	16	
----------------------------------------
12	17	9	17	
----------------------------------------
9	18	-1	-1	
----------------------------------------
5	19	9	19	
----------------------------------------
5	20	12	20	
----------------------------------------
5	21	9	21	
----------------------------------------
5	22	12	22	
----------------------------------------
-1	-1	12	23	
----------------------------------------
9	24	-1	-1	
----------------------------------------
9	25	5	25	
----------------------------------------
-1	-1	12	26	
----------------------------------------
5	27	9	27	
----------------------------------------
5	28	9	28	
----------------------------------------
12	29	5	29	
----------------------------------------
9	30	5	30	
----------------------------------------
5	31	12	31	
----------------------------------------
9	32	5	32	
----------------------------------------
9	33	-1	-1	
----------------------------------------
-1	-1	5	34	
----------------------------------------
5	35	-1	-1	
----------------------------------------
9	36	5	36	
----------------------------------------
12	37	-1	-1	
----------------------------------------

****************************************
Node 9 Forwarding Table:
-1	-1	8	0	
----------------------------------------
-1	-1	6	1	
----------------------------------------
6	2	-1	-1	
----------------------------------------
6	3	8	3	
----------------------------------------
6	4	14	4	
----------------------------------------
8	5	6	5	
----------------------------------------
14	6	-1	-1	
----------------------------------------
8	7	6	7	
----------------------------------------
-1	-1	14	8	
----------------------------------------
8	9	6	9	
----------------------------------------
14	10	8	10	
----------------------------------------
8	11	-1	-1	
----------------------------------------
6	12	14	12	
----------------------------------------
6	13	-1	-1	
----------------------------------------
8	14	6	14	
----------------------------------------
-1	-1	6	15	
----------------------------------------
6	16	14	16	
----------------------------------------
6	17	8	17	
----------------------------------------
8	18	6	18	
----------------------------------------
-1	-1	14	19	
----------------------------------------
8	20	-1	-1	
----------------------------------------
8	21	6	21	
----------------------------------------
6	22	8	22	
----------------------------------------
6	23	-1	-1	
----------------------------------------
6	24	14	24	
----------------------------------------
14	25	-1	-1	
----------------------------------------
14	26	6	26	
----------------------------------------
8	27	-1	-1	
----------------------------------------
-1	-1	14	28	
----------------------------------------
6	29	14	29	
----------------------------------------
8	30	14	30	
----------------------------------------
6	31	8	31	
----------------------------------------
14	32	6	32	
----------------------------------------
14	33	-1	-1	
----------------------------------------
-1	-1	6	34	
----------------------------------------
6	35	8	35	
----------------------------------------
8	36	-1	-1	
----------------------------------------
8	37	-1	-1	
----------------------------------------
14	38	8	38	
----------------------------------------
14	39	8	39	
----------------------------------------
-1	-1	6	40	
----------------------------------------
14	41	8	41	
----------------------------------------
-1	-1	14	42	
----------------------------------------
-1	-1	14	43	
----------------------------------------
14	44	8	44	
----------------------------------------
-1	-1	6	45	
----------------------------------------

****************************************
Node 10 Forwarding Table:
3	0	11	0	
----------------------------------------
3	1	11	1	
----------------------------------------
-1	-1	11	2	
----------------------------------------
-1	-1	3	3	
----------------------------------------
11	4	-1	-1	
----------------------------------------
-1	-1	11	5	
----------------------------------------
11	6	-1	-1	
----------------------------------------
-1	-1	11	7	
----------------------------------------
11	8	-1	-1	
----------------------------------------
11	9	-1	-1	
----------------------------------------
-1	-1	3	10	
----------------------------------------
-1	-1	11	11	
----------------------------------------
-1	-1	3	12	
----------------------------------------
3	13	-1	-1	
----------------------------------------
3	14	11	14	
----------------------------------------
3	15	-1	-1	
----------------------------------------
-1	-1	3	16	
----------------------------------------
-1	-1	11	17	
----------------------------------------

****************************************
Node 11 Forwarding Table:
10	0	-1	-1	
----------------------------------------
10	1	-1	-1	
----------------------------------------
10	2	-1	-1	
----------------------------------------
17	3	10	3	
----------------------------------------
17	4	-1	-1	
----------------------------------------
-1	-1	17	5	
----------------------------------------
10	6	17	6	
----------------------------------------
-1	-1	17	7	
----------------------------------------
5	8	10	8	
----------------------------------------
5	9	-1	-1	
----------------------------------------
17	10	-1	-1	
----------------------------------------
10	11	17	11	
----------------------------------------
17	12	5	12	
----------------------------------------
5	13	17	13	
----------------------------------------
17	14	10	14	
----------------------------------------
5	15	17	15	
----------------------------------------
17	16	10	16	
----------------------------------------
17	17	5	17	
----------------------------------------
10	18	17	18	
----------------------------------------
17	19	-1	-1	
----------------------------------------
-1	-1	5	20	
----------------------------------------
10	21	-1	-1	
----------------------------------------
5	22	-1	-1	
----------------------------------------
5	23	-1	-1	
----------------------------------------
-1	-1	5	24	
----------------------------------------
-1	-1	5	25	
----------------------------------------
-1	-1	5	26	
----------------------------------------
-1	-1	5	27	
----------------------------------------
5	28	-1	-1	
----------------------------------------
10	29	5	29	
----------------------------------------

****************************************
Node 12 Forwarding Table:
8	0	-1	-1	
----------------------------------------
18	1	17	1	
----------------------------------------
-1	-1	18	2	
----------------------------------------
17	3	8	3	
----------------------------------------
18	4	8	4	
----------------------------------------
8	5	-1	-1	
----------------------------------------
17	6	18	6	
----------------------------------------
17	7	8	7	
----------------------------------------
-1	-1	8	8	
----------------------------------------
18	9	8	9	
----------------------------------------
17	10	8	10	
----------------------------------------
-1	-1	17	11	
----------------------------------------
-1	-1	17	12	
----------------------------------------
17	13	18	13	
----------------------------------------
8	14	18	14	
----------------------------------------
17	15	8	15	
----------------------------------------
17	16	18	16	
----------------------------------------
17	17	-1	-1	
----------------------------------------
17	18	-1	-1	
----------------------------------------
18	19	8	19	
----------------------------------------
8	20	18	20	
----------------------------------------
-1	-1	8	21	
----------------------------------------
8	22	18	22	
----------------------------------------
17	23	-1	-1	
----------------------------------------
8	24	17	24	
----------------------------------------
8	25	17	25	
----------------------------------------
8	26	18	26	
----------------------------------------
18	27	8	27	
----------------------------------------
8	28	-1	-1	
----------------------------------------
18	29	-1	-1	
----------------------------------------
-1	-1	17	30	
----------------------------------------
17	31	8	31	
----------------------------------------
18	32	-1	-1	
----------------------------------------
-1	-1	17	33	
----------------------------------------
18	34	-1	-1	
----------------------------------------
18	35	17	35	
----------------------------------------

****************************************
Node 13 Forwarding Table:
16	0	15	0	
----------------------------------------
15	1	16	1	
----------------------------------------
-1	-1	21	2	
----------------------------------------
21	3	15	3	
----------------------------------------
15	4	16	4	
----------------------------------------
16	5	15	5	
----------------------------------------
15	6	21	6	
----------------------------------------
15	7	16	7	
----------------------------------------
15	8	16	8	
----------------------------------------
16	9	15	9	
----------------------------------------
15	10	-1	-1	
----------------------------------------
-1	-1	15	11	
----------------------------------------
21	12	15	12	
----------------------------------------
15	13	21	13	
----------------------------------------
16	14	-1	-1	
----------------------------------------
16	15	15	15	
----------------------------------------
15	16	21	16	
----------------------------------------
16	17	15	17	
----------------------------------------
21	18	15	18	
----------------------------------------
16	19	15	19	
----------------------------------------
15	20	16	20	
----------------------------------------
15	21	16	21	
----------------------------------------
16	22	15	22	
----------------------------------------
15	23	21	23	
----------------------------------------
15	24	21	24	
----------------------------------------
16	25	15	25	
----------------------------------------
-1	-1	15	26	
----------------------------------------
15	27	21	27	
----------------------------------------
21	28	-1	-1	
----------------------------------------
16	29	-1	-1	
----------------------------------------
-1	-1	16	30	
----------------------------------------
21	31	16	31	
----------------------------------------
-1	-1	21	32	
----------------------------------------
21	33	-1	-1	
----------------------------------------
-1	-1	21	34	
----------------------------------------
-1	-1	16	35	
----------------------------------------
-1	-1	16	36	
----------------------------------------
21	37	16	37	
----------------------------------------
-1	-1	21	38	
----------------------------------------

****************************************
Node 14 Forwarding Table:
23	0	-1	-1	
----------------------------------------
23	1	19	1	
----------------------------------------
19	2	23	2	
----------------------------------------
23	3	-1	-1	
----------------------------------------
19	4	23	4	
----------------------------------------
9	5	23	5	
----------------------------------------
-1	-1	9	6	
----------------------------------------
23	7	19	7	
----------------------------------------
23	8	-1	-1	
----------------------------------------
9	9	19	9	
----------------------------------------
-1	-1	23	10	
----------------------------------------
19	11	9	11	
----------------------------------------
-1	-1	23	12	
----------------------------------------
23	13	-1	-1	
----------------------------------------
9	14	-1	-1	
----------------------------------------
9	15	23	15	
----------------------------------------
19	16	23	16	
----------------------------------------
9	17	23	17	
----------------------------------------
-1	-1	23	18	
----------------------------------------
23	19	19	19	
----------------------------------------
9	20	-1	-1	
----------------------------------------
19	21	9	21	
----------------------------------------
-1	-1	9	22	
----------------------------------------
23	23	-1	-1	
----------------------------------------
9	24	-1	-1	
----------------------------------------
9	25	23	25	
----------------------------------------
9	26	-1	-1	
----------------------------------------
19	27	9	27	
----------------------------------------
23	28	9	28	
----------------------------------------
23	29	-1	-1	
----------------------------------------
23	30	-1	-1	
----------------------------------------
19	31	-1	-1	
----------------------------------------
-1	-1	19	32	
----------------------------------------
19	33	9	33	
----------------------------------------
-1	-1	23	34	
----------------------------------------
-1	-1	23	35	
----------------------------------------
-1	-1	9	36	
----------------------------------------
19	37	9	37	
----------------------------------------
-1	-1	19	38	
----------------------------------------
9	39	23	39	
----------------------------------------
9	40	19	40	
----------------------------------------
19	41	9	41	
----------------------------------------
19	42	-1	-1	
----------------------------------------

****************************************
Node 15 Forwarding Table:
13	0	7	0	
----------------------------------------
7	1	13	1	
----------------------------------------
7	2	-1	-1	
----------------------------------------
-1	-1	19	3	
----------------------------------------
7	4	-1	-1	
----------------------------------------
7	5	-1	-1	
----------------------------------------
13	6	-1	-1	
----------------------------------------
7	7	-1	-1	
----------------------------------------
7	8	13	8	
----------------------------------------
13	9	7	9	
----------------------------------------
-1	-1	13	10	
----------------------------------------
-1	-1	13	11	
----------------------------------------
7	12	13	12	
----------------------------------------
13	13	7	13	
----------------------------------------
19	14	7	14	
----------------------------------------
19	15	13	15	
----------------------------------------
13	16	7	16	
----------------------------------------
13	17	-1	-1	
----------------------------------------
-1	-1	13	18	
----------------------------------------
13	19	7	19	
----------------------------------------
-1	-1	19	20	
----------------------------------------
7	21	13	21	
----------------------------------------
13	22	-1	-1	
----------------------------------------
13	23	7	23	
----------------------------------------
13	24	-1	-1	
----------------------------------------
7	25	13	25	
----------------------------------------
-1	-1	13	26	
----------------------------------------
13	27	7	27	
----------------------------------------
7	28	13	28	
----------------------------------------
-1	-1	13	29	
----------------------------------------
13	30	7	30	
----------------------------------------
7	31	-1	-1	
----------------------------------------
-1	-1	19	32	
----------------------------------------
13	33	7	33	
----------------------------------------
7	34	13	34	
----------------------------------------
7	35	19	35	
----------------------------------------
19	36	7	36	
----------------------------------------
19	37	7	37	
----------------------------------------
7	38	19	38	
----------------------------------------
19	39	-1	-1	
----------------------------------------
-1	-1	7	40	
----------------------------------------
19	41	-1	-1	
----------------------------------------
19	42	-1	-1	
----------------------------------------
-1	-1	19	43	
----------------------------------------

****************************************
Node 16 Forwarding Table:
22	0	13	0	
----------------------------------------
13	1	20	1	
----------------------------------------
22	2	-1	-1	
----------------------------------------
13	3	20	3	
----------------------------------------
-1	-1	13	4	
----------------------------------------
13	5	20	5	
----------------------------------------
13	6	-1	-1	
----------------------------------------
-1	-1	13	7	
----------------------------------------
22	8	13	8	
----------------------------------------
22	9	13	9	
----------------------------------------
20	10	13	10	
----------------------------------------
20	11	-1	-1	
----------------------------------------
22	12	-1	-1	
----------------------------------------
-1	-1	13	13	
----------------------------------------
13	14	20	14	
----------------------------------------
13	15	22	15	
----------------------------------------
-1	-1	13	16	
----------------------------------------
22	17	13	17	
----------------------------------------
22	18	-1	-1	
----------------------------------------
-1	-1	22	19	
----------------------------------------
22	20	-1	-1	
----------------------------------------
-1	-1	22	21	
----------------------------------------
20	22	13	22	
----------------------------------------
13	23	22	23	
----------------------------------------
13	24	-1	-1	
----------------------------------------
-1	-1	22	25	
----------------------------------------
13	26	22	26	
----------------------------------------
13	27	22	27	
----------------------------------------
13	28	-1	-1	
----------------------------------------

****************************************
Node 17 Forwarding Table:
21	0	23	0	
----------------------------------------
-1	-1	23	1	
----------------------------------------
12	2	-1	-1	
----------------------------------------
21	3	23	3	
----------------------------------------
21	4	12	4	
----------------------------------------
23	5	11	5	
----------------------------------------
-1	-1	11	6	
----------------------------------------
11	7	21	7	
----------------------------------------
11	8	12	8	
----------------------------------------
11	9	21	9	
----------------------------------------
-1	-1	12	10	
----------------------------------------
21	11	11	11	
----------------------------------------
11	12	-1	-1	
----------------------------------------
-1	-1	11	13	
----------------------------------------
-1	-1	12	14	
----------------------------------------
12	15	21	15	
----------------------------------------
11	16	-1	-1	
----------------------------------------
23	17	11	17	
----------------------------------------
11	18	-1	-1	
----------------------------------------
12	19	11	19	
----------------------------------------
21	20	11	20	
----------------------------------------
11	21	23	21	
----------------------------------------
21	22	11	22	
----------------------------------------
-1	-1	12	23	
----------------------------------------
-1	-1	12	24	
----------------------------------------
-1	-1	12	25	
----------------------------------------
-1	-1	12	26	
----------------------------------------
21	27	12	27	
----------------------------------------
23	28	21	28	
----------------------------------------
-1	-1	23	29	
----------------------------------------
21	30	12	30	
----------------------------------------
12	31	-1	-1	
----------------------------------------
12	32	-1	-1	
----------------------------------------
21	33	23	33	
----------------------------------------
23	34	21	34	
----------------------------------------
-1	-1	21	35	
----------------------------------------
-1	-1	23	36	
----------------------------------------
23	37	-1	-1	
----------------------------------------
23	38	-1	-1	
----------------------------------------
23	39	21	39	
----------------------------------------
12	40	21	40	
----------------------------------------
23	41	21	41	
----------------------------------------
21	42	12	42	
----------------------------------------
12	43	21	43	
----------------------------------------
12	44	21	44	
----------------------------------------
-1	-1	21	45	
----------------------------------------

****************************************
Node 18 Forwarding Table:
-1	-1	22	0	
----------------------------------------
22	1	12	1	
----------------------------------------
12	2	22	2	
----------------------------------------
22	3	12	3	
----------------------------------------
12	4	-1	-1	
----------------------------------------
-1	-1	23	5	
----------------------------------------
-1	-1	12	6	
----------------------------------------
-1	-1	22	7	
----------------------------------------
23	8	-1	-1	
----------------------------------------
12	9	22	9	
----------------------------------------
12	10	22	10	
----------------------------------------
12	11	-1	-1	
----------------------------------------
23	12	-1	-1	
----------------------------------------
-1	-1	12	13	
----------------------------------------
12	14	22	14	
----------------------------------------
-1	-1	22	15	
----------------------------------------
12	16	-1	-1	
----------------------------------------
22	17	23	17	
----------------------------------------
-1	-1	23	18	
----------------------------------------
-1	-1	23	19	
----------------------------------------
12	20	22	20	
----------------------------------------
22	21	12	21	
----------------------------------------
22	22	-1	-1	
----------------------------------------
23	23	-1	-1	
----------------------------------------
22	24	12	24	
----------------------------------------
22	25	12	25	
----------------------------------------
22	26	12	26	
----------------------------------------
-1	-1	12	27	
----------------------------------------
22	28	-1	-1	
----------------------------------------

****************************************
Node 19 Forwarding Table:
14	0	-1	-1	
----------------------------------------
15	1	14	1	
----------------------------------------
-1	-1	14	2	
----------------------------------------
-1	-1	15	3	
----------------------------------------
14	4	-1	-1	
----------------------------------------
14	5	15	5	
----------------------------------------
-1	-1	14	6	
----------------------------------------
15	7	-1	-1	
----------------------------------------
15	8	14	8	
----------------------------------------
15	9	-1	-1	
----------------------------------------
14	10	15	10	
----------------------------------------
-1	-1	15	11	
----------------------------------------
-1	-1	14	12	
----------------------------------------
-1	-1	14	13	
----------------------------------------
15	14	14	14	
----------------------------------------
14	15	15	15	
----------------------------------------
-1	-1	14	16	
----------------------------------------
-1	-1	14	17	
----------------------------------------
14	18	15	18	
----------------------------------------
14	19	15	19	
----------------------------------------
-1	-1	14	20	
----------------------------------------
15	21	14	21	
----------------------------------------

****************************************
Node 20 Forwarding Table:
-1	-1	21	0	
----------------------------------------
16	1	-1	-1	
----------------------------------------
16	2	-1	-1	
----------------------------------------
16	3	-1	-1	
----------------------------------------
-1	-1	16	4	
----------------------------------------
-1	-1	16	5	
----------------------------------------
16	6	-1	-1	
----------------------------------------
-1	-1	21	7	
----------------------------------------
-1	-1	21	8	
----------------------------------------
21	9	22	9	
----------------------------------------
-1	-1	22	10	
----------------------------------------
-1	-1	16	11	
----------------------------------------
21	12	22	12	
----------------------------------------
21	13	22	13	
----------------------------------------

****************************************
Node 21 Forwarding Table:
20	0	17	0	
----------------------------------------
13	1	-1	-1	
----------------------------------------
-1	-1	17	2	
----------------------------------------
-1	-1	17	3	
----------------------------------------
17	4	13	4	
----------------------------------------
17	5	-1	-1	
----------------------------------------
13	6	17	6	
----------------------------------------
17	7	13	7	
----------------------------------------
13	8	-1	-1	
----------------------------------------
13	9	-1	-1	
----------------------------------------
-1	-1	17	10	
----------------------------------------
-1	-1	13	11	
----------------------------------------
13	12	-1	-1	
----------------------------------------
13	13	17	13	
----------------------------------------
20	14	17	14	
----------------------------------------
13	15	-1	-1	
----------------------------------------
17	16	-1	-1	
----------------------------------------
20	17	17	17	
----------------------------------------
-1	-1	20	18	
----------------------------------------
-1	-1	17	19	
----------------------------------------
17	20	13	20	
----------------------------------------
17	21	-1	-1	
----------------------------------------
-1	-1	20	22	
----------------------------------------
17	23	13	23	
----------------------------------------
17	24	-1	-1	
----------------------------------------
13	25	-1	-1	
----------------------------------------
17	26	13	26	
----------------------------------------
13	27	17	27	
----------------------------------------
17	28	-1	-1	
----------------------------------------
17	29	20	29	
----------------------------------------
17	30	13	30	
----------------------------------------
13	31	-1	-1	
----------------------------------------

****************************************
Node 22 Forwarding Table:
18	0	16	0	
----------------------------------------
-1	-1	18	1	
----------------------------------------
18	2	16	2	
----------------------------------------
-1	-1	18	3	
----------------------------------------
18	4	16	4	
----------------------------------------
-1	-1	16	5	
----------------------------------------
-1	-1	16	6	
----------------------------------------
16	7	-1	-1	
----------------------------------------
18	8	-1	-1	
----------------------------------------
18	9	-1	-1	
----------------------------------------
-1	-1	16	10	
----------------------------------------
18	11	-1	-1	
----------------------------------------
18	12	16	12	
----------------------------------------
16	13	18	13	
----------------------------------------
20	14	-1	-1	
----------------------------------------
18	15	16	15	
----------------------------------------
16	16	18	16	
----------------------------------------
20	17	18	17	
----------------------------------------
16	18	-1	-1	
----------------------------------------
20	19	18	19	
----------------------------------------
16	20	18	20	
----------------------------------------
16	21	18	21	
----------------------------------------
20	22	-1	-1	
----------------------------------------
16	23	18	23	
----------------------------------------

****************************************
Node 23 Forwarding Table:
17	0	-1	-1	
----------------------------------------
-1	-1	14	1	
----------------------------------------
17	2	14	2	
----------------------------------------
14	3	-1	-1	
----------------------------------------
17	4	14	4	
----------------------------------------
14	5	17	5	
----------------------------------------
14	6	-1	-1	
----------------------------------------
18	7	14	7	
----------------------------------------
-1	-1	14	8	
----------------------------------------
14	9	17	9	
----------------------------------------
14	10	18	10	
----------------------------------------
17	11	14	11	
----------------------------------------
14	12	-1	-1	
----------------------------------------
14	13	18	13	
----------------------------------------
14	14	-1	-1	
----------------------------------------
14	15	17	15	
----------------------------------------
17	16	-1	-1	
----------------------------------------
-1	-1	14	17	
----------------------------------------
18	18	14	18	
----------------------------------------
14	19	-1	-1	
----------------------------------------
18	20	14	20	
----------------------------------------
18	21	14	21	
----------------------------------------
17	22	14	22	
----------------------------------------
14	23	17	23	
----------------------------------------
17	24	18	24	
----------------------------------------
14	25	17	25	
----------------------------------------
14	26	17	26	
----------------------------------------
-1	-1	17	27	
----------------------------------------
-1	-1	17	28	
----------------------------------------

****************************************
