Node 0 Forwarding Table:
1	0	3	0	
----------------------------------------
-1	-1	3	1	
----------------------------------------
1	2	3	2	
----------------------------------------
-1	-1	1	3	
----------------------------------------
4	4	1	4	
----------------------------------------
1	5	3	5	
----------------------------------------
1	6	3	6	
----------------------------------------
3	7	-1	-1	
----------------------------------------
-1	-1	3	8	
----------------------------------------
1	9	-1	-1	
----------------------------------------
4	10	-1	-1	
----------------------------------------
-1	-1	4	11	
----------------------------------------
1	12	3	12	
----------------------------------------
4	13	-1	-1	
----------------------------------------
1	14	-1	-1	
----------------------------------------
1	15	3	15	
----------------------------------------
-1	-1	1	16	
----------------------------------------
-1	-1	4	17	
----------------------------------------
-1	-1	4	18	
----------------------------------------
1	19	-1	-1	
----------------------------------------
-1	-1	1	20	
----------------------------------------
4	21	-1	-1	
----------------------------------------
-1	-1	3	22	
----------------------------------------
-1	-1	3	23	
----------------------------------------
-1	-1	1	24	
----------------------------------------
3	25	4	25	
----------------------------------------
-1	-1	1	26	
----------------------------------------
4	27	1	27	
----------------------------------------
3	28	1	28	
----------------------------------------
-1	-1	4	29	
----------------------------------------
-1	-1	4	30	
----------------------------------------
3	31	4	31	
----------------------------------------
3	32	-1	-1	
----------------------------------------
-1	-1	1	33	
----------------------------------------
3	34	-1	-1	
----------------------------------------
4	35	-1	-1	
----------------------------------------

****************************************
Node 1 Forwarding Table:
2	0	0	0	
----------------------------------------
-1	-1	0	1	
----------------------------------------
-1	-1	7	2	
----------------------------------------
0	3	7	3	
----------------------------------------
-1	-1	2	4	
----------------------------------------
-1	-1	7	5	
----------------------------------------
0	6	7	6	
----------------------------------------
-1	-1	0	7	
----------------------------------------
-1	-1	7	8	
----------------------------------------
7	9	0	9	
----------------------------------------
7	10	-1	-1	
----------------------------------------
7	11	0	11	
----------------------------------------
-1	-1	7	12	
----------------------------------------
-1	-1	7	13	
----------------------------------------
7	14	-1	-1	
----------------------------------------
2	15	-1	-1	
----------------------------------------
-1	-1	0	16	
----------------------------------------
7	17	0	17	
----------------------------------------
-1	-1	7	18	
----------------------------------------
7	19	0	19	
----------------------------------------
0	20	7	20	
----------------------------------------
7	21	-1	-1	
----------------------------------------
7	22	-1	-1	
----------------------------------------
-1	-1	7	23	
----------------------------------------
-1	-1	2	24	
----------------------------------------
7	25	0	25	
----------------------------------------
0	26	-1	-1	
----------------------------------------
7	27	-1	-1	
----------------------------------------
-1	-1	2	28	
----------------------------------------
0	29	7	29	
----------------------------------------
0	30	-1	-1	
----------------------------------------
7	31	-1	-1	
----------------------------------------
-1	-1	7	32	
----------------------------------------
2	33	-1	-1	
----------------------------------------
0	34	2	34	
----------------------------------------
0	35	-1	-1	
----------------------------------------
0	36	7	36	
----------------------------------------
-1	-1	2	37	
----------------------------------------

****************************************
Node 2 Forwarding Table:
-1	-1	1	0	
----------------------------------------
1	1	6	1	
----------------------------------------
7	2	6	2	
----------------------------------------
6	3	7	3	
----------------------------------------
7	4	-1	-1	
----------------------------------------
6	5	-1	-1	
----------------------------------------
-1	-1	6	6	
----------------------------------------
6	7	7	7	
----------------------------------------
6	8	-1	-1	
----------------------------------------
6	9	1	9	
----------------------------------------
6	10	7	10	
----------------------------------------
1	11	6	11	
----------------------------------------
7	12	6	12	
----------------------------------------
1	13	6	13	
----------------------------------------
6	14	-1	-1	
----------------------------------------
-1	-1	6	15	
----------------------------------------
7	16	6	16	
----------------------------------------
6	17	1	17	
----------------------------------------
7	18	-1	-1	
----------------------------------------
-1	-1	7	19	
----------------------------------------
1	20	-1	-1	
----------------------------------------
7	21	-1	-1	
----------------------------------------
-1	-1	7	22	
----------------------------------------
1	23	6	23	
----------------------------------------

****************************************
Node 3 Forwarding Table:
0	0	10	0	
----------------------------------------
0	1	10	1	
----------------------------------------
0	2	-1	-1	
----------------------------------------
4	3	-1	-1	
----------------------------------------
10	4	5	4	
----------------------------------------
5	5	-1	-1	
----------------------------------------
0	6	5	6	
----------------------------------------
4	7	5	7	
----------------------------------------
0	8	-1	-1	
----------------------------------------
5	9	4	9	
----------------------------------------
5	10	0	10	
----------------------------------------
4	11	5	11	
----------------------------------------
4	12	5	12	
----------------------------------------
0	13	5	13	
----------------------------------------
10	14	4	14	
----------------------------------------
5	15	-1	-1	
----------------------------------------
5	16	4	16	
----------------------------------------
4	17	5	17	
----------------------------------------
0	18	-1	-1	
----------------------------------------
10	19	4	19	
----------------------------------------
5	20	-1	-1	
----------------------------------------
4	21	10	21	
----------------------------------------
0	22	-1	-1	
----------------------------------------
4	23	5	23	
----------------------------------------
-1	-1	5	24	
----------------------------------------
5	25	-1	-1	
----------------------------------------
4	26	10	26	
----------------------------------------
-1	-1	4	27	
----------------------------------------
0	28	5	28	
----------------------------------------
-1	-1	10	29	
----------------------------------------
0	30	-1	-1	
----------------------------------------
10	31	0	31	
----------------------------------------
10	32	5	32	
----------------------------------------
-1	-1	4	33	
----------------------------------------
10	34	0	34	
----------------------------------------
10	35	0	35	
----------------------------------------
5	36	0	36	
----------------------------------------
-1	-1	0	37	
----------------------------------------
-1	-1	4	38	
----------------------------------------

****************************************
Node 4 Forwarding Table:
6	0	-1	-1	
----------------------------------------
6	1	3	1	
----------------------------------------
-1	-1	0	2	
----------------------------------------
6	3	3	3	
----------------------------------------
3	4	-1	-1	
----------------------------------------
6	5	3	5	
----------------------------------------
-1	-1	3	6	
----------------------------------------
3	7	0	7	
----------------------------------------
0	8	6	8	
----------------------------------------
3	9	-1	-1	
----------------------------------------
-1	-1	3	10	
----------------------------------------
6	11	0	11	
----------------------------------------
3	12	6	12	
----------------------------------------
-1	-1	3	13	
----------------------------------------
-1	-1	3	14	
----------------------------------------
0	15	6	15	
----------------------------------------
0	16	6	16	
----------------------------------------
-1	-1	3	17	
----------------------------------------
3	18	-1	-1	
----------------------------------------
-1	-1	6	19	
----------------------------------------
6	20	0	20	
----------------------------------------
0	21	-1	-1	
----------------------------------------
3	22	6	22	
----------------------------------------
6	23	0	23	
----------------------------------------
0	24	6	24	
----------------------------------------
-1	-1	6	25	
----------------------------------------
0	26	6	26	
----------------------------------------
0	27	-1	-1	
----------------------------------------
-1	-1	6	28	
----------------------------------------
6	29	-1	-1	
----------------------------------------
6	30	0	30	
----------------------------------------
3	31	-1	-1	
----------------------------------------

****************************************
Node 5 Forwarding Table:
3	0	8	0	
----------------------------------------
8	1	3	1	
----------------------------------------
3	2	11	2	
----------------------------------------
3	3	11	3	
----------------------------------------
11	4	3	4	
----------------------------------------
8	5	3	5	
----------------------------------------
3	6	-1	-1	
----------------------------------------
3	7	11	7	
----------------------------------------
3	8	11	8	
----------------------------------------
11	9	3	9	
----------------------------------------
8	10	3	10	
----------------------------------------
3	11	11	11	
----------------------------------------
11	12	3	12	
----------------------------------------
3	13	8	13	
----------------------------------------
3	14	11	14	
----------------------------------------
8	15	3	15	
----------------------------------------
-1	-1	8	16	
----------------------------------------
-1	-1	8	17	
----------------------------------------
-1	-1	8	18	
----------------------------------------
11	19	8	19	
----------------------------------------
8	20	11	20	
----------------------------------------
3	21	-1	-1	
----------------------------------------
11	22	8	22	
----------------------------------------
11	23	8	23	
----------------------------------------
3	24	8	24	
----------------------------------------
8	25	-1	-1	
----------------------------------------
-1	-1	8	26	
----------------------------------------
11	27	8	27	
----------------------------------------
8	28	11	28	
----------------------------------------
8	29	3	29	
----------------------------------------
-1	-1	8	30	
----------------------------------------
8	31	-1	-1	
----------------------------------------

****************************************
Node 6 Forwarding Table:
-1	-1	4	0	
----------------------------------------
9	1	4	1	
----------------------------------------
2	2	9	2	
----------------------------------------
2	3	9	3	
----------------------------------------
-1	-1	9	4	
----------------------------------------
9	5	-1	-1	
----------------------------------------
-1	-1	2	6	
----------------------------------------
-1	-1	4	7	
----------------------------------------
9	8	-1	-1	
----------------------------------------
9	9	2	9	
----------------------------------------
-1	-1	4	10	
----------------------------------------
4	11	9	11	
----------------------------------------
2	12	9	12	
----------------------------------------
9	13	2	13	
----------------------------------------
-1	-1	2	14	
----------------------------------------
-1	-1	2	15	
----------------------------------------
9	16	4	16	
----------------------------------------
4	17	9	17	
----------------------------------------
9	18	2	18	
----------------------------------------
-1	-1	9	19	
----------------------------------------
4	20	9	20	
----------------------------------------
4	21	9	21	
----------------------------------------
9	22	-1	-1	
----------------------------------------
2	23	9	23	
----------------------------------------
4	24	9	24	
----------------------------------------
2	25	-1	-1	
----------------------------------------
9	26	4	26	
----------------------------------------
2	27	9	27	
----------------------------------------
9	28	2	28	
----------------------------------------
2	29	9	29	
----------------------------------------
2	30	9	30	
----------------------------------------
4	31	-1	-1	
----------------------------------------
9	32	-1	-1	
----------------------------------------
9	33	2	33	
----------------------------------------
-1	-1	4	34	
----------------------------------------
-1	-1	9	35	
----------------------------------------
4	36	-1	-1	
----------------------------------------
4	37	-1	-1	
----------------------------------------
4	38	-1	-1	
----------------------------------------
4	39	9	39	
----------------------------------------
9	40	4	40	
----------------------------------------
2	41	4	41	
----------------------------------------

****************************************
Node 7 Forwarding Table:
15	0	-1	-1	
----------------------------------------
-1	-1	15	1	
----------------------------------------
1	2	15	2	
----------------------------------------
1	3	-1	-1	
----------------------------------------
1	4	15	4	
----------------------------------------
1	5	15	5	
----------------------------------------
-1	-1	2	6	
----------------------------------------
-1	-1	15	7	
----------------------------------------
2	8	15	8	
----------------------------------------
15	9	-1	-1	
----------------------------------------
1	10	15	10	
----------------------------------------
15	11	1	11	
----------------------------------------
15	12	2	12	
----------------------------------------
15	13	1	13	
----------------------------------------
15	14	1	14	
----------------------------------------
1	15	15	15	
----------------------------------------
15	16	-1	-1	
----------------------------------------
2	17	-1	-1	
----------------------------------------
1	18	15	18	
----------------------------------------
15	19	1	19	
----------------------------------------
-1	-1	15	20	
----------------------------------------
15	21	1	21	
----------------------------------------
1	22	15	22	
----------------------------------------
-1	-1	1	23	
----------------------------------------
2	24	-1	-1	
----------------------------------------
1	25	15	25	
----------------------------------------
15	26	-1	-1	
----------------------------------------
15	27	1	27	
----------------------------------------
15	28	1	28	
----------------------------------------
1	29	-1	-1	
----------------------------------------
15	30	1	30	
----------------------------------------
15	31	1	31	
----------------------------------------
-1	-1	2	32	
----------------------------------------
1	33	15	33	
----------------------------------------
-1	-1	2	34	
----------------------------------------
-1	-1	1	35	
----------------------------------------
-1	-1	15	36	
----------------------------------------
1	37	-1	-1	
----------------------------------------
15	38	2	38	
----------------------------------------
2	39	-1	-1	
----------------------------------------
15	40	2	40	
----------------------------------------
2	41	15	41	
----------------------------------------
-1	-1	15	42	
----------------------------------------
1	43	-1	-1	
----------------------------------------

****************************************
Node 8 Forwarding Table:
9	0	12	0	
----------------------------------------
12	1	-1	-1	
----------------------------------------
5	2	-1	-1	
----------------------------------------
12	3	5	3	
----------------------------------------
9	4	12	4	
----------------------------------------
12	5	9	5	
----------------------------------------
12	6	9	6	
----------------------------------------
12	7	5	7	
----------------------------------------
12	8	9	8	
----------------------------------------
9	9	-1	-1	
----------------------------------------
-1	-1	9	10	
----------------------------------------
-1	-1	9	11	
----------------------------------------
-1	-1	5	12	
----------------------------------------
12	13	9	13	
----------------------------------------
5	14	12	14	
----------------------------------------
12	15	9	15	
----------------------------------------
9	16	-1	-1	
----------------------------------------
12	17	5	17	
----------------------------------------
5	18	9	18	
----------------------------------------
5	19	12	19	
----------------------------------------
5	20	9	20	
----------------------------------------
5	21	12	21	
----------------------------------------
-1	-1	12	22	
----------------------------------------
9	23	-1	-1	
----------------------------------------
12	24	9	24	
----------------------------------------
12	25	-1	-1	
----------------------------------------
12	26	5	26	
----------------------------------------
-1	-1	12	27	
----------------------------------------
5	28	9	28	
----------------------------------------
5	29	9	29	
----------------------------------------
9	30	-1	-1	
----------------------------------------
9	31	-1	-1	
----------------------------------------
5	32	12	32	
----------------------------------------
9	33	5	33	
----------------------------------------
5	34	9	34	
----------------------------------------
5	35	12	35	
----------------------------------------
9	36	5	36	
----------------------------------------
9	37	-1	-1	
----------------------------------------
9	38	12	38	
----------------------------------------
9	39	12	39	
----------------------------------------
-1	-1	5	40	
----------------------------------------
5	41	-1	-1	
----------------------------------------
9	42	5	42	
----------------------------------------
9	43	-1	-1	
----------------------------------------

****************************************
Node 9 Forwarding Table:
-1	-1	8	0	
----------------------------------------
-1	-1	6	1	
----------------------------------------
6	2	-1	-1	
----------------------------------------
6	3	8	3	
----------------------------------------
6	4	14	4	
----------------------------------------
8	5	6	5	
----------------------------------------
14	6	-1	-1	
----------------------------------------
8	7	6	7	
----------------------------------------
-1	-1	14	8	
----------------------------------------
8	9	6	9	
----------------------------------------
14	10	8	10	
----------------------------------------
8	11	-1	-1	
----------------------------------------
6	12	14	12	
----------------------------------------
6	13	-1	-1	
----------------------------------------
8	14	6	14	
----------------------------------------
-1	-1	6	15	
----------------------------------------
6	16	14	16	
----------------------------------------
-1	-1	14	17	
----------------------------------------
8	18	-1	-1	
----------------------------------------
8	19	6	19	
----------------------------------------
6	20	8	20	
----------------------------------------
6	21	-1	-1	
----------------------------------------
6	22	14	22	
----------------------------------------
14	23	-1	-1	
----------------------------------------
14	24	6	24	
----------------------------------------
8	25	-1	-1	
----------------------------------------
-1	-1	14	26	
----------------------------------------
6	27	14	27	
----------------------------------------
8	28	14	28	
----------------------------------------
6	29	8	29	
----------------------------------------
8	30	-1	-1	
----------------------------------------
-1	-1	6	31	
----------------------------------------
6	32	14	32	
----------------------------------------
8	33	-1	-1	
----------------------------------------
14	34	6	34	
----------------------------------------
8	35	-1	-1	
----------------------------------------
6	36	8	36	
----------------------------------------
6	37	8	37	
----------------------------------------
14	38	8	38	
----------------------------------------
8	39	14	39	
----------------------------------------
14	40	6	40	
----------------------------------------
14	41	8	41	
----------------------------------------
-1	-1	6	42	
----------------------------------------
-1	-1	14	43	
----------------------------------------
14	44	8	44	
----------------------------------------
6	45	14	45	
----------------------------------------
-1	-1	8	46	
----------------------------------------
-1	-1	14	47	
----------------------------------------
-1	-1	8	48	
----------------------------------------
14	49	-1	-1	
----------------------------------------
14	50	8	50	
----------------------------------------
14	51	8	51	
----------------------------------------
6	52	14	52	
----------------------------------------
-1	-1	6	53	
----------------------------------------

****************************************
Node 10 Forwarding Table:
3	0	11	0	
----------------------------------------
3	1	11	1	
----------------------------------------
-1	-1	11	2	
----------------------------------------
-1	-1	3	3	
----------------------------------------
11	4	-1	-1	
----------------------------------------
-1	-1	11	5	
----------------------------------------
11	6	-1	-1	
----------------------------------------
-1	-1	11	7	
----------------------------------------
11	8	-1	-1	
----------------------------------------
11	9	-1	-1	
----------------------------------------
-1	-1	3	10	
----------------------------------------
-1	-1	11	11	
----------------------------------------
-1	-1	3	12	
----------------------------------------
11	13	-1	-1	
----------------------------------------
3	14	11	14	
----------------------------------------
3	15	11	15	
----------------------------------------
3	16	-1	-1	
----------------------------------------
-1	-1	3	17	
----------------------------------------
-1	-1	3	18	
----------------------------------------
11	19	3	19	
----------------------------------------
-1	-1	3	20	
----------------------------------------

****************************************
Node 11 Forwarding Table:
10	0	-1	-1	
----------------------------------------
10	1	-1	-1	
----------------------------------------
10	2	-1	-1	
----------------------------------------
17	3	10	3	
----------------------------------------
17	4	-1	-1	
----------------------------------------
-1	-1	17	5	
----------------------------------------
10	6	17	6	
----------------------------------------
-1	-1	17	7	
----------------------------------------
5	8	10	8	
----------------------------------------
5	9	-1	-1	
----------------------------------------
17	10	-1	-1	
----------------------------------------
10	11	17	11	
----------------------------------------
17	12	5	12	
----------------------------------------
5	13	17	13	
----------------------------------------
17	14	10	14	
----------------------------------------
5	15	17	15	
----------------------------------------
17	16	10	16	
----------------------------------------
17	17	5	17	
----------------------------------------
10	18	17	18	
----------------------------------------
5	19	17	19	
----------------------------------------
17	20	-1	-1	
----------------------------------------
17	21	10	21	
----------------------------------------
17	22	5	22	
----------------------------------------
-1	-1	17	23	
----------------------------------------
10	24	-1	-1	
----------------------------------------
5	25	-1	-1	
----------------------------------------
10	26	-1	-1	
----------------------------------------
-1	-1	5	27	
----------------------------------------
5	28	-1	-1	
----------------------------------------
-1	-1	5	29	
----------------------------------------
-1	-1	5	30	
----------------------------------------
-1	-1	5	31	
----------------------------------------
5	32	-1	-1	
----------------------------------------
-1	-1	10	33	
----------------------------------------

****************************************
Node 12 Forwarding Table:
8	0	-1	-1	
----------------------------------------
18	1	17	1	
----------------------------------------
-1	-1	18	2	
----------------------------------------
17	3	8	3	
----------------------------------------
18	4	8	4	
----------------------------------------
8	5	-1	-1	
----------------------------------------
17	6	18	6	
----------------------------------------
17	7	8	7	
----------------------------------------
-1	-1	8	8	
----------------------------------------
18	9	8	9	
----------------------------------------
17	10	8	10	
----------------------------------------
-1	-1	17	11	
----------------------------------------
-1	-1	17	12	
----------------------------------------
17	13	18	13	
----------------------------------------
18	14	17	14	
----------------------------------------
17	15	18	15	
----------------------------------------
17	16	-1	-1	
----------------------------------------
17	17	-1	-1	
----------------------------------------
18	18	8	18	
----------------------------------------
8	19	18	19	
----------------------------------------
-1	-1	8	20	
----------------------------------------
18	21	8	21	
----------------------------------------
8	22	18	22	
----------------------------------------
17	23	-1	-1	
----------------------------------------
8	24	17	24	
----------------------------------------
8	25	17	25	
----------------------------------------
18	26	8	26	
----------------------------------------
18	27	8	27	
----------------------------------------
18	28	8	28	
----------------------------------------
8	29	18	29	
----------------------------------------
8	30	18	30	
----------------------------------------
17	31	18	31	
----------------------------------------
8	32	-1	-1	
----------------------------------------
8	33	17	33	
----------------------------------------
17	34	-1	-1	
----------------------------------------
8	35	18	35	
----------------------------------------
-1	-1	17	36	
----------------------------------------
18	37	-1	-1	
----------------------------------------
-1	-1	17	38	
----------------------------------------
17	39	-1	-1	
----------------------------------------
-1	-1	17	40	
----------------------------------------

****************************************
Node 13 Forwarding Table:
16	0	15	0	
----------------------------------------
15	1	16	1	
----------------------------------------
-1	-1	21	2	
----------------------------------------
21	3	15	3	
----------------------------------------
15	4	16	4	
----------------------------------------
16	5	15	5	
----------------------------------------
15	6	21	6	
----------------------------------------
15	7	16	7	
----------------------------------------
15	8	16	8	
----------------------------------------
16	9	15	9	
----------------------------------------
15	10	-1	-1	
----------------------------------------
-1	-1	15	11	
----------------------------------------
21	12	15	12	
----------------------------------------
15	13	21	13	
----------------------------------------
16	14	-1	-1	
----------------------------------------
16	15	15	15	
----------------------------------------
15	16	21	16	
----------------------------------------
16	17	15	17	
----------------------------------------
21	18	15	18	
----------------------------------------
16	19	15	19	
----------------------------------------
15	20	16	20	
----------------------------------------
15	21	16	21	
----------------------------------------
16	22	15	22	
----------------------------------------
15	23	21	23	
----------------------------------------
15	24	16	24	
----------------------------------------
21	25	15	25	
----------------------------------------
15	26	16	26	
----------------------------------------
-1	-1	15	27	
----------------------------------------
15	28	21	28	
----------------------------------------
16	29	15	29	
----------------------------------------
16	30	15	30	
----------------------------------------
16	31	15	31	
----------------------------------------
15	32	16	32	
----------------------------------------
15	33	16	33	
----------------------------------------
21	34	-1	-1	
----------------------------------------
16	35	-1	-1	
----------------------------------------
-1	-1	16	36	
----------------------------------------
-1	-1	21	37	
----------------------------------------
21	38	-1	-1	
----------------------------------------
-1	-1	15	39	
----------------------------------------
-1	-1	21	40	
----------------------------------------
-1	-1	16	41	
----------------------------------------
21	42	16	42	
----------------------------------------
-1	-1	21	43	
----------------------------------------

****************************************
Node 14 Forwarding Table:
23	0	-1	-1	
----------------------------------------
23	1	19	1	
----------------------------------------
19	2	23	2	
----------------------------------------
23	3	-1	-1	
----------------------------------------
19	4	23	4	
----------------------------------------
9	5	23	5	
----------------------------------------
-1	-1	9	6	
----------------------------------------
23	7	19	7	
----------------------------------------
23	8	-1	-1	
----------------------------------------
9	9	19	9	
----------------------------------------
-1	-1	23	10	
----------------------------------------
19	11	9	11	
----------------------------------------
-1	-1	23	12	
----------------------------------------
23	13	-1	-1	
----------------------------------------
9	14	-1	-1	
----------------------------------------
9	15	23	15	
----------------------------------------
9	16	23	16	
----------------------------------------
-1	-1	23	17	
----------------------------------------
23	18	19	18	
----------------------------------------
9	19	-1	-1	
----------------------------------------
19	20	9	20	
----------------------------------------
-1	-1	9	21	
----------------------------------------
19	22	-1	-1	
----------------------------------------
9	23	-1	-1	
----------------------------------------
9	24	23	24	
----------------------------------------
9	25	-1	-1	
----------------------------------------
23	26	-1	-1	
----------------------------------------
23	27	-1	-1	
----------------------------------------
9	28	-1	-1	
----------------------------------------
23	29	9	29	
----------------------------------------
-1	-1	19	30	
----------------------------------------
-1	-1	19	31	
----------------------------------------
19	32	9	32	
----------------------------------------
-1	-1	23	33	
----------------------------------------
19	34	-1	-1	
----------------------------------------
9	35	23	35	
----------------------------------------
19	36	9	36	
----------------------------------------
-1	-1	23	37	
----------------------------------------
-1	-1	9	38	
----------------------------------------
9	39	19	39	
----------------------------------------
19	40	9	40	
----------------------------------------
9	41	19	41	
----------------------------------------
-1	-1	19	42	
----------------------------------------
9	43	19	43	
----------------------------------------
19	44	-1	-1	
----------------------------------------
23	45	19	45	
----------------------------------------
23	46	9	46	
----------------------------------------
19	47	23	47	
----------------------------------------
19	48	9	48	
----------------------------------------
19	49	-1	-1	
----------------------------------------
19	50	9	50	
----------------------------------------
23	51	19	51	
----------------------------------------
9	52	23	52	
----------------------------------------
19	53	23	53	
----------------------------------------

****************************************
Node 15 Forwarding Table:
13	0	7	0	
----------------------------------------
7	1	13	1	
----------------------------------------
7	2	-1	-1	
----------------------------------------
-1	-1	19	3	
----------------------------------------
7	4	-1	-1	
----------------------------------------
7	5	-1	-1	
----------------------------------------
13	6	-1	-1	
----------------------------------------
7	7	-1	-1	
----------------------------------------
7	8	13	8	
----------------------------------------
13	9	7	9	
----------------------------------------
-1	-1	13	10	
----------------------------------------
-1	-1	13	11	
----------------------------------------
7	12	13	12	
----------------------------------------
13	13	7	13	
----------------------------------------
19	14	7	14	
----------------------------------------
19	15	13	15	
----------------------------------------
13	16	7	16	
----------------------------------------
13	17	-1	-1	
----------------------------------------
-1	-1	13	18	
----------------------------------------
13	19	7	19	
----------------------------------------
-1	-1	19	20	
----------------------------------------
7	21	13	21	
----------------------------------------
13	22	-1	-1	
----------------------------------------
13	23	7	23	
----------------------------------------
13	24	-1	-1	
----------------------------------------
7	25	13	25	
----------------------------------------
-1	-1	13	26	
----------------------------------------
13	27	7	27	
----------------------------------------
-1	-1	13	28	
----------------------------------------
7	29	13	29	
----------------------------------------
13	30	-1	-1	
----------------------------------------
-1	-1	13	31	
----------------------------------------
13	32	7	32	
----------------------------------------
7	33	13	33	
----------------------------------------
7	34	19	34	
----------------------------------------
19	35	7	35	
----------------------------------------
19	36	7	36	
----------------------------------------
13	37	7	37	
----------------------------------------
13	38	19	38	
----------------------------------------
19	39	7	39	
----------------------------------------
13	40	7	40	
----------------------------------------
19	41	13	41	
----------------------------------------
7	42	13	42	
----------------------------------------
19	43	-1	-1	
----------------------------------------
7	44	19	44	
----------------------------------------
-1	-1	19	45	
----------------------------------------
19	46	7	46	
----------------------------------------
19	47	-1	-1	
----------------------------------------
19	48	-1	-1	
----------------------------------------
19	49	7	49	
----------------------------------------
7	50	19	50	
----------------------------------------
19	51	-1	-1	
----------------------------------------
7	52	19	52	
----------------------------------------
-1	-1	19	53	
----------------------------------------
13	54	19	54	
----------------------------------------
19	55	-1	-1	
----------------------------------------
-1	-1	19	56	
----------------------------------------

****************************************
Node 16 Forwarding Table:
22	0	13	0	
----------------------------------------
13	1	20	1	
----------------------------------------
22	2	-1	-1	
----------------------------------------
13	3	20	3	
----------------------------------------
-1	-1	13	4	
----------------------------------------
13	5	20	5	
----------------------------------------
13	6	-1	-1	
----------------------------------------
-1	-1	13	7	
----------------------------------------
22	8	13	8	
----------------------------------------
22	9	13	9	
----------------------------------------
20	10	13	10	
----------------------------------------
20	11	-1	-1	
----------------------------------------
22	12	-1	-1	
----------------------------------------
-1	-1	13	13	
----------------------------------------
13	14	20	14	
----------------------------------------
13	15	22	15	
----------------------------------------
-1	-1	13	16	
----------------------------------------
13	17	22	17	
----------------------------------------
13	18	22	18	
----------------------------------------
20	19	13	19	
----------------------------------------
22	20	-1	-1	
----------------------------------------
-1	-1	13	21	
----------------------------------------
20	22	13	22	
----------------------------------------
-1	-1	22	23	
----------------------------------------
22	24	-1	-1	
----------------------------------------
13	25	-1	-1	
----------------------------------------
13	26	-1	-1	
----------------------------------------
20	27	13	27	
----------------------------------------
13	28	22	28	
----------------------------------------
22	29	-1	-1	
----------------------------------------
22	30	-1	-1	
----------------------------------------
-1	-1	22	31	
----------------------------------------
13	32	22	32	
----------------------------------------
13	33	-1	-1	
----------------------------------------

****************************************
Node 17 Forwarding Table:
21	0	23	0	
----------------------------------------
-1	-1	23	1	
----------------------------------------
12	2	-1	-1	
----------------------------------------
21	3	23	3	
----------------------------------------
21	4	12	4	
----------------------------------------
23	5	11	5	
----------------------------------------
-1	-1	11	6	
----------------------------------------
11	7	21	7	
----------------------------------------
11	8	12	8	
----------------------------------------
11	9	21	9	
----------------------------------------
-1	-1	12	10	
----------------------------------------
21	11	11	11	
----------------------------------------
11	12	-1	-1	
----------------------------------------
-1	-1	11	13	
----------------------------------------
-1	-1	12	14	
----------------------------------------
12	15	21	15	
----------------------------------------
11	16	-1	-1	
----------------------------------------
23	17	11	17	
----------------------------------------
11	18	-1	-1	
----------------------------------------
12	19	11	19	
----------------------------------------
21	20	11	20	
----------------------------------------
11	21	23	21	
----------------------------------------
11	22	21	22	
----------------------------------------
21	23	11	23	
----------------------------------------
-1	-1	12	24	
----------------------------------------
12	25	11	25	
----------------------------------------
-1	-1	11	26	
----------------------------------------
11	27	21	27	
----------------------------------------
-1	-1	12	28	
----------------------------------------
-1	-1	12	29	
----------------------------------------
21	30	12	30	
----------------------------------------
23	31	21	31	
----------------------------------------
-1	-1	23	32	
----------------------------------------
21	33	12	33	
----------------------------------------
12	34	-1	-1	
----------------------------------------
12	35	-1	-1	
----------------------------------------
21	36	23	36	
----------------------------------------
23	37	21	37	
----------------------------------------
-1	-1	21	38	
----------------------------------------
-1	-1	12	39	
----------------------------------------
23	40	-1	-1	
----------------------------------------
12	41	-1	-1	
----------------------------------------
21	42	12	42	
----------------------------------------
-1	-1	23	43	
----------------------------------------
12	44	21	44	
----------------------------------------
23	45	21	45	
----------------------------------------
21	46	23	46	
----------------------------------------
12	47	21	47	
----------------------------------------
21	48	12	48	
----------------------------------------
23	49	21	49	
----------------------------------------
-1	-1	21	50	
----------------------------------------
12	51	21	51	
----------------------------------------

****************************************
Node 18 Forwarding Table:
-1	-1	22	0	
----------------------------------------
22	1	12	1	
----------------------------------------
12	2	22	2	
----------------------------------------
22	3	12	3	
----------------------------------------
12	4	-1	-1	
----------------------------------------
-1	-1	23	5	
----------------------------------------
-1	-1	12	6	
----------------------------------------
-1	-1	22	7	
----------------------------------------
23	8	-1	-1	
----------------------------------------
12	9	22	9	
----------------------------------------
22	10	12	10	
----------------------------------------
12	11	-1	-1	
----------------------------------------
22	12	-1	-1	
----------------------------------------
-1	-1	12	13	
----------------------------------------
12	14	22	14	
----------------------------------------
-1	-1	12	15	
----------------------------------------
-1	-1	22	16	
----------------------------------------
12	17	-1	-1	
----------------------------------------
-1	-1	12	18	
----------------------------------------
-1	-1	23	19	
----------------------------------------
22	20	12	20	
----------------------------------------
22	21	12	21	
----------------------------------------
12	22	22	22	
----------------------------------------
12	23	22	23	
----------------------------------------
22	24	-1	-1	
----------------------------------------
12	25	-1	-1	
----------------------------------------
23	26	22	26	
----------------------------------------
12	27	22	27	
----------------------------------------
22	28	12	28	
----------------------------------------
23	29	-1	-1	
----------------------------------------
-1	-1	22	30	
----------------------------------------
22	31	-1	-1	
----------------------------------------

****************************************
Node 19 Forwarding Table:
14	0	-1	-1	
----------------------------------------
15	1	14	1	
----------------------------------------
-1	-1	14	2	
----------------------------------------
-1	-1	15	3	
----------------------------------------
14	4	-1	-1	
----------------------------------------
14	5	15	5	
----------------------------------------
-1	-1	14	6	
----------------------------------------
15	7	-1	-1	
----------------------------------------
15	8	-1	-1	
----------------------------------------
14	9	15	9	
----------------------------------------
-1	-1	15	10	
----------------------------------------
-1	-1	14	11	
----------------------------------------
15	12	14	12	
----------------------------------------
-1	-1	15	13	
----------------------------------------
14	14	15	14	
----------------------------------------
14	15	15	15	
----------------------------------------
-1	-1	14	16	
----------------------------------------
15	17	14	17	
----------------------------------------
15	18	14	18	
----------------------------------------
14	19	15	19	
----------------------------------------
-1	-1	14	20	
----------------------------------------
14	21	15	21	
----------------------------------------
14	22	15	22	
----------------------------------------
14	23	15	23	
----------------------------------------
15	24	14	24	
----------------------------------------
14	25	15	25	
----------------------------------------
15	26	14	26	
----------------------------------------
-1	-1	14	27	
----------------------------------------
15	28	14	28	
----------------------------------------
15	29	14	29	
----------------------------------------
14	30	15	30	
----------------------------------------
15	31	14	31	
----------------------------------------

****************************************
Node 20 Forwarding Table:
-1	-1	21	0	
----------------------------------------
16	1	-1	-1	
----------------------------------------
16	2	-1	-1	
----------------------------------------
16	3	-1	-1	
----------------------------------------
-1	-1	16	4	
----------------------------------------
-1	-1	16	5	
----------------------------------------
16	6	-1	-1	
----------------------------------------
-1	-1	21	7	
----------------------------------------
-1	-1	16	8	
----------------------------------------
-1	-1	21	9	
----------------------------------------
-1	-1	16	10	
----------------------------------------
21	11	22	11	
----------------------------------------
21	12	22	12	
----------------------------------------
22	13	-1	-1	
----------------------------------------
-1	-1	22	14	
----------------------------------------
-1	-1	16	15	
----------------------------------------

****************************************
Node 21 Forwarding Table:
20	0	17	0	
----------------------------------------
13	1	-1	-1	
----------------------------------------
-1	-1	17	2	
----------------------------------------
-1	-1	17	3	
----------------------------------------
17	4	13	4	
----------------------------------------
17	5	-1	-1	
----------------------------------------
13	6	17	6	
----------------------------------------
17	7	13	7	
----------------------------------------
13	8	-1	-1	
----------------------------------------
13	9	-1	-1	
----------------------------------------
-1	-1	17	10	
----------------------------------------
-1	-1	13	11	
----------------------------------------
17	12	-1	-1	
----------------------------------------
13	13	17	13	
----------------------------------------
17	14	13	14	
----------------------------------------
20	15	17	15	
----------------------------------------
13	16	-1	-1	
----------------------------------------
17	17	-1	-1	
----------------------------------------
20	18	17	18	
----------------------------------------
-1	-1	20	19	
----------------------------------------
-1	-1	20	20	
----------------------------------------
-1	-1	17	21	
----------------------------------------
17	22	13	22	
----------------------------------------
17	23	-1	-1	
----------------------------------------
-1	-1	17	24	
----------------------------------------
17	25	-1	-1	
----------------------------------------
13	26	-1	-1	
----------------------------------------
17	27	13	27	
----------------------------------------
-1	-1	17	28	
----------------------------------------
17	29	-1	-1	
----------------------------------------
13	30	17	30	
----------------------------------------
17	31	-1	-1	
----------------------------------------
17	32	13	32	
----------------------------------------
17	33	-1	-1	
----------------------------------------
13	34	-1	-1	
----------------------------------------

****************************************
Node 22 Forwarding Table:
18	0	16	0	
----------------------------------------
-1	-1	18	1	
----------------------------------------
18	2	16	2	
----------------------------------------
-1	-1	18	3	
----------------------------------------
18	4	16	4	
----------------------------------------
-1	-1	16	5	
----------------------------------------
-1	-1	16	6	
----------------------------------------
16	7	-1	-1	
----------------------------------------
18	8	-1	-1	
----------------------------------------
16	9	-1	-1	
----------------------------------------
-1	-1	18	10	
----------------------------------------
16	11	18	11	
----------------------------------------
18	12	-1	-1	
----------------------------------------
18	13	16	13	
----------------------------------------
16	14	18	14	
----------------------------------------
20	15	-1	-1	
----------------------------------------
20	16	18	16	
----------------------------------------
18	17	16	17	
----------------------------------------
18	18	20	18	
----------------------------------------
20	19	18	19	
----------------------------------------
16	20	-1	-1	
----------------------------------------
18	21	16	21	
----------------------------------------
18	22	16	22	
----------------------------------------
16	23	18	23	
----------------------------------------
18	24	-1	-1	
----------------------------------------
16	25	18	25	
----------------------------------------

****************************************
Node 23 Forwarding Table:
17	0	-1	-1	
----------------------------------------
-1	-1	14	1	
----------------------------------------
17	2	14	2	
----------------------------------------
14	3	-1	-1	
----------------------------------------
17	4	14	4	
----------------------------------------
14	5	17	5	
----------------------------------------
14	6	-1	-1	
----------------------------------------
18	7	14	7	
----------------------------------------
-1	-1	14	8	
----------------------------------------
14	9	17	9	
----------------------------------------
14	10	18	10	
----------------------------------------
17	11	14	11	
----------------------------------------
14	12	-1	-1	
----------------------------------------
14	13	-1	-1	
----------------------------------------
14	14	17	14	
----------------------------------------
17	15	-1	-1	
----------------------------------------
-1	-1	14	16	
----------------------------------------
14	17	-1	-1	
----------------------------------------
18	18	14	18	
----------------------------------------
17	19	14	19	
----------------------------------------
-1	-1	14	20	
----------------------------------------
14	21	17	21	
----------------------------------------
14	22	-1	-1	
----------------------------------------
14	23	17	23	
----------------------------------------
-1	-1	18	24	
----------------------------------------
17	25	14	25	
----------------------------------------
-1	-1	14	26	
----------------------------------------
-1	-1	17	27	
----------------------------------------
14	28	-1	-1	
----------------------------------------
17	29	14	29	
----------------------------------------
14	30	18	30	
----------------------------------------
14	31	17	31	
----------------------------------------

****************************************
