Node 0 Forwarding Table:
1	0	3	0	
----------------------------------------
-1	-1	4	1	
----------------------------------------
1	2	3	2	
----------------------------------------
-1	-1	1	3	
----------------------------------------
1	4	3	4	
----------------------------------------
4	5	1	5	
----------------------------------------
1	6	3	6	
----------------------------------------
1	7	3	7	
----------------------------------------
1	8	3	8	
----------------------------------------
4	9	-1	-1	
----------------------------------------
-1	-1	3	10	
----------------------------------------
1	11	-1	-1	
----------------------------------------
4	12	-1	-1	
----------------------------------------
-1	-1	4	13	
----------------------------------------
4	14	1	14	
----------------------------------------
1	15	3	15	
----------------------------------------
4	16	-1	-1	
----------------------------------------
4	17	3	17	
----------------------------------------
3	18	-1	-1	
----------------------------------------
-1	-1	4	19	
----------------------------------------
-1	-1	4	20	
----------------------------------------
-1	-1	4	21	
----------------------------------------
4	22	-1	-1	
----------------------------------------
-1	-1	1	23	
----------------------------------------
3	24	-1	-1	
----------------------------------------
-1	-1	4	25	
----------------------------------------
-1	-1	3	26	
----------------------------------------
-1	-1	1	27	
----------------------------------------
4	28	1	28	
----------------------------------------
3	29	1	29	
----------------------------------------
-1	-1	1	30	
----------------------------------------
-1	-1	1	31	
----------------------------------------
3	32	-1	-1	
----------------------------------------

****************************************
Node 1 Forwarding Table:
2	0	0	0	
----------------------------------------
-1	-1	0	1	
----------------------------------------
-1	-1	7	2	
----------------------------------------
0	3	7	3	
----------------------------------------
7	4	0	4	
----------------------------------------
-1	-1	2	5	
----------------------------------------
-1	-1	7	6	
----------------------------------------
0	7	7	7	
----------------------------------------
7	8	0	8	
----------------------------------------
-1	-1	2	9	
----------------------------------------
7	10	0	10	
----------------------------------------
-1	-1	7	11	
----------------------------------------
7	12	0	12	
----------------------------------------
7	13	-1	-1	
----------------------------------------
7	14	0	14	
----------------------------------------
-1	-1	7	15	
----------------------------------------
-1	-1	7	16	
----------------------------------------
7	17	-1	-1	
----------------------------------------
0	18	7	18	
----------------------------------------
2	19	-1	-1	
----------------------------------------
-1	-1	0	20	
----------------------------------------
-1	-1	2	21	
----------------------------------------
7	22	-1	-1	
----------------------------------------
-1	-1	7	23	
----------------------------------------
-1	-1	2	24	
----------------------------------------
0	25	-1	-1	
----------------------------------------
7	26	-1	-1	
----------------------------------------
0	27	-1	-1	
----------------------------------------
7	28	-1	-1	
----------------------------------------
-1	-1	7	29	
----------------------------------------
0	30	2	30	
----------------------------------------
0	31	-1	-1	
----------------------------------------
0	32	2	32	
----------------------------------------
0	33	7	33	
----------------------------------------

****************************************
Node 2 Forwarding Table:
-1	-1	1	0	
----------------------------------------
1	1	6	1	
----------------------------------------
7	2	6	2	
----------------------------------------
1	3	6	3	
----------------------------------------
6	4	7	4	
----------------------------------------
7	5	-1	-1	
----------------------------------------
6	6	7	6	
----------------------------------------
6	7	-1	-1	
----------------------------------------
6	8	7	8	
----------------------------------------
-1	-1	6	9	
----------------------------------------
6	10	7	10	
----------------------------------------
6	11	-1	-1	
----------------------------------------
6	12	1	12	
----------------------------------------
1	13	6	13	
----------------------------------------
1	14	6	14	
----------------------------------------
7	15	6	15	
----------------------------------------
-1	-1	7	16	
----------------------------------------
1	17	-1	-1	
----------------------------------------
1	18	6	18	
----------------------------------------

****************************************
Node 3 Forwarding Table:
0	0	10	0	
----------------------------------------
4	1	5	1	
----------------------------------------
0	2	-1	-1	
----------------------------------------
4	3	-1	-1	
----------------------------------------
10	4	5	4	
----------------------------------------
0	5	-1	-1	
----------------------------------------
0	6	10	6	
----------------------------------------
10	7	5	7	
----------------------------------------
4	8	10	8	
----------------------------------------
4	9	5	9	
----------------------------------------
0	10	5	10	
----------------------------------------
0	11	-1	-1	
----------------------------------------
5	12	4	12	
----------------------------------------
4	13	5	13	
----------------------------------------
4	14	5	14	
----------------------------------------
4	15	10	15	
----------------------------------------
0	16	5	16	
----------------------------------------
5	17	10	17	
----------------------------------------
10	18	4	18	
----------------------------------------
5	19	-1	-1	
----------------------------------------
10	20	4	20	
----------------------------------------
5	21	4	21	
----------------------------------------
0	22	-1	-1	
----------------------------------------
5	23	-1	-1	
----------------------------------------
0	24	5	24	
----------------------------------------
5	25	0	25	
----------------------------------------
-1	-1	10	26	
----------------------------------------
5	27	-1	-1	
----------------------------------------
-1	-1	4	28	
----------------------------------------
5	29	0	29	
----------------------------------------
-1	-1	10	30	
----------------------------------------
0	31	-1	-1	
----------------------------------------
5	32	4	32	
----------------------------------------
-1	-1	4	33	
----------------------------------------
10	34	0	34	
----------------------------------------
5	35	-1	-1	
----------------------------------------
5	36	4	36	
----------------------------------------
-1	-1	0	37	
----------------------------------------

****************************************
Node 4 Forwarding Table:
0	0	3	0	
----------------------------------------
6	1	-1	-1	
----------------------------------------
6	2	3	2	
----------------------------------------
-1	-1	0	3	
----------------------------------------
6	4	3	4	
----------------------------------------
6	5	3	5	
----------------------------------------
3	6	-1	-1	
----------------------------------------
6	7	0	7	
----------------------------------------
6	8	3	8	
----------------------------------------
-1	-1	3	9	
----------------------------------------
6	10	3	10	
----------------------------------------
3	11	0	11	
----------------------------------------
3	12	6	12	
----------------------------------------
0	13	6	13	
----------------------------------------
3	14	-1	-1	
----------------------------------------
-1	-1	0	15	
----------------------------------------
6	16	0	16	
----------------------------------------
-1	-1	0	17	
----------------------------------------
-1	-1	6	18	
----------------------------------------
0	19	6	19	
----------------------------------------
0	20	6	20	
----------------------------------------
0	21	6	21	
----------------------------------------
3	22	-1	-1	
----------------------------------------
6	23	0	23	
----------------------------------------
0	24	6	24	
----------------------------------------
3	25	-1	-1	
----------------------------------------
3	26	6	26	
----------------------------------------
6	27	0	27	
----------------------------------------
-1	-1	6	28	
----------------------------------------
3	29	-1	-1	
----------------------------------------
6	30	-1	-1	
----------------------------------------

****************************************
Node 5 Forwarding Table:
3	0	11	0	
----------------------------------------
3	1	8	1	
----------------------------------------
3	2	8	2	
----------------------------------------
3	3	11	3	
----------------------------------------
3	4	11	4	
----------------------------------------
11	5	3	5	
----------------------------------------
3	6	-1	-1	
----------------------------------------
3	7	11	7	
----------------------------------------
3	8	11	8	
----------------------------------------
8	9	3	9	
----------------------------------------
11	10	3	10	
----------------------------------------
8	11	3	11	
----------------------------------------
11	12	3	12	
----------------------------------------
3	13	11	13	
----------------------------------------
11	14	3	14	
----------------------------------------
8	15	3	15	
----------------------------------------
-1	-1	8	16	
----------------------------------------
-1	-1	8	17	
----------------------------------------
-1	-1	8	18	
----------------------------------------
11	19	8	19	
----------------------------------------
8	20	3	20	
----------------------------------------
8	21	-1	-1	
----------------------------------------
8	22	-1	-1	
----------------------------------------
11	23	8	23	
----------------------------------------
11	24	8	24	
----------------------------------------
11	25	3	25	
----------------------------------------
8	26	-1	-1	
----------------------------------------
-1	-1	8	27	
----------------------------------------
8	28	11	28	
----------------------------------------
11	29	8	29	
----------------------------------------
8	30	3	30	
----------------------------------------
11	31	3	31	
----------------------------------------
-1	-1	8	32	
----------------------------------------
-1	-1	8	33	
----------------------------------------

****************************************
Node 6 Forwarding Table:
-1	-1	4	0	
----------------------------------------
9	1	4	1	
----------------------------------------
2	2	9	2	
----------------------------------------
2	3	9	3	
----------------------------------------
-1	-1	9	4	
----------------------------------------
9	5	-1	-1	
----------------------------------------
2	6	4	6	
----------------------------------------
-1	-1	2	7	
----------------------------------------
-1	-1	4	8	
----------------------------------------
9	9	-1	-1	
----------------------------------------
9	10	4	10	
----------------------------------------
9	11	2	11	
----------------------------------------
9	12	2	12	
----------------------------------------
-1	-1	4	13	
----------------------------------------
9	14	2	14	
----------------------------------------
9	15	4	15	
----------------------------------------
4	16	9	16	
----------------------------------------
4	17	9	17	
----------------------------------------
2	18	9	18	
----------------------------------------
9	19	2	19	
----------------------------------------
-1	-1	2	20	
----------------------------------------
-1	-1	2	21	
----------------------------------------
9	22	4	22	
----------------------------------------
2	23	9	23	
----------------------------------------
4	24	9	24	
----------------------------------------
-1	-1	9	25	
----------------------------------------
4	26	9	26	
----------------------------------------
4	27	9	27	
----------------------------------------
4	28	9	28	
----------------------------------------
9	29	-1	-1	
----------------------------------------
2	30	9	30	
----------------------------------------
9	31	4	31	
----------------------------------------
2	32	-1	-1	
----------------------------------------
4	33	9	33	
----------------------------------------
4	34	-1	-1	
----------------------------------------
-1	-1	4	35	
----------------------------------------
4	36	-1	-1	
----------------------------------------
2	37	-1	-1	
----------------------------------------
9	38	4	38	
----------------------------------------

****************************************
Node 7 Forwarding Table:
15	0	-1	-1	
----------------------------------------
-1	-1	15	1	
----------------------------------------
1	2	15	2	
----------------------------------------
1	3	-1	-1	
----------------------------------------
15	4	1	4	
----------------------------------------
1	5	15	5	
----------------------------------------
1	6	15	6	
----------------------------------------
15	7	1	7	
----------------------------------------
-1	-1	2	8	
----------------------------------------
-1	-1	15	9	
----------------------------------------
2	10	15	10	
----------------------------------------
15	11	-1	-1	
----------------------------------------
15	12	1	12	
----------------------------------------
1	13	15	13	
----------------------------------------
15	14	1	14	
----------------------------------------
15	15	2	15	
----------------------------------------
2	16	15	16	
----------------------------------------
15	17	1	17	
----------------------------------------
2	18	15	18	
----------------------------------------
15	19	1	19	
----------------------------------------
1	20	15	20	
----------------------------------------
15	21	-1	-1	
----------------------------------------
2	22	-1	-1	
----------------------------------------
1	23	15	23	
----------------------------------------
15	24	1	24	
----------------------------------------
1	25	15	25	
----------------------------------------
-1	-1	15	26	
----------------------------------------
15	27	1	27	
----------------------------------------
1	28	-1	-1	
----------------------------------------
-1	-1	2	29	
----------------------------------------
15	30	1	30	
----------------------------------------
-1	-1	1	31	
----------------------------------------
1	32	-1	-1	
----------------------------------------
2	33	-1	-1	
----------------------------------------
1	34	-1	-1	
----------------------------------------

****************************************
Node 8 Forwarding Table:
9	0	12	0	
----------------------------------------
12	1	-1	-1	
----------------------------------------
5	2	-1	-1	
----------------------------------------
9	3	12	3	
----------------------------------------
5	4	12	4	
----------------------------------------
12	5	9	5	
----------------------------------------
12	6	9	6	
----------------------------------------
9	7	-1	-1	
----------------------------------------
-1	-1	9	8	
----------------------------------------
12	9	5	9	
----------------------------------------
-1	-1	9	10	
----------------------------------------
-1	-1	5	11	
----------------------------------------
9	12	-1	-1	
----------------------------------------
12	13	5	13	
----------------------------------------
5	14	9	14	
----------------------------------------
5	15	12	15	
----------------------------------------
5	16	9	16	
----------------------------------------
5	17	12	17	
----------------------------------------
-1	-1	12	18	
----------------------------------------
9	19	5	19	
----------------------------------------
9	20	5	20	
----------------------------------------
-1	-1	12	21	
----------------------------------------
12	22	5	22	
----------------------------------------
5	23	9	23	
----------------------------------------
5	24	9	24	
----------------------------------------
9	25	5	25	
----------------------------------------
5	26	9	26	
----------------------------------------
12	27	5	27	
----------------------------------------
5	28	12	28	
----------------------------------------
9	29	12	29	
----------------------------------------
12	30	5	30	
----------------------------------------
12	31	9	31	
----------------------------------------
5	32	-1	-1	
----------------------------------------
5	33	12	33	
----------------------------------------

****************************************
Node 9 Forwarding Table:
-1	-1	8	0	
----------------------------------------
-1	-1	6	1	
----------------------------------------
6	2	-1	-1	
----------------------------------------
6	3	8	3	
----------------------------------------
6	4	14	4	
----------------------------------------
14	5	6	5	
----------------------------------------
14	6	-1	-1	
----------------------------------------
8	7	6	7	
----------------------------------------
14	8	6	8	
----------------------------------------
-1	-1	6	9	
----------------------------------------
14	10	6	10	
----------------------------------------
8	11	6	11	
----------------------------------------
14	12	6	12	
----------------------------------------
14	13	8	13	
----------------------------------------
8	14	-1	-1	
----------------------------------------
6	15	14	15	
----------------------------------------
6	16	14	16	
----------------------------------------
6	17	-1	-1	
----------------------------------------
8	18	6	18	
----------------------------------------
-1	-1	6	19	
----------------------------------------
-1	-1	14	20	
----------------------------------------
6	21	14	21	
----------------------------------------
14	22	-1	-1	
----------------------------------------
6	23	14	23	
----------------------------------------
6	24	8	24	
----------------------------------------
6	25	14	25	
----------------------------------------
6	26	-1	-1	
----------------------------------------
6	27	14	27	
----------------------------------------
14	28	-1	-1	
----------------------------------------
14	29	6	29	
----------------------------------------
8	30	-1	-1	
----------------------------------------
-1	-1	14	31	
----------------------------------------
6	32	14	32	
----------------------------------------
8	33	14	33	
----------------------------------------
14	34	6	34	
----------------------------------------
14	35	-1	-1	
----------------------------------------
-1	-1	8	36	
----------------------------------------
6	37	8	37	
----------------------------------------
8	38	-1	-1	
----------------------------------------
8	39	-1	-1	
----------------------------------------
14	40	8	40	
----------------------------------------
8	41	14	41	
----------------------------------------
-1	-1	8	42	
----------------------------------------
8	43	-1	-1	
----------------------------------------
-1	-1	6	44	
----------------------------------------

****************************************
Node 10 Forwarding Table:
3	0	11	0	
----------------------------------------
-1	-1	11	1	
----------------------------------------
-1	-1	3	2	
----------------------------------------
3	3	-1	-1	
----------------------------------------
-1	-1	3	4	
----------------------------------------
3	5	-1	-1	
----------------------------------------
-1	-1	11	6	
----------------------------------------
3	7	-1	-1	
----------------------------------------
3	8	-1	-1	
----------------------------------------
-1	-1	3	9	
----------------------------------------
-1	-1	3	10	
----------------------------------------
-1	-1	11	11	
----------------------------------------
11	12	-1	-1	
----------------------------------------
3	13	11	13	
----------------------------------------
3	14	-1	-1	
----------------------------------------
-1	-1	11	15	
----------------------------------------
11	16	3	16	
----------------------------------------
-1	-1	11	17	
----------------------------------------

****************************************
Node 11 Forwarding Table:
10	0	-1	-1	
----------------------------------------
5	1	-1	-1	
----------------------------------------
10	2	-1	-1	
----------------------------------------
17	3	-1	-1	
----------------------------------------
-1	-1	17	4	
----------------------------------------
-1	-1	17	5	
----------------------------------------
5	6	-1	-1	
----------------------------------------
5	7	-1	-1	
----------------------------------------
10	8	17	8	
----------------------------------------
17	9	5	9	
----------------------------------------
5	10	17	10	
----------------------------------------
5	11	17	11	
----------------------------------------
17	12	5	12	
----------------------------------------
17	13	-1	-1	
----------------------------------------
10	14	17	14	
----------------------------------------
17	15	10	15	
----------------------------------------
17	16	5	16	
----------------------------------------
-1	-1	17	17	
----------------------------------------
5	18	-1	-1	
----------------------------------------
17	19	5	19	
----------------------------------------
10	20	-1	-1	
----------------------------------------
-1	-1	5	21	
----------------------------------------
-1	-1	5	22	
----------------------------------------
-1	-1	5	23	
----------------------------------------
10	24	5	24	
----------------------------------------
5	25	-1	-1	
----------------------------------------
-1	-1	5	26	
----------------------------------------
-1	-1	10	27	
----------------------------------------
10	28	5	28	
----------------------------------------

****************************************
Node 12 Forwarding Table:
8	0	-1	-1	
----------------------------------------
-1	-1	18	1	
----------------------------------------
17	2	8	2	
----------------------------------------
8	3	-1	-1	
----------------------------------------
8	4	18	4	
----------------------------------------
-1	-1	8	5	
----------------------------------------
-1	-1	8	6	
----------------------------------------
-1	-1	8	7	
----------------------------------------
17	8	-1	-1	
----------------------------------------
17	9	-1	-1	
----------------------------------------
18	10	8	10	
----------------------------------------
8	11	18	11	
----------------------------------------
18	12	-1	-1	
----------------------------------------
8	13	17	13	
----------------------------------------
8	14	17	14	
----------------------------------------
8	15	18	15	
----------------------------------------
-1	-1	8	16	
----------------------------------------
18	17	8	17	
----------------------------------------
8	18	-1	-1	
----------------------------------------
8	19	17	19	
----------------------------------------
-1	-1	8	20	
----------------------------------------
17	21	-1	-1	
----------------------------------------
18	22	8	22	
----------------------------------------
-1	-1	17	23	
----------------------------------------
18	24	-1	-1	
----------------------------------------
8	25	17	25	
----------------------------------------
-1	-1	17	26	
----------------------------------------
18	27	-1	-1	
----------------------------------------
-1	-1	18	28	
----------------------------------------

****************************************
Node 13 Forwarding Table:
16	0	15	0	
----------------------------------------
15	1	16	1	
----------------------------------------
-1	-1	21	2	
----------------------------------------
16	3	15	3	
----------------------------------------
21	4	15	4	
----------------------------------------
15	5	16	5	
----------------------------------------
16	6	15	6	
----------------------------------------
15	7	16	7	
----------------------------------------
15	8	16	8	
----------------------------------------
16	9	15	9	
----------------------------------------
15	10	-1	-1	
----------------------------------------
-1	-1	15	11	
----------------------------------------
15	12	21	12	
----------------------------------------
16	13	-1	-1	
----------------------------------------
16	14	15	14	
----------------------------------------
15	15	21	15	
----------------------------------------
16	16	15	16	
----------------------------------------
21	17	15	17	
----------------------------------------
16	18	15	18	
----------------------------------------
15	19	16	19	
----------------------------------------
15	20	16	20	
----------------------------------------
16	21	15	21	
----------------------------------------
15	22	21	22	
----------------------------------------
15	23	21	23	
----------------------------------------
15	24	16	24	
----------------------------------------
21	25	15	25	
----------------------------------------
-1	-1	21	26	
----------------------------------------
16	27	15	27	
----------------------------------------
16	28	-1	-1	
----------------------------------------
-1	-1	16	29	
----------------------------------------
-1	-1	21	30	
----------------------------------------
-1	-1	16	31	
----------------------------------------
-1	-1	16	32	
----------------------------------------
-1	-1	21	33	
----------------------------------------

****************************************
Node 14 Forwarding Table:
23	0	-1	-1	
----------------------------------------
23	1	19	1	
----------------------------------------
19	2	23	2	
----------------------------------------
23	3	-1	-1	
----------------------------------------
9	4	23	4	
----------------------------------------
23	5	9	5	
----------------------------------------
-1	-1	9	6	
----------------------------------------
23	7	19	7	
----------------------------------------
23	8	-1	-1	
----------------------------------------
23	9	9	9	
----------------------------------------
23	10	9	10	
----------------------------------------
-1	-1	9	11	
----------------------------------------
19	12	9	12	
----------------------------------------
-1	-1	23	13	
----------------------------------------
9	14	-1	-1	
----------------------------------------
9	15	-1	-1	
----------------------------------------
19	16	23	16	
----------------------------------------
9	17	23	17	
----------------------------------------
9	18	23	18	
----------------------------------------
-1	-1	23	19	
----------------------------------------
23	20	9	20	
----------------------------------------
9	21	23	21	
----------------------------------------
9	22	19	22	
----------------------------------------
9	23	-1	-1	
----------------------------------------
19	24	9	24	
----------------------------------------
-1	-1	9	25	
----------------------------------------
23	26	-1	-1	
----------------------------------------
9	27	-1	-1	
----------------------------------------
9	28	23	28	
----------------------------------------
9	29	-1	-1	
----------------------------------------
19	30	9	30	
----------------------------------------
23	31	9	31	
----------------------------------------
23	32	-1	-1	
----------------------------------------
-1	-1	23	33	
----------------------------------------
-1	-1	19	34	
----------------------------------------
19	35	9	35	
----------------------------------------
9	36	23	36	
----------------------------------------
-1	-1	23	37	
----------------------------------------
-1	-1	19	38	
----------------------------------------
19	39	-1	-1	
----------------------------------------
19	40	23	40	
----------------------------------------

****************************************
Node 15 Forwarding Table:
13	0	7	0	
----------------------------------------
7	1	13	1	
----------------------------------------
7	2	-1	-1	
----------------------------------------
-1	-1	19	3	
----------------------------------------
13	4	7	4	
----------------------------------------
7	5	-1	-1	
----------------------------------------
7	6	-1	-1	
----------------------------------------
19	7	7	7	
----------------------------------------
13	8	-1	-1	
----------------------------------------
7	9	-1	-1	
----------------------------------------
7	10	13	10	
----------------------------------------
13	11	7	11	
----------------------------------------
-1	-1	7	12	
----------------------------------------
-1	-1	13	13	
----------------------------------------
7	14	13	14	
----------------------------------------
13	15	7	15	
----------------------------------------
19	16	7	16	
----------------------------------------
7	17	13	17	
----------------------------------------
13	18	7	18	
----------------------------------------
7	19	-1	-1	
----------------------------------------
-1	-1	13	20	
----------------------------------------
13	21	7	21	
----------------------------------------
-1	-1	19	22	
----------------------------------------
7	23	13	23	
----------------------------------------
13	24	-1	-1	
----------------------------------------
13	25	7	25	
----------------------------------------
13	26	-1	-1	
----------------------------------------
7	27	13	27	
----------------------------------------
-1	-1	13	28	
----------------------------------------
13	29	7	29	
----------------------------------------
7	30	13	30	
----------------------------------------
-1	-1	13	31	
----------------------------------------
7	32	13	32	
----------------------------------------
13	33	-1	-1	
----------------------------------------
-1	-1	19	34	
----------------------------------------
19	35	7	35	
----------------------------------------
13	36	7	36	
----------------------------------------
19	37	-1	-1	
----------------------------------------
19	38	-1	-1	
----------------------------------------
-1	-1	19	39	
----------------------------------------
-1	-1	19	40	
----------------------------------------

****************************************
Node 16 Forwarding Table:
22	0	13	0	
----------------------------------------
13	1	20	1	
----------------------------------------
22	2	-1	-1	
----------------------------------------
22	3	13	3	
----------------------------------------
13	4	20	4	
----------------------------------------
-1	-1	13	5	
----------------------------------------
13	6	20	6	
----------------------------------------
13	7	-1	-1	
----------------------------------------
-1	-1	13	8	
----------------------------------------
22	9	13	9	
----------------------------------------
22	10	13	10	
----------------------------------------
20	11	13	11	
----------------------------------------
20	12	-1	-1	
----------------------------------------
22	13	-1	-1	
----------------------------------------
-1	-1	13	14	
----------------------------------------
13	15	20	15	
----------------------------------------
13	16	22	16	
----------------------------------------
-1	-1	13	17	
----------------------------------------
13	18	22	18	
----------------------------------------
22	19	-1	-1	
----------------------------------------
-1	-1	22	20	
----------------------------------------
22	21	-1	-1	
----------------------------------------
22	22	-1	-1	
----------------------------------------
22	23	13	23	
----------------------------------------
20	24	13	24	
----------------------------------------
13	25	22	25	
----------------------------------------
20	26	-1	-1	
----------------------------------------
-1	-1	22	27	
----------------------------------------
13	28	22	28	
----------------------------------------
13	29	22	29	
----------------------------------------

****************************************
Node 17 Forwarding Table:
21	0	23	0	
----------------------------------------
-1	-1	23	1	
----------------------------------------
21	2	-1	-1	
----------------------------------------
21	3	23	3	
----------------------------------------
21	4	12	4	
----------------------------------------
-1	-1	11	5	
----------------------------------------
11	6	21	6	
----------------------------------------
11	7	21	7	
----------------------------------------
-1	-1	23	8	
----------------------------------------
11	9	-1	-1	
----------------------------------------
-1	-1	11	10	
----------------------------------------
-1	-1	23	11	
----------------------------------------
11	12	-1	-1	
----------------------------------------
11	13	-1	-1	
----------------------------------------
21	14	11	14	
----------------------------------------
21	15	11	15	
----------------------------------------
-1	-1	21	16	
----------------------------------------
11	17	23	17	
----------------------------------------
21	18	11	18	
----------------------------------------
-1	-1	11	19	
----------------------------------------
11	20	21	20	
----------------------------------------
-1	-1	23	21	
----------------------------------------
-1	-1	12	22	
----------------------------------------
21	23	12	23	
----------------------------------------
21	24	11	24	
----------------------------------------
23	25	21	25	
----------------------------------------
23	26	21	26	
----------------------------------------
-1	-1	23	27	
----------------------------------------
12	28	-1	-1	
----------------------------------------
12	29	-1	-1	
----------------------------------------
-1	-1	21	30	
----------------------------------------
-1	-1	23	31	
----------------------------------------
23	32	-1	-1	
----------------------------------------
12	33	-1	-1	
----------------------------------------
21	34	12	34	
----------------------------------------
23	35	21	35	
----------------------------------------
12	36	21	36	
----------------------------------------
12	37	-1	-1	
----------------------------------------
12	38	21	38	
----------------------------------------
23	39	21	39	
----------------------------------------

****************************************
Node 18 Forwarding Table:
-1	-1	22	0	
----------------------------------------
12	1	22	1	
----------------------------------------
12	2	-1	-1	
----------------------------------------
-1	-1	23	3	
----------------------------------------
-1	-1	23	4	
----------------------------------------
-1	-1	22	5	
----------------------------------------
23	6	-1	-1	
----------------------------------------
23	7	-1	-1	
----------------------------------------
23	8	-1	-1	
----------------------------------------
-1	-1	23	9	
----------------------------------------
23	10	22	10	
----------------------------------------
-1	-1	12	11	
----------------------------------------
-1	-1	22	12	
----------------------------------------
12	13	-1	-1	
----------------------------------------
22	14	23	14	
----------------------------------------
22	15	12	15	
----------------------------------------
-1	-1	23	16	
----------------------------------------
-1	-1	23	17	
----------------------------------------
12	18	22	18	
----------------------------------------
23	19	22	19	
----------------------------------------
22	20	-1	-1	
----------------------------------------
23	21	-1	-1	
----------------------------------------
22	22	12	22	
----------------------------------------
23	23	12	23	
----------------------------------------
22	24	12	24	
----------------------------------------
22	25	12	25	
----------------------------------------
-1	-1	22	26	
----------------------------------------
22	27	-1	-1	
----------------------------------------
12	28	22	28	
----------------------------------------

****************************************
Node 19 Forwarding Table:
14	0	-1	-1	
----------------------------------------
15	1	14	1	
----------------------------------------
-1	-1	15	2	
----------------------------------------
-1	-1	15	3	
----------------------------------------
14	4	-1	-1	
----------------------------------------
-1	-1	14	5	
----------------------------------------
15	6	-1	-1	
----------------------------------------
15	7	14	7	
----------------------------------------
14	8	-1	-1	
----------------------------------------
-1	-1	15	9	
----------------------------------------
-1	-1	14	10	
----------------------------------------
-1	-1	14	11	
----------------------------------------
14	12	15	12	
----------------------------------------
-1	-1	14	13	
----------------------------------------
14	14	15	14	
----------------------------------------
15	15	14	15	
----------------------------------------
15	16	14	16	
----------------------------------------

****************************************
Node 20 Forwarding Table:
-1	-1	21	0	
----------------------------------------
16	1	-1	-1	
----------------------------------------
22	2	21	2	
----------------------------------------
16	3	-1	-1	
----------------------------------------
16	4	-1	-1	
----------------------------------------
-1	-1	16	5	
----------------------------------------
-1	-1	16	6	
----------------------------------------
16	7	-1	-1	
----------------------------------------
21	8	22	8	
----------------------------------------
22	9	21	9	
----------------------------------------
-1	-1	21	10	
----------------------------------------
-1	-1	22	11	
----------------------------------------
21	12	22	12	
----------------------------------------
-1	-1	22	13	
----------------------------------------
-1	-1	16	14	
----------------------------------------
21	15	16	15	
----------------------------------------
22	16	21	16	
----------------------------------------

****************************************
Node 21 Forwarding Table:
20	0	17	0	
----------------------------------------
13	1	-1	-1	
----------------------------------------
20	2	17	2	
----------------------------------------
-1	-1	17	3	
----------------------------------------
-1	-1	17	4	
----------------------------------------
17	5	13	5	
----------------------------------------
17	6	-1	-1	
----------------------------------------
13	7	-1	-1	
----------------------------------------
13	8	-1	-1	
----------------------------------------
-1	-1	17	9	
----------------------------------------
-1	-1	13	10	
----------------------------------------
13	11	-1	-1	
----------------------------------------
13	12	17	12	
----------------------------------------
17	13	20	13	
----------------------------------------
20	14	17	14	
----------------------------------------
17	15	13	15	
----------------------------------------
20	16	17	16	
----------------------------------------
13	17	17	17	
----------------------------------------
17	18	-1	-1	
----------------------------------------
17	19	-1	-1	
----------------------------------------
-1	-1	20	20	
----------------------------------------
17	21	-1	-1	
----------------------------------------
-1	-1	17	22	
----------------------------------------
17	23	20	23	
----------------------------------------
17	24	-1	-1	
----------------------------------------
13	25	-1	-1	
----------------------------------------
17	26	-1	-1	
----------------------------------------
17	27	-1	-1	
----------------------------------------
20	28	-1	-1	
----------------------------------------
13	29	-1	-1	
----------------------------------------

****************************************
Node 22 Forwarding Table:
18	0	16	0	
----------------------------------------
-1	-1	20	1	
----------------------------------------
18	2	16	2	
----------------------------------------
-1	-1	16	3	
----------------------------------------
18	4	16	4	
----------------------------------------
-1	-1	16	5	
----------------------------------------
-1	-1	16	6	
----------------------------------------
16	7	-1	-1	
----------------------------------------
20	8	-1	-1	
----------------------------------------
16	9	-1	-1	
----------------------------------------
-1	-1	20	10	
----------------------------------------
18	11	-1	-1	
----------------------------------------
18	12	16	12	
----------------------------------------
16	13	18	13	
----------------------------------------
20	14	18	14	
----------------------------------------
20	15	-1	-1	
----------------------------------------
18	16	16	16	
----------------------------------------
18	17	16	17	
----------------------------------------
-1	-1	16	18	
----------------------------------------
20	19	18	19	
----------------------------------------
-1	-1	18	20	
----------------------------------------
16	21	-1	-1	
----------------------------------------
16	22	18	22	
----------------------------------------
16	23	18	23	
----------------------------------------
18	24	-1	-1	
----------------------------------------
16	25	18	25	
----------------------------------------
18	26	20	26	
----------------------------------------

****************************************
Node 23 Forwarding Table:
17	0	-1	-1	
----------------------------------------
-1	-1	14	1	
----------------------------------------
17	2	14	2	
----------------------------------------
14	3	-1	-1	
----------------------------------------
17	4	14	4	
----------------------------------------
14	5	-1	-1	
----------------------------------------
17	6	14	6	
----------------------------------------
18	7	14	7	
----------------------------------------
-1	-1	14	8	
----------------------------------------
18	9	14	9	
----------------------------------------
17	10	14	10	
----------------------------------------
14	11	18	11	
----------------------------------------
17	12	-1	-1	
----------------------------------------
17	13	18	13	
----------------------------------------
14	14	18	14	
----------------------------------------
14	15	-1	-1	
----------------------------------------
14	16	17	16	
----------------------------------------
14	17	17	17	
----------------------------------------
18	18	14	18	
----------------------------------------
14	19	18	19	
----------------------------------------
17	20	-1	-1	
----------------------------------------
18	21	14	21	
----------------------------------------
14	22	-1	-1	
----------------------------------------
18	23	14	23	
----------------------------------------
18	24	14	24	
----------------------------------------
14	25	18	25	
----------------------------------------
14	26	-1	-1	
----------------------------------------
17	27	18	27	
----------------------------------------
14	28	17	28	
----------------------------------------
-1	-1	17	29	
----------------------------------------
-1	-1	18	30	
----------------------------------------
14	31	17	31	
----------------------------------------

****************************************
