0	20	23
20->21->17->23
0,0,0,-1
1.9
----------------------------------------
1	2	11
2->1->0->3->10->11
0,0,0,0,0,-1
2.4000000000000004
----------------------------------------
2	18	7
18->22->16->13->15->7
0,0,0,0,0,-1
2.0
----------------------------------------
3	23	14
23->14
1,-1
0.5
----------------------------------------
4	0	11
0->4->3->5->11
1,0,1,0,-1
1.7
----------------------------------------
5	1	3
1->0->3
1,2,-1
0.8
----------------------------------------
6	9	12
9->8->12
0,0,-1
0.8999999999999999
----------------------------------------
7	17	19
17->23->14->19
1,2,1,-1
2.2
----------------------------------------
8	7	20
7->15->13->16->20
1,1,1,1,-1
1.0
----------------------------------------
9	13	21
13->21
2,-1
0.8
----------------------------------------
10	1	15
1->7->15
2,2,-1
0.6
----------------------------------------
11	0	7
0->1->7
3,3,-1
0.9
----------------------------------------
12	22	17
22->20->21->17
1,2,2,-1
1.9000000000000001
----------------------------------------
13	15	23
15->19->14->23
3,1,2,-1
2.0
----------------------------------------
14	12	16
12->18->22->16
1,1,2,-1
2.1
----------------------------------------
15	6	4
6->4
0,-1
0.6
----------------------------------------
16	21	14
21->17->23->14
3,3,4,-1
2.1
----------------------------------------
17	10	11
10->11
1,-1
0.8
----------------------------------------
18	21	8
21->17->12->8
4,4,2,-1
1.5999999999999999
----------------------------------------
19	9	3
9->6->4->3
1,1,2,-1
1.4
----------------------------------------
20	10	8
10->3->5->8
2,4,1,-1
1.7
----------------------------------------
21	22	3
22->16->13->15->7->1->0->3
3,3,3,4,4,4,4,-1
2.5
----------------------------------------
22	1	9
1->2->6->9
5,1,2,-1
1.0
----------------------------------------
23	1	15
1->7->15
6,5,-1
0.6
----------------------------------------
24	4	15
4->0->1->7->15
3,5,7,6,-1
1.2000000000000002
----------------------------------------
25	19	10
19->15->7->1->0->3->10
2,7,7,8,6,6,-1
2.6999999999999997
----------------------------------------
26	17	11
17->11
5,-1
0.7
----------------------------------------
27	7	12
7->2->6->9->8->12
8,2,3,3,3,-1
2.2
----------------------------------------
28	11	15
11->17->21->13->15
4,6,5,4,-1
2.5
----------------------------------------
29	10	18
10->3->5->8->12->18
4,7,2,4,4,-1
2.5999999999999996
----------------------------------------
30	6	23
6->9->14->23
4,4,4,-1
1.0
----------------------------------------
31	7	15
7->15
9,-1
0.09999999999999998
----------------------------------------
32	11	21
11->17->21
5,7,-1
1.4
----------------------------------------
33	17	6
17->23->14->9->6
8,6,5,5,-1
1.9
----------------------------------------
34	1	10
1->2->6->4->3->10
9,3,6,4,8,-1
2.2
----------------------------------------
35	6	20
6->2->7->15->13->16->20
7,4,10,10,5,4,-1
1.9
----------------------------------------
36	16	7
16->13->15->7
5,6,11,-1
0.6
----------------------------------------
37	6	11
6->4->3->5->11
8,5,9,3,-1
2.0999999999999996
----------------------------------------
38	15	11
15->7->1->0->3->5->11
12,12,10,7,10,4,-1
2.5
----------------------------------------
39	15	20
15->13->16->20
13,7,6,-1
0.9
----------------------------------------
40	1	16
1->7->15->13->16
11,13,14,8,-1
1.1
----------------------------------------
41	10	17
10->11->17
6,8,-1
1.5
----------------------------------------
42	16	3
16->13->15->7->1->0->3
8,9,15,14,12,8,-1
1.9
----------------------------------------
43	14	9
14->9
6,-1
0.09999999999999998
----------------------------------------
44	12	6
12->8->9->6
5,5,7,-1
1.2999999999999998
----------------------------------------
45	17	4
17->11->5->3->4
10,9,5,12,-1
2.1999999999999997
----------------------------------------
46	19	2
19->15->7->2
3,16,15,-1
1.2999999999999998
----------------------------------------
47	18	19
18->23->14->19
3,7,7,-1
1.7000000000000002
----------------------------------------
48	23	14
23->14
8,-1
0.5
----------------------------------------
49	18	0
18->23->14->9->6->4->0
4,9,9,8,10,7,-1
2.2
----------------------------------------
50	9	13
9->6->2->7->15->13
9,11,6,16,17,-1
1.7
----------------------------------------
51	13	1
13->15->7->1
11,18,17,-1
0.9
----------------------------------------
52	17	2
17->23->14->9->6->2
11,10,10,10,12,-1
2.3
----------------------------------------
53	6	5
6->4->3->5
13,8,13,-1
1.4
----------------------------------------
54	12	15
12->8->9->6->2->7->15
6,6,11,14,8,18,-1
2.3
----------------------------------------
55	4	17
4->3->5->11->17
9,14,7,10,-1
2.2
----------------------------------------
56	15	21
15->13->21
20,12,-1
1.1
----------------------------------------
57	14	10
14->9->6->4->3->10
11,12,15,10,15,-1
2.1
----------------------------------------
58	19	8
19->14->9->8
5,12,13,-1
1.6
----------------------------------------
59	18	13
18->22->16->13
5,4,9,-1
1.5999999999999999
----------------------------------------
60	0	17
0->3->5->11->17
10,16,8,11,-1
2.2
----------------------------------------
61	22	0
22->16->13->15->7->1->0
5,10,14,21,19,14,-1
2.1
----------------------------------------
62	15	19
15->19
22,-1
0.7
----------------------------------------
63	1	21
1->7->15->13->21
15,20,23,15,-1
1.7000000000000002
----------------------------------------
64	8	9
8->9
8,-1
0.7
----------------------------------------
65	20	15
20->16->13->15
5,11,16,-1
0.9
----------------------------------------
66	12	10
12->8->5->3->10
7,9,9,17,-1
1.9
----------------------------------------
67	10	0
10->3->4->0
9,18,11,-1
1.2
----------------------------------------
68	14	18
14->23->18
13,11,-1
0.9
----------------------------------------
69	21	3
21->17->11->5->3
9,14,12,10,-1
2.4999999999999996
----------------------------------------
70	21	7
21->13->15->7
10,17,25,-1
1.2000000000000002
----------------------------------------
71	20	16
20->16
6,-1
0.4
----------------------------------------
72	22	16
22->16
6,-1
0.6
----------------------------------------
73	10	14
10->3->4->6->9->14
10,20,12,16,15,-1
2.1
----------------------------------------
74	0	14
0->4->6->9->14
13,13,17,16,-1
1.2999999999999998
----------------------------------------
75	2	9
2->6->9
9,18,-1
0.8
----------------------------------------
76	8	7
8->9->6->2->7
10,18,19,10,-1
2.0
----------------------------------------
77	16	15
16->13->15
14,18,-1
0.5
----------------------------------------
78	1	20
1->7->15->13->16->20
16,23,27,19,15,-1
1.5
----------------------------------------
79	6	2
6->2
20,-1
0.4
----------------------------------------
80	15	22
15->13->16->22
28,20,16,-1
1.1
----------------------------------------
81	8	4
8->5->3->4
11,11,21,-1
1.5
----------------------------------------
82	16	1
16->13->15->7->1
17,21,29,24,-1
1.1
----------------------------------------
83	4	21
4->0->1->7->15->13->21
15,14,18,25,30,22,-1
2.3000000000000003
----------------------------------------
84	6	1
6->2->1
21,12,-1
0.6
----------------------------------------
85	1	3
1->0->3
20,15,-1
0.8
----------------------------------------
86	9	0
9->6->4->0
19,22,16,-1
1.2
----------------------------------------
87	15	11
15->13->21->17->11
31,23,12,15,-1
2.5
----------------------------------------
88	17	22
17->21->20->22
16,13,8,-1
1.9
----------------------------------------
89	10	23
10->11->17->23
11,14,17,-1
2.4
----------------------------------------
90	7	22
7->15->13->16->22
26,32,24,18,-1
1.2
----------------------------------------
91	22	10
22->20->21->17->11->10
10,9,14,18,15,-1
3.4000000000000004
----------------------------------------
92	17	3
17->11->5->3
19,16,12,-1
1.7999999999999998
----------------------------------------
93	11	15
11->17->21->13->15
17,20,15,25,-1
2.5
----------------------------------------
94	17	18
17->23->18
21,13,-1
1.3
----------------------------------------
95	17	12
17->12
22,-1
0.7
----------------------------------------
96	20	12
20->21->17->12
10,16,23,-1
1.7
----------------------------------------
97	15	18
15->19->14->23->18
34,7,16,14,-1
2.4
----------------------------------------
98	9	23
9->14->23
20,17,-1
0.6
----------------------------------------
99	4	11
4->0->3->5->11
17,17,24,13,-1
1.7
----------------------------------------
100	13	0
13->21->17->11->5->3->0
26,17,24,19,14,25,-1
3.7
----------------------------------------
101	1	21
1->2->6->9->14->23->17->21
21,13,23,21,18,16,25,-1
3.2
----------------------------------------
102	14	21
14->23->17->21
19,17,26,-1
2.0999999999999996
----------------------------------------
103	18	9
18->23->14->9
9,18,20,-1
1.0
----------------------------------------
104	4	22
4->6->9->14->23->18->22
18,24,23,21,19,10,-1
2.8
----------------------------------------
105	3	11
3->10->11
26,13,-1
1.4
----------------------------------------
106	6	8
6->9->8
25,24,-1
1.1
----------------------------------------
107	0	19
0->4->6->9->14->19
19,19,26,25,22,-1
2.0999999999999996
----------------------------------------
108	17	23
17->23
27,-1
0.9
----------------------------------------
109	0	9
0->4->6->9
20,20,27,-1
1.2
----------------------------------------
110	19	1
19->15->7->1
9,35,27,-1
1.2999999999999998
----------------------------------------
111	0	14
0->4->6->9->14
21,21,28,27,-1
1.2999999999999998
----------------------------------------
112	1	7
1->7
23,-1
0.5
----------------------------------------
113	19	9
19->14->9
10,24,-1
0.9
----------------------------------------
114	14	6
14->9->6
25,29,-1
0.5
----------------------------------------
115	18	3
18->12->8->5->3
11,10,13,15,-1
2.0
----------------------------------------
116	5	9
5->8->9
16,14,-1
1.4
----------------------------------------
117	18	16
18->22->16
12,12,-1
1.4
----------------------------------------
118	5	18
5->8->12->18
17,15,11,-1
1.5999999999999999
----------------------------------------
119	16	14
16->22->18->23->14
20,13,14,21,-1
2.3
----------------------------------------
120	20	12
20->22->18->12
11,14,15,-1
2.4000000000000004
----------------------------------------
121	9	14
9->14
31,-1
0.09999999999999998
----------------------------------------
122	1	23
1->2->6->9->14->23
24,14,30,32,28,-1
1.6
----------------------------------------
123	5	14
5->8->9->14
18,16,33,-1
1.5
----------------------------------------
124	3	4
3->4
28,-1
0.4
----------------------------------------
125	11	17
11->5->8->12->17
21,19,17,13,-1
2.3
----------------------------------------
126	8	17
8->12->17
18,14,-1
0.8999999999999999
----------------------------------------
127	19	0
19->14->9->6->4->0
11,30,34,31,23,-1
2.0999999999999996
----------------------------------------
128	0	1
0->1
23,-1
0.4
----------------------------------------
129	18	9
18->23->14->9
16,23,31,-1
1.0
----------------------------------------
130	18	14
18->23->14
17,24,-1
0.9
----------------------------------------
131	7	6
7->2->6
29,15,-1
0.9
----------------------------------------
132	21	22
21->20->22
20,12,-1
1.2000000000000002
----------------------------------------
133	9	0
9->8->5->3->0
36,19,20,29,-1
2.1999999999999997
----------------------------------------
134	0	5
0->4->6->9->8->5
25,24,33,37,20,-1
2.5999999999999996
----------------------------------------
135	8	16
8->12->18->22->16
21,15,18,16,-1
2.3
----------------------------------------
136	12	5
12->8->5
16,22,-1
0.8999999999999999
----------------------------------------
137	3	10
3->10
30,-1
0.6
----------------------------------------
138	11	9
11->5->8->9
22,23,23,-1
2.0999999999999996
----------------------------------------
139	11	9
11->5->8->9
23,24,24,-1
2.0999999999999996
----------------------------------------
140	14	16
14->23->18->22->16
33,25,19,17,-1
2.3000000000000003
----------------------------------------
141	0	3
0->3
26,-1
0.4
----------------------------------------
142	22	1
22->16->13->15->7->1
18,23,27,36,30,-1
1.7000000000000002
----------------------------------------
143	10	4
10->11->5->3->4
15,24,25,32,-1
2.3
----------------------------------------
144	0	1
0->1
27,-1
0.4
----------------------------------------
145	14	15
14->19->15
34,12,-1
1.5
----------------------------------------
146	19	5
19->14->9->8->5
13,35,40,25,-1
2.3
----------------------------------------
147	3	6
3->4->6
33,26,-1
1.0
----------------------------------------
148	20	18
20->22->18
13,19,-1
1.7000000000000002
----------------------------------------
149	20	13
20->16->13
14,24,-1
0.6
----------------------------------------
150	7	1
7->1
31,-1
0.5
----------------------------------------
151	17	21
17->21
30,-1
0.7
----------------------------------------
152	5	23
5->8->9->14->23
27,26,41,36,-1
2.0
----------------------------------------
153	1	7
1->7
29,-1
0.5
----------------------------------------
154	17	18
17->23->18
31,27,-1
1.3
----------------------------------------
155	14	17
14->23->17
37,28,-1
1.4
----------------------------------------
156	22	11
22->18->12->8->5->11
20,22,17,27,28,-1
3.0999999999999996
----------------------------------------
157	11	12
11->5->8->12
26,29,28,-1
1.5999999999999999
----------------------------------------
158	2	7
2->7
16,-1
0.5
----------------------------------------
159	6	2
6->4->0->1->2
35,27,28,30,-1
1.4
----------------------------------------
160	11	1
11->10->3->0->1
27,16,34,29,-1
2.1999999999999997
----------------------------------------
161	14	15
14->19->15
38,14,-1
1.5
----------------------------------------
162	9	17
9->8->12->17
42,29,19,-1
1.5999999999999999
----------------------------------------
163	13	22
13->16->22
29,25,-1
0.7999999999999999
----------------------------------------
164	12	3
12->8->5->3
20,30,30,-1
1.2999999999999998
----------------------------------------
165	21	12
21->17->12
22,34,-1
1.4
----------------------------------------
166	23	16
23->17->21->20->16
29,35,23,15,-1
2.3000000000000003
----------------------------------------
167	4	6
4->6
28,-1
0.6
----------------------------------------
168	23	9
23->18->12->8->9
30,23,22,31,-1
2.0
----------------------------------------
169	12	21
12->17->21
23,36,-1
1.4
----------------------------------------
170	13	21
13->21
30,-1
0.8
----------------------------------------
171	0	6
0->1->2->6
30,32,18,-1
1.0
----------------------------------------
172	10	4
10->11->5->3->4
17,28,31,36,-1
2.3
----------------------------------------
173	5	8
5->8
32,-1
0.7
----------------------------------------
174	15	14
15->19->14
39,15,-1
1.5
----------------------------------------
175	16	12
16->22->18->12
27,22,24,-1
2.0999999999999996
----------------------------------------
176	5	17
5->8->12->17
33,33,25,-1
1.5999999999999999
----------------------------------------
177	0	7
0->1->7
31,33,-1
0.9
----------------------------------------
178	12	21
12->17->21
26,38,-1
1.4
----------------------------------------
179	13	12
13->16->22->18->12
31,28,23,25,-1
2.3
----------------------------------------
180	15	21
15->19->14->23->17->21
40,16,40,31,39,-1
3.5999999999999996
----------------------------------------
181	18	22
18->22
26,-1
0.8
----------------------------------------
182	3	0
3->0
37,-1
0.4
----------------------------------------
183	13	18
13->16->22->18
32,29,25,-1
1.6
----------------------------------------
184	9	4
9->6->4
44,38,-1
1.0
----------------------------------------
185	12	21
12->18->22->20->21
28,28,26,16,-1
2.7
----------------------------------------
186	13	21
13->21
33,-1
0.8
----------------------------------------
