0	20	23
20->21->17->23
0,0,0,-1
1.9
----------------------------------------
1	2	11
2->1->0->3->10->11
0,0,0,0,0,-1
2.4000000000000004
----------------------------------------
2	18	7
18->22->16->13->15->7
0,0,0,0,0,-1
2.0
----------------------------------------
3	23	14
23->14
1,-1
0.5
----------------------------------------
4	0	11
0->4->3->5->11
1,0,1,0,-1
1.7
----------------------------------------
5	1	3
1->0->3
1,2,-1
0.8
----------------------------------------
6	9	12
9->8->12
0,0,-1
0.8999999999999999
----------------------------------------
7	17	19
17->23->14->19
1,2,1,-1
2.2
----------------------------------------
8	7	20
7->15->13->16->20
1,1,1,1,-1
1.0
----------------------------------------
9	13	21
13->21
2,-1
0.8
----------------------------------------
10	1	15
1->7->15
2,2,-1
0.6
----------------------------------------
11	0	7
0->1->7
3,3,-1
0.9
----------------------------------------
12	22	17
22->20->21->17
1,2,2,-1
1.9000000000000001
----------------------------------------
13	15	23
15->19->14->23
3,1,2,-1
2.0
----------------------------------------
14	12	16
12->18->22->16
1,1,2,-1
2.1
----------------------------------------
15	6	4
6->4
0,-1
0.6
----------------------------------------
16	21	14
21->17->23->14
3,3,4,-1
2.1
----------------------------------------
17	10	11
10->11
1,-1
0.8
----------------------------------------
18	21	8
21->17->12->8
4,4,2,-1
1.5999999999999999
----------------------------------------
19	9	3
9->6->4->3
1,1,2,-1
1.4
----------------------------------------
20	10	8
10->3->5->8
2,4,1,-1
1.7
----------------------------------------
21	22	3
22->16->13->15->7->1->0->3
3,3,3,4,4,4,4,-1
2.5
----------------------------------------
22	1	9
1->2->6->9
5,1,2,-1
1.0
----------------------------------------
23	1	15
1->7->15
6,5,-1
0.6
----------------------------------------
24	4	15
4->0->1->7->15
3,5,7,6,-1
1.2000000000000002
----------------------------------------
25	19	10
19->15->7->1->0->3->10
2,7,7,8,6,6,-1
2.6999999999999997
----------------------------------------
26	17	11
17->11
5,-1
0.7
----------------------------------------
27	7	12
7->2->6->9->8->12
8,2,3,3,3,-1
2.2
----------------------------------------
28	11	15
11->17->21->13->15
4,6,5,4,-1
2.5
----------------------------------------
29	10	18
10->3->5->8->12->18
4,7,2,4,4,-1
2.5999999999999996
----------------------------------------
30	6	23
6->9->14->23
4,4,4,-1
1.0
----------------------------------------
31	7	15
7->15
9,-1
0.09999999999999998
----------------------------------------
32	11	21
11->17->21
5,7,-1
1.4
----------------------------------------
33	17	6
17->23->14->9->6
8,6,5,5,-1
1.9
----------------------------------------
34	1	10
1->2->6->4->3->10
9,3,6,4,8,-1
2.2
----------------------------------------
35	6	20
6->2->7->15->13->16->20
7,4,10,10,5,4,-1
1.9
----------------------------------------
36	16	7
16->13->15->7
5,6,11,-1
0.6
----------------------------------------
37	6	11
6->4->3->5->11
8,5,9,3,-1
2.0999999999999996
----------------------------------------
38	15	11
15->7->1->0->3->5->11
12,12,10,7,10,4,-1
2.5
----------------------------------------
39	15	20
15->13->16->20
13,7,6,-1
0.9
----------------------------------------
40	1	16
1->7->15->13->16
11,13,14,8,-1
1.1
----------------------------------------
41	10	17
10->11->17
6,8,-1
1.5
----------------------------------------
42	16	3
16->13->15->7->1->0->3
8,9,15,14,12,8,-1
1.9
----------------------------------------
43	14	9
14->9
6,-1
0.09999999999999998
----------------------------------------
44	12	6
12->8->9->6
5,5,7,-1
1.2999999999999998
----------------------------------------
45	17	4
17->11->5->3->4
10,9,5,12,-1
2.1999999999999997
----------------------------------------
46	19	2
19->15->7->2
3,16,15,-1
1.2999999999999998
----------------------------------------
47	18	19
18->23->14->19
3,7,7,-1
1.7000000000000002
----------------------------------------
48	23	14
23->14
8,-1
0.5
----------------------------------------
49	18	0
18->23->14->9->6->4->0
4,9,9,8,10,7,-1
2.2
----------------------------------------
50	9	13
9->6->2->7->15->13
9,11,6,16,17,-1
1.7
----------------------------------------
51	13	1
13->15->7->1
11,18,17,-1
0.9
----------------------------------------
52	17	2
17->23->14->9->6->2
11,10,10,10,12,-1
2.3
----------------------------------------
53	6	5
6->4->3->5
13,8,13,-1
1.4
----------------------------------------
54	12	15
12->8->9->6->2->7->15
6,6,11,14,8,18,-1
2.3
----------------------------------------
55	4	17
4->3->5->11->17
9,14,7,10,-1
2.2
----------------------------------------
56	15	21
15->13->21
20,12,-1
1.1
----------------------------------------
57	14	10
14->9->6->4->3->10
11,12,15,10,15,-1
2.1
----------------------------------------
58	19	8
19->14->9->8
5,12,13,-1
1.6
----------------------------------------
59	18	13
18->22->16->13
5,4,9,-1
1.5999999999999999
----------------------------------------
60	0	17
0->3->5->11->17
10,16,8,11,-1
2.2
----------------------------------------
61	22	0
22->16->13->15->7->1->0
5,10,14,21,19,14,-1
2.1
----------------------------------------
62	15	19
15->19
22,-1
0.7
----------------------------------------
63	1	21
1->7->15->13->21
15,20,23,15,-1
1.7000000000000002
----------------------------------------
64	8	9
8->9
8,-1
0.7
----------------------------------------
65	20	15
20->16->13->15
5,11,16,-1
0.9
----------------------------------------
66	12	10
12->8->5->3->10
7,9,9,17,-1
1.9
----------------------------------------
67	10	0
10->3->4->0
9,18,11,-1
1.2
----------------------------------------
68	14	18
14->23->18
13,11,-1
0.9
----------------------------------------
69	21	3
21->17->11->5->3
9,14,12,10,-1
2.4999999999999996
----------------------------------------
70	21	7
21->13->15->7
10,17,25,-1
1.2000000000000002
----------------------------------------
71	20	16
20->16
6,-1
0.4
----------------------------------------
72	22	16
22->16
6,-1
0.6
----------------------------------------
73	10	14
10->3->4->6->9->14
10,20,12,16,15,-1
2.1
----------------------------------------
74	0	14
0->4->6->9->14
13,13,17,16,-1
1.2999999999999998
----------------------------------------
75	2	9
2->6->9
9,18,-1
0.8
----------------------------------------
76	8	7
8->9->6->2->7
10,18,19,10,-1
2.0
----------------------------------------
77	16	15
16->13->15
14,18,-1
0.5
----------------------------------------
78	1	20
1->7->15->13->16->20
16,23,27,19,15,-1
1.5
----------------------------------------
79	6	2
6->2
20,-1
0.4
----------------------------------------
80	15	22
15->13->16->22
28,20,16,-1
1.1
----------------------------------------
81	8	4
8->5->3->4
11,11,21,-1
1.5
----------------------------------------
82	16	1
16->13->15->7->1
17,21,29,24,-1
1.1
----------------------------------------
83	4	21
4->0->1->7->15->13->21
15,14,18,25,30,22,-1
2.3000000000000003
----------------------------------------
84	6	1
6->2->1
21,12,-1
0.6
----------------------------------------
85	1	3
1->0->3
20,15,-1
0.8
----------------------------------------
86	9	0
9->6->4->0
19,22,16,-1
1.2
----------------------------------------
87	15	11
15->7->1->0->3->5->11
31,26,21,17,23,12,-1
2.5
----------------------------------------
88	17	22
17->21->20->22
15,12,8,-1
1.9
----------------------------------------
89	10	23
10->11->17->23
11,14,16,-1
2.4
----------------------------------------
90	7	22
7->15->13->16->22
27,32,23,18,-1
1.2
----------------------------------------
91	22	10
22->20->21->17->11->10
10,9,13,17,15,-1
3.4000000000000004
----------------------------------------
92	17	3
17->11->5->3
18,16,13,-1
1.7999999999999998
----------------------------------------
93	11	15
11->17->21->13->15
17,19,14,24,-1
2.5
----------------------------------------
94	17	18
17->23->18
20,13,-1
1.3
----------------------------------------
95	17	12
17->12
21,-1
0.7
----------------------------------------
96	20	12
20->21->17->12
10,15,22,-1
1.7
----------------------------------------
97	15	18
15->13->16->22->18
34,25,19,11,-1
1.9000000000000001
----------------------------------------
98	9	23
9->14->23
20,16,-1
0.6
----------------------------------------
99	4	11
4->0->3->5->11
17,18,25,14,-1
1.7
----------------------------------------
100	13	0
13->15->7->1->0
26,35,28,22,-1
1.3
----------------------------------------
101	1	21
1->7->15->13->21
23,29,36,27,-1
1.7000000000000002
----------------------------------------
102	14	21
14->23->17->21
17,15,23,-1
2.0999999999999996
----------------------------------------
103	7	3
7->2->6->4->3
30,13,23,18,-1
1.9
----------------------------------------
104	18	9
18->23->14->9
9,16,18,-1
1.0
----------------------------------------
105	4	22
4->0->1->7->15->13->16->22
19,20,24,31,37,28,20,-1
2.3000000000000003
----------------------------------------
106	3	11
3->5->11
27,15,-1
1.1
----------------------------------------
107	12	7
12->8->9->6->2->7
10,12,22,24,14,-1
2.1999999999999997
----------------------------------------
108	6	8
6->9->8
25,23,-1
1.1
----------------------------------------
109	0	19
0->1->7->15->19
21,25,33,38,-1
1.7
----------------------------------------
110	17	23
17->23
24,-1
0.9
----------------------------------------
111	0	9
0->4->6->9
22,20,26,-1
1.2
----------------------------------------
112	23	7
23->18->22->16->13->15->7
18,10,13,21,29,39,-1
2.4
----------------------------------------
113	19	1
19->15->7->1
8,40,35,-1
1.2999999999999998
----------------------------------------
114	20	1
20->16->13->15->7->1
11,22,30,41,36,-1
1.5
----------------------------------------
115	0	14
0->4->6->9->14
23,21,27,25,-1
1.2999999999999998
----------------------------------------
116	1	7
1->7
28,-1
0.5
----------------------------------------
117	19	9
19->14->9
9,20,-1
0.9
----------------------------------------
118	14	6
14->9->6
21,27,-1
0.5
----------------------------------------
119	18	3
18->12->8->5->3
11,11,14,16,-1
2.0
----------------------------------------
120	5	9
5->8->9
17,15,-1
1.4
----------------------------------------
121	18	16
18->22->16
12,14,-1
1.4
----------------------------------------
122	5	18
5->8->12->18
18,16,12,-1
1.5999999999999999
----------------------------------------
123	16	14
16->13->15->19->14
24,31,42,10,-1
2.0
----------------------------------------
124	20	12
20->21->17->12
12,18,25,-1
1.7
----------------------------------------
125	9	14
9->14
29,-1
0.09999999999999998
----------------------------------------
126	1	23
1->2->6->9->14->23
29,15,29,30,24,-1
1.6
----------------------------------------
127	5	14
5->8->9->14
19,17,31,-1
1.5
----------------------------------------
128	3	4
3->4
29,-1
0.4
----------------------------------------
129	11	17
11->17
20,-1
0.7
----------------------------------------
130	8	17
8->12->17
18,14,-1
0.8999999999999999
----------------------------------------
131	4	8
4->6->9->8
23,30,32,-1
1.7
----------------------------------------
132	19	0
19->14->9->6->4->0
11,26,33,31,24,-1
2.0999999999999996
----------------------------------------
133	0	1
0->1
25,-1
0.4
----------------------------------------
134	18	9
18->23->14->9
14,20,27,-1
1.0
----------------------------------------
135	18	14
18->23->14
15,21,-1
0.9
----------------------------------------
136	7	6
7->2->6
38,16,-1
0.9
----------------------------------------
137	16	8
16->20->21->17->12->8
25,13,19,28,15,-1
2.3
----------------------------------------
138	21	22
21->20->22
20,14,-1
1.2000000000000002
----------------------------------------
139	21	11
21->17->11
21,29,-1
1.4
----------------------------------------
140	9	0
9->8->5->3->0
35,21,20,30,-1
2.1999999999999997
----------------------------------------
141	0	5
0->4->6->9->8->5
27,25,33,36,22,-1
2.5999999999999996
----------------------------------------
142	8	16
8->12->18->22->16
23,16,16,16,-1
2.3
----------------------------------------
143	12	5
12->8->5
17,24,-1
0.8999999999999999
----------------------------------------
144	21	14
21->17->23->14
22,30,22,-1
2.1
----------------------------------------
145	1	14
1->2->6->9->14
31,17,34,37,-1
1.1
----------------------------------------
146	3	10
3->10
31,-1
0.6
----------------------------------------
147	11	9
11->5->8->9
22,23,25,-1
2.0999999999999996
----------------------------------------
148	11	9
11->5->8->9
23,24,26,-1
2.0999999999999996
----------------------------------------
149	16	4
16->22->18->23->14->9->6->4
27,17,17,23,31,40,35,-1
3.4
----------------------------------------
150	14	16
14->19->15->13->16
32,12,43,32,-1
2.0
----------------------------------------
151	17	0
17->11->5->3->0
31,24,25,32,-1
2.1999999999999997
----------------------------------------
152	0	3
0->3
29,-1
0.4
----------------------------------------
153	0	16
0->4->6->9->14->23->18->22->16
30,27,36,41,33,24,18,18,-1
3.6
----------------------------------------
154	10	4
10->3->0->4
14,34,31,-1
1.2
----------------------------------------
155	0	1
0->1
32,-1
0.4
----------------------------------------
156	3	21
3->0->1->7->15->13->21
35,33,33,39,44,33,-1
2.5
----------------------------------------
157	14	15
14->19->15
34,13,-1
1.5
----------------------------------------
158	19	5
19->14->9->8->5
14,35,42,27,-1
2.3
----------------------------------------
159	14	13
14->23->18->22->16->13
36,25,19,19,30,-1
2.5
----------------------------------------
160	3	6
3->4->6
36,29,-1
1.0
----------------------------------------
161	21	3
21->17->11->5->3
24,32,25,27,-1
2.4999999999999996
----------------------------------------
162	20	18
20->22->18
15,20,-1
1.7000000000000002
----------------------------------------
163	20	13
20->16->13
16,31,-1
0.6
----------------------------------------
164	10	16
10->11->17->21->20->16
15,26,33,25,17,-1
2.9
----------------------------------------
165	7	1
7->1
40,-1
0.5
----------------------------------------
166	17	21
17->21
34,-1
0.7
----------------------------------------
167	5	23
5->8->9->14->23
28,28,43,37,-1
2.0
----------------------------------------
168	15	6
15->19->14->9->6
46,15,38,44,-1
2.0
----------------------------------------
169	1	7
1->7
35,-1
0.5
----------------------------------------
170	17	18
17->23->18
35,27,-1
1.3
----------------------------------------
171	14	17
14->23->17
39,28,-1
1.4
----------------------------------------
172	22	11
22->18->12->8->5->11
21,22,18,29,29,-1
3.0999999999999996
----------------------------------------
173	11	12
11->5->8->12
28,30,30,-1
1.5999999999999999
----------------------------------------
174	14	11
14->23->17->11
40,29,37,-1
2.0999999999999996
----------------------------------------
175	2	7
2->7
18,-1
0.5
----------------------------------------
176	11	1
11->10->3->0->1
30,16,38,34,-1
2.1999999999999997
----------------------------------------
177	6	15
6->9->14->19->15
39,45,41,16,-1
2.0
----------------------------------------
178	14	15
14->19->15
42,17,-1
1.5
----------------------------------------
179	9	17
9->14->23->17
46,43,30,-1
1.5
----------------------------------------
180	13	22
13->16->22
36,33,-1
0.7999999999999999
----------------------------------------
181	12	3
12->8->5->3
20,31,31,-1
1.2999999999999998
----------------------------------------
182	21	12
21->20->22->18->12
27,18,23,23,-1
2.7
----------------------------------------
183	23	16
23->18->22->16
31,24,24,-1
1.8000000000000003
----------------------------------------
184	9	16
9->14->23->18->22->16
47,44,32,25,25,-1
2.4
----------------------------------------
185	4	6
4->6
30,-1
0.6
----------------------------------------
186	23	9
23->18->12->8->9
33,26,22,32,-1
2.0
----------------------------------------
187	12	21
12->17->21
23,39,-1
1.4
----------------------------------------
188	13	21
13->21
37,-1
0.8
----------------------------------------
189	0	6
0->4->6
35,31,-1
0.7999999999999999
----------------------------------------
190	10	4
10->11->5->3->4
17,31,32,40,-1
2.3
----------------------------------------
191	8	0
8->5->3->0
33,33,41,-1
1.5
----------------------------------------
192	7	23
7->2->6->9->14->23
43,19,42,49,45,-1
1.9
----------------------------------------
193	5	8
5->8
34,-1
0.7
----------------------------------------
194	15	14
15->19->14
49,18,-1
1.5
----------------------------------------
195	13	8
13->21->17->12->8
38,30,40,24,-1
2.4000000000000004
----------------------------------------
196	9	23
9->8->12->18->23
50,36,25,27,-1
2.0
----------------------------------------
197	16	12
16->22->18->12
36,26,28,-1
2.0999999999999996
----------------------------------------
198	18	11
18->12->8->5->11
29,27,37,35,-1
2.3
----------------------------------------
199	5	17
5->8->12->17
36,38,28,-1
1.5999999999999999
----------------------------------------
200	12	21
12->17->21
29,42,-1
1.4
----------------------------------------
201	13	12
13->16->22->18->12
39,37,27,30,-1
2.3
----------------------------------------
202	4	18
4->3->5->8->12->18
33,42,37,39,31,-1
2.4
----------------------------------------
203	15	21
15->19->14->23->17->21
50,19,47,36,43,-1
3.5999999999999996
----------------------------------------
204	18	22
18->22
32,-1
0.8
----------------------------------------
205	3	0
3->0
43,-1
0.4
----------------------------------------
206	13	18
13->16->22->18
40,38,29,-1
1.6
----------------------------------------
207	8	20
8->12->17->21->20
40,32,44,33,-1
1.9
----------------------------------------
208	9	4
9->6->4
51,43,-1
1.0
----------------------------------------
209	17	16
17->21->20->16
45,34,20,-1
1.4
----------------------------------------
210	12	21
12->17->21
33,46,-1
1.4
----------------------------------------
211	15	21
15->19->14->23->17->21
51,20,48,37,47,-1
3.5999999999999996
----------------------------------------
212	3	4
3->4
44,-1
0.4
----------------------------------------
213	13	21
13->21
41,-1
0.8
----------------------------------------
