Node 0 Forwarding Table:
1	0	3	0	
----------------------------------------
-1	-1	4	1	
----------------------------------------
1	2	3	2	
----------------------------------------
-1	-1	1	3	
----------------------------------------
1	4	3	4	
----------------------------------------
4	5	1	5	
----------------------------------------
1	6	3	6	
----------------------------------------
1	7	3	7	
----------------------------------------
1	8	3	8	
----------------------------------------
4	9	-1	-1	
----------------------------------------
-1	-1	3	10	
----------------------------------------
1	11	-1	-1	
----------------------------------------
4	12	-1	-1	
----------------------------------------
-1	-1	4	13	
----------------------------------------
4	14	1	14	
----------------------------------------
1	15	3	15	
----------------------------------------
4	16	-1	-1	
----------------------------------------
1	17	3	17	
----------------------------------------
4	18	3	18	
----------------------------------------
1	19	-1	-1	
----------------------------------------
4	20	1	20	
----------------------------------------
-1	-1	1	21	
----------------------------------------
-1	-1	4	22	
----------------------------------------
-1	-1	4	23	
----------------------------------------
4	24	-1	-1	
----------------------------------------
-1	-1	1	25	
----------------------------------------
3	26	-1	-1	
----------------------------------------
-1	-1	4	27	
----------------------------------------
3	28	-1	-1	
----------------------------------------
-1	-1	3	29	
----------------------------------------
-1	-1	4	30	
----------------------------------------
3	31	4	31	
----------------------------------------
-1	-1	1	32	
----------------------------------------
3	33	1	33	
----------------------------------------
3	34	1	34	
----------------------------------------
-1	-1	4	35	
----------------------------------------
3	36	-1	-1	
----------------------------------------
3	37	-1	-1	
----------------------------------------

****************************************
Node 1 Forwarding Table:
2	0	0	0	
----------------------------------------
-1	-1	0	1	
----------------------------------------
-1	-1	7	2	
----------------------------------------
0	3	7	3	
----------------------------------------
7	4	0	4	
----------------------------------------
-1	-1	2	5	
----------------------------------------
-1	-1	7	6	
----------------------------------------
0	7	7	7	
----------------------------------------
7	8	0	8	
----------------------------------------
-1	-1	2	9	
----------------------------------------
7	10	0	10	
----------------------------------------
-1	-1	7	11	
----------------------------------------
7	12	0	12	
----------------------------------------
7	13	-1	-1	
----------------------------------------
7	14	0	14	
----------------------------------------
-1	-1	7	15	
----------------------------------------
-1	-1	7	16	
----------------------------------------
7	17	-1	-1	
----------------------------------------
0	18	7	18	
----------------------------------------
2	19	-1	-1	
----------------------------------------
-1	-1	0	20	
----------------------------------------
7	21	0	21	
----------------------------------------
7	22	0	22	
----------------------------------------
-1	-1	7	23	
----------------------------------------
0	24	7	24	
----------------------------------------
0	25	7	25	
----------------------------------------
7	26	-1	-1	
----------------------------------------
7	27	-1	-1	
----------------------------------------
-1	-1	7	28	
----------------------------------------
-1	-1	2	29	
----------------------------------------
0	30	-1	-1	
----------------------------------------
-1	-1	2	31	
----------------------------------------
0	32	-1	-1	
----------------------------------------
0	33	7	33	
----------------------------------------
7	34	-1	-1	
----------------------------------------
-1	-1	7	35	
----------------------------------------
0	36	-1	-1	
----------------------------------------

****************************************
Node 2 Forwarding Table:
-1	-1	1	0	
----------------------------------------
1	1	6	1	
----------------------------------------
7	2	6	2	
----------------------------------------
1	3	6	3	
----------------------------------------
6	4	7	4	
----------------------------------------
7	5	-1	-1	
----------------------------------------
6	6	7	6	
----------------------------------------
6	7	-1	-1	
----------------------------------------
6	8	7	8	
----------------------------------------
-1	-1	6	9	
----------------------------------------
6	10	7	10	
----------------------------------------
6	11	-1	-1	
----------------------------------------
6	12	1	12	
----------------------------------------
7	13	6	13	
----------------------------------------
6	14	7	14	
----------------------------------------
1	15	6	15	
----------------------------------------
7	16	6	16	
----------------------------------------
1	17	6	17	
----------------------------------------
-1	-1	7	18	
----------------------------------------
7	19	6	19	
----------------------------------------

****************************************
Node 3 Forwarding Table:
0	0	10	0	
----------------------------------------
4	1	5	1	
----------------------------------------
0	2	-1	-1	
----------------------------------------
4	3	-1	-1	
----------------------------------------
10	4	5	4	
----------------------------------------
0	5	-1	-1	
----------------------------------------
0	6	10	6	
----------------------------------------
10	7	5	7	
----------------------------------------
4	8	10	8	
----------------------------------------
4	9	5	9	
----------------------------------------
0	10	5	10	
----------------------------------------
0	11	-1	-1	
----------------------------------------
5	12	4	12	
----------------------------------------
4	13	5	13	
----------------------------------------
4	14	5	14	
----------------------------------------
4	15	10	15	
----------------------------------------
0	16	5	16	
----------------------------------------
5	17	10	17	
----------------------------------------
10	18	4	18	
----------------------------------------
5	19	-1	-1	
----------------------------------------
10	20	4	20	
----------------------------------------
5	21	4	21	
----------------------------------------
0	22	-1	-1	
----------------------------------------
0	23	5	23	
----------------------------------------
5	24	-1	-1	
----------------------------------------
0	25	5	25	
----------------------------------------
4	26	-1	-1	
----------------------------------------
-1	-1	5	27	
----------------------------------------
5	28	-1	-1	
----------------------------------------
-1	-1	4	29	
----------------------------------------
5	30	0	30	
----------------------------------------
-1	-1	10	31	
----------------------------------------
5	32	0	32	
----------------------------------------
0	33	-1	-1	
----------------------------------------
10	34	0	34	
----------------------------------------
-1	-1	0	35	
----------------------------------------
-1	-1	4	36	
----------------------------------------
5	37	-1	-1	
----------------------------------------
10	38	0	38	
----------------------------------------
5	39	-1	-1	
----------------------------------------
5	40	4	40	
----------------------------------------
5	41	0	41	
----------------------------------------
4	42	5	42	
----------------------------------------
-1	-1	0	43	
----------------------------------------
-1	-1	4	44	
----------------------------------------

****************************************
Node 4 Forwarding Table:
0	0	3	0	
----------------------------------------
6	1	-1	-1	
----------------------------------------
6	2	3	2	
----------------------------------------
-1	-1	0	3	
----------------------------------------
6	4	3	4	
----------------------------------------
6	5	3	5	
----------------------------------------
3	6	-1	-1	
----------------------------------------
6	7	0	7	
----------------------------------------
6	8	3	8	
----------------------------------------
-1	-1	3	9	
----------------------------------------
6	10	3	10	
----------------------------------------
3	11	0	11	
----------------------------------------
3	12	6	12	
----------------------------------------
0	13	6	13	
----------------------------------------
3	14	-1	-1	
----------------------------------------
-1	-1	0	15	
----------------------------------------
6	16	0	16	
----------------------------------------
-1	-1	0	17	
----------------------------------------
6	18	3	18	
----------------------------------------
-1	-1	0	19	
----------------------------------------
0	20	6	20	
----------------------------------------
0	21	6	21	
----------------------------------------
3	22	-1	-1	
----------------------------------------
-1	-1	6	23	
----------------------------------------
6	24	0	24	
----------------------------------------
0	25	6	25	
----------------------------------------
6	26	-1	-1	
----------------------------------------
0	27	6	27	
----------------------------------------
0	28	-1	-1	
----------------------------------------
3	29	6	29	
----------------------------------------
-1	-1	6	30	
----------------------------------------
0	31	6	31	
----------------------------------------
3	32	-1	-1	
----------------------------------------
-1	-1	3	33	
----------------------------------------
6	34	-1	-1	
----------------------------------------
3	35	-1	-1	
----------------------------------------

****************************************
Node 5 Forwarding Table:
3	0	11	0	
----------------------------------------
3	1	8	1	
----------------------------------------
3	2	8	2	
----------------------------------------
3	3	11	3	
----------------------------------------
3	4	11	4	
----------------------------------------
11	5	3	5	
----------------------------------------
3	6	-1	-1	
----------------------------------------
3	7	11	7	
----------------------------------------
3	8	11	8	
----------------------------------------
8	9	3	9	
----------------------------------------
11	10	3	10	
----------------------------------------
8	11	3	11	
----------------------------------------
3	12	11	12	
----------------------------------------
11	13	3	13	
----------------------------------------
3	14	11	14	
----------------------------------------
3	15	11	15	
----------------------------------------
8	16	3	16	
----------------------------------------
-1	-1	8	17	
----------------------------------------
-1	-1	8	18	
----------------------------------------
-1	-1	8	19	
----------------------------------------
8	20	3	20	
----------------------------------------
8	21	-1	-1	
----------------------------------------
8	22	-1	-1	
----------------------------------------
11	23	8	23	
----------------------------------------
11	24	8	24	
----------------------------------------
11	25	3	25	
----------------------------------------
8	26	-1	-1	
----------------------------------------
11	27	3	27	
----------------------------------------
-1	-1	8	28	
----------------------------------------
8	29	11	29	
----------------------------------------
11	30	8	30	
----------------------------------------
8	31	3	31	
----------------------------------------
11	32	3	32	
----------------------------------------
8	33	3	33	
----------------------------------------
-1	-1	8	34	
----------------------------------------
8	35	11	35	
----------------------------------------
-1	-1	8	36	
----------------------------------------
3	37	8	37	
----------------------------------------

****************************************
Node 6 Forwarding Table:
-1	-1	4	0	
----------------------------------------
9	1	4	1	
----------------------------------------
2	2	9	2	
----------------------------------------
2	3	9	3	
----------------------------------------
-1	-1	9	4	
----------------------------------------
9	5	-1	-1	
----------------------------------------
2	6	4	6	
----------------------------------------
-1	-1	2	7	
----------------------------------------
-1	-1	4	8	
----------------------------------------
9	9	-1	-1	
----------------------------------------
9	10	4	10	
----------------------------------------
9	11	2	11	
----------------------------------------
9	12	2	12	
----------------------------------------
-1	-1	4	13	
----------------------------------------
9	14	2	14	
----------------------------------------
9	15	4	15	
----------------------------------------
4	16	9	16	
----------------------------------------
4	17	9	17	
----------------------------------------
2	18	9	18	
----------------------------------------
9	19	2	19	
----------------------------------------
-1	-1	2	20	
----------------------------------------
-1	-1	2	21	
----------------------------------------
9	22	4	22	
----------------------------------------
2	23	4	23	
----------------------------------------
9	24	2	24	
----------------------------------------
-1	-1	9	25	
----------------------------------------
4	26	9	26	
----------------------------------------
4	27	9	27	
----------------------------------------
9	28	-1	-1	
----------------------------------------
2	29	9	29	
----------------------------------------
4	30	9	30	
----------------------------------------
9	31	4	31	
----------------------------------------
2	32	-1	-1	
----------------------------------------
4	33	9	33	
----------------------------------------
2	34	9	34	
----------------------------------------
9	35	4	35	
----------------------------------------
4	36	9	36	
----------------------------------------
4	37	-1	-1	
----------------------------------------
9	38	-1	-1	
----------------------------------------
-1	-1	9	39	
----------------------------------------
4	40	-1	-1	
----------------------------------------
4	41	-1	-1	
----------------------------------------
2	42	9	42	
----------------------------------------
9	43	4	43	
----------------------------------------

****************************************
Node 7 Forwarding Table:
15	0	-1	-1	
----------------------------------------
-1	-1	15	1	
----------------------------------------
1	2	15	2	
----------------------------------------
1	3	-1	-1	
----------------------------------------
15	4	1	4	
----------------------------------------
1	5	15	5	
----------------------------------------
1	6	15	6	
----------------------------------------
15	7	1	7	
----------------------------------------
-1	-1	2	8	
----------------------------------------
-1	-1	15	9	
----------------------------------------
2	10	15	10	
----------------------------------------
15	11	-1	-1	
----------------------------------------
15	12	1	12	
----------------------------------------
1	13	15	13	
----------------------------------------
15	14	1	14	
----------------------------------------
15	15	2	15	
----------------------------------------
2	16	15	16	
----------------------------------------
15	17	1	17	
----------------------------------------
2	18	15	18	
----------------------------------------
15	19	1	19	
----------------------------------------
1	20	15	20	
----------------------------------------
15	21	-1	-1	
----------------------------------------
2	22	-1	-1	
----------------------------------------
1	23	15	23	
----------------------------------------
15	24	1	24	
----------------------------------------
1	25	15	25	
----------------------------------------
15	26	1	26	
----------------------------------------
-1	-1	15	27	
----------------------------------------
15	28	1	28	
----------------------------------------
1	29	15	29	
----------------------------------------
-1	-1	2	30	
----------------------------------------
1	31	15	31	
----------------------------------------
2	32	-1	-1	
----------------------------------------
1	33	15	33	
----------------------------------------
15	34	-1	-1	
----------------------------------------
15	35	1	35	
----------------------------------------
15	36	1	36	
----------------------------------------
1	37	-1	-1	
----------------------------------------
-1	-1	2	38	
----------------------------------------
1	39	15	39	
----------------------------------------
-1	-1	1	40	
----------------------------------------
1	41	-1	-1	
----------------------------------------
2	42	-1	-1	
----------------------------------------
-1	-1	2	43	
----------------------------------------

****************************************
Node 8 Forwarding Table:
9	0	12	0	
----------------------------------------
12	1	-1	-1	
----------------------------------------
5	2	-1	-1	
----------------------------------------
9	3	12	3	
----------------------------------------
5	4	12	4	
----------------------------------------
12	5	9	5	
----------------------------------------
12	6	9	6	
----------------------------------------
9	7	-1	-1	
----------------------------------------
-1	-1	9	8	
----------------------------------------
12	9	5	9	
----------------------------------------
-1	-1	9	10	
----------------------------------------
-1	-1	5	11	
----------------------------------------
12	12	9	12	
----------------------------------------
9	13	-1	-1	
----------------------------------------
12	14	5	14	
----------------------------------------
5	15	9	15	
----------------------------------------
5	16	12	16	
----------------------------------------
5	17	9	17	
----------------------------------------
-1	-1	12	18	
----------------------------------------
9	19	-1	-1	
----------------------------------------
12	20	-1	-1	
----------------------------------------
9	21	5	21	
----------------------------------------
9	22	5	22	
----------------------------------------
-1	-1	12	23	
----------------------------------------
12	24	5	24	
----------------------------------------
5	25	9	25	
----------------------------------------
5	26	9	26	
----------------------------------------
9	27	5	27	
----------------------------------------
5	28	9	28	
----------------------------------------
12	29	5	29	
----------------------------------------
5	30	12	30	
----------------------------------------
12	31	5	31	
----------------------------------------
12	32	9	32	
----------------------------------------
-1	-1	5	33	
----------------------------------------
5	34	-1	-1	
----------------------------------------
12	35	-1	-1	
----------------------------------------
9	36	12	36	
----------------------------------------
12	37	5	37	
----------------------------------------
5	38	12	38	
----------------------------------------
5	39	12	39	
----------------------------------------
-1	-1	12	40	
----------------------------------------

****************************************
Node 9 Forwarding Table:
-1	-1	8	0	
----------------------------------------
-1	-1	6	1	
----------------------------------------
6	2	-1	-1	
----------------------------------------
6	3	8	3	
----------------------------------------
6	4	14	4	
----------------------------------------
14	5	6	5	
----------------------------------------
14	6	-1	-1	
----------------------------------------
8	7	6	7	
----------------------------------------
14	8	6	8	
----------------------------------------
-1	-1	6	9	
----------------------------------------
14	10	6	10	
----------------------------------------
8	11	6	11	
----------------------------------------
14	12	6	12	
----------------------------------------
14	13	8	13	
----------------------------------------
8	14	-1	-1	
----------------------------------------
6	15	14	15	
----------------------------------------
6	16	14	16	
----------------------------------------
6	17	-1	-1	
----------------------------------------
8	18	6	18	
----------------------------------------
-1	-1	6	19	
----------------------------------------
-1	-1	14	20	
----------------------------------------
14	21	-1	-1	
----------------------------------------
8	22	6	22	
----------------------------------------
6	23	8	23	
----------------------------------------
6	24	-1	-1	
----------------------------------------
6	25	14	25	
----------------------------------------
14	26	-1	-1	
----------------------------------------
14	27	6	27	
----------------------------------------
8	28	-1	-1	
----------------------------------------
-1	-1	14	29	
----------------------------------------
6	30	14	30	
----------------------------------------
8	31	14	31	
----------------------------------------
6	32	8	32	
----------------------------------------
14	33	6	33	
----------------------------------------
14	34	-1	-1	
----------------------------------------
-1	-1	8	35	
----------------------------------------
6	36	8	36	
----------------------------------------
6	37	14	37	
----------------------------------------
8	38	-1	-1	
----------------------------------------
8	39	-1	-1	
----------------------------------------
14	40	6	40	
----------------------------------------
6	41	14	41	
----------------------------------------
14	42	8	42	
----------------------------------------
8	43	14	43	
----------------------------------------
14	44	6	44	
----------------------------------------
6	45	14	45	
----------------------------------------
-1	-1	14	46	
----------------------------------------
-1	-1	14	47	
----------------------------------------
8	48	-1	-1	
----------------------------------------
6	49	14	49	
----------------------------------------
-1	-1	8	50	
----------------------------------------
-1	-1	6	51	
----------------------------------------

****************************************
Node 10 Forwarding Table:
3	0	11	0	
----------------------------------------
-1	-1	11	1	
----------------------------------------
-1	-1	3	2	
----------------------------------------
3	3	-1	-1	
----------------------------------------
-1	-1	3	4	
----------------------------------------
3	5	-1	-1	
----------------------------------------
-1	-1	11	6	
----------------------------------------
3	7	-1	-1	
----------------------------------------
3	8	-1	-1	
----------------------------------------
-1	-1	3	9	
----------------------------------------
-1	-1	3	10	
----------------------------------------
-1	-1	11	11	
----------------------------------------
11	12	-1	-1	
----------------------------------------
3	13	-1	-1	
----------------------------------------
-1	-1	3	14	
----------------------------------------
-1	-1	11	15	
----------------------------------------
11	16	3	16	
----------------------------------------
-1	-1	11	17	
----------------------------------------

****************************************
Node 11 Forwarding Table:
10	0	-1	-1	
----------------------------------------
5	1	-1	-1	
----------------------------------------
10	2	-1	-1	
----------------------------------------
17	3	-1	-1	
----------------------------------------
-1	-1	17	4	
----------------------------------------
-1	-1	17	5	
----------------------------------------
5	6	-1	-1	
----------------------------------------
5	7	-1	-1	
----------------------------------------
10	8	17	8	
----------------------------------------
17	9	5	9	
----------------------------------------
5	10	17	10	
----------------------------------------
5	11	17	11	
----------------------------------------
17	12	5	12	
----------------------------------------
5	13	-1	-1	
----------------------------------------
10	14	17	14	
----------------------------------------
17	15	10	15	
----------------------------------------
17	16	5	16	
----------------------------------------
-1	-1	17	17	
----------------------------------------
5	18	-1	-1	
----------------------------------------
5	19	-1	-1	
----------------------------------------
-1	-1	17	20	
----------------------------------------
17	21	-1	-1	
----------------------------------------
-1	-1	5	22	
----------------------------------------
-1	-1	5	23	
----------------------------------------
17	24	5	24	
----------------------------------------
17	25	5	25	
----------------------------------------
10	26	17	26	
----------------------------------------
5	27	-1	-1	
----------------------------------------
-1	-1	5	28	
----------------------------------------
17	29	-1	-1	
----------------------------------------
-1	-1	10	30	
----------------------------------------
10	31	5	31	
----------------------------------------
5	32	-1	-1	
----------------------------------------

****************************************
Node 12 Forwarding Table:
8	0	-1	-1	
----------------------------------------
-1	-1	18	1	
----------------------------------------
17	2	8	2	
----------------------------------------
8	3	-1	-1	
----------------------------------------
8	4	18	4	
----------------------------------------
-1	-1	8	5	
----------------------------------------
-1	-1	8	6	
----------------------------------------
-1	-1	8	7	
----------------------------------------
17	8	-1	-1	
----------------------------------------
17	9	-1	-1	
----------------------------------------
-1	-1	8	10	
----------------------------------------
18	11	8	11	
----------------------------------------
8	12	18	12	
----------------------------------------
17	13	-1	-1	
----------------------------------------
8	14	17	14	
----------------------------------------
17	15	8	15	
----------------------------------------
8	16	18	16	
----------------------------------------
-1	-1	8	17	
----------------------------------------
18	18	8	18	
----------------------------------------
8	19	-1	-1	
----------------------------------------
-1	-1	8	20	
----------------------------------------
18	21	-1	-1	
----------------------------------------
18	22	8	22	
----------------------------------------
-1	-1	17	23	
----------------------------------------
17	24	8	24	
----------------------------------------
8	25	18	25	
----------------------------------------
18	26	-1	-1	
----------------------------------------
18	27	8	27	
----------------------------------------
8	28	17	28	
----------------------------------------
-1	-1	17	29	
----------------------------------------
18	30	-1	-1	
----------------------------------------
8	31	18	31	
----------------------------------------
8	32	17	32	
----------------------------------------
-1	-1	17	33	
----------------------------------------

****************************************
Node 13 Forwarding Table:
16	0	15	0	
----------------------------------------
15	1	16	1	
----------------------------------------
-1	-1	21	2	
----------------------------------------
16	3	15	3	
----------------------------------------
21	4	15	4	
----------------------------------------
15	5	16	5	
----------------------------------------
16	6	15	6	
----------------------------------------
15	7	16	7	
----------------------------------------
15	8	16	8	
----------------------------------------
16	9	15	9	
----------------------------------------
15	10	-1	-1	
----------------------------------------
-1	-1	15	11	
----------------------------------------
15	12	21	12	
----------------------------------------
16	13	-1	-1	
----------------------------------------
16	14	15	14	
----------------------------------------
15	15	21	15	
----------------------------------------
16	16	15	16	
----------------------------------------
21	17	15	17	
----------------------------------------
16	18	15	18	
----------------------------------------
15	19	16	19	
----------------------------------------
15	20	16	20	
----------------------------------------
16	21	15	21	
----------------------------------------
15	22	21	22	
----------------------------------------
15	23	16	23	
----------------------------------------
21	24	15	24	
----------------------------------------
15	25	16	25	
----------------------------------------
-1	-1	15	26	
----------------------------------------
15	27	21	27	
----------------------------------------
15	28	16	28	
----------------------------------------
16	29	15	29	
----------------------------------------
16	30	15	30	
----------------------------------------
16	31	15	31	
----------------------------------------
15	32	16	32	
----------------------------------------
15	33	21	33	
----------------------------------------
16	34	-1	-1	
----------------------------------------
16	35	-1	-1	
----------------------------------------
-1	-1	16	36	
----------------------------------------
-1	-1	21	37	
----------------------------------------
-1	-1	21	38	
----------------------------------------
-1	-1	16	39	
----------------------------------------
-1	-1	16	40	
----------------------------------------
-1	-1	21	41	
----------------------------------------

****************************************
Node 14 Forwarding Table:
23	0	-1	-1	
----------------------------------------
23	1	19	1	
----------------------------------------
19	2	23	2	
----------------------------------------
23	3	-1	-1	
----------------------------------------
9	4	23	4	
----------------------------------------
23	5	9	5	
----------------------------------------
-1	-1	9	6	
----------------------------------------
23	7	19	7	
----------------------------------------
23	8	-1	-1	
----------------------------------------
23	9	9	9	
----------------------------------------
23	10	9	10	
----------------------------------------
-1	-1	9	11	
----------------------------------------
19	12	9	12	
----------------------------------------
-1	-1	23	13	
----------------------------------------
9	14	-1	-1	
----------------------------------------
9	15	-1	-1	
----------------------------------------
9	16	23	16	
----------------------------------------
-1	-1	23	17	
----------------------------------------
23	18	9	18	
----------------------------------------
9	19	-1	-1	
----------------------------------------
19	20	9	20	
----------------------------------------
-1	-1	9	21	
----------------------------------------
19	22	-1	-1	
----------------------------------------
9	23	-1	-1	
----------------------------------------
9	24	23	24	
----------------------------------------
9	25	-1	-1	
----------------------------------------
19	26	9	26	
----------------------------------------
23	27	9	27	
----------------------------------------
23	28	-1	-1	
----------------------------------------
23	29	-1	-1	
----------------------------------------
9	30	-1	-1	
----------------------------------------
23	31	9	31	
----------------------------------------
-1	-1	19	32	
----------------------------------------
9	33	23	33	
----------------------------------------
-1	-1	19	34	
----------------------------------------
19	35	9	35	
----------------------------------------
-1	-1	23	36	
----------------------------------------
9	37	23	37	
----------------------------------------
19	38	9	38	
----------------------------------------
-1	-1	23	39	
----------------------------------------
-1	-1	23	40	
----------------------------------------
9	41	19	41	
----------------------------------------
-1	-1	19	42	
----------------------------------------
9	43	23	43	
----------------------------------------
9	44	23	44	
----------------------------------------
9	45	23	45	
----------------------------------------
19	46	-1	-1	
----------------------------------------
19	47	23	47	
----------------------------------------
19	48	23	48	
----------------------------------------

****************************************
Node 15 Forwarding Table:
13	0	7	0	
----------------------------------------
7	1	13	1	
----------------------------------------
7	2	-1	-1	
----------------------------------------
-1	-1	19	3	
----------------------------------------
13	4	7	4	
----------------------------------------
7	5	-1	-1	
----------------------------------------
7	6	-1	-1	
----------------------------------------
19	7	7	7	
----------------------------------------
13	8	-1	-1	
----------------------------------------
7	9	-1	-1	
----------------------------------------
7	10	13	10	
----------------------------------------
13	11	7	11	
----------------------------------------
-1	-1	7	12	
----------------------------------------
-1	-1	13	13	
----------------------------------------
7	14	13	14	
----------------------------------------
13	15	7	15	
----------------------------------------
19	16	7	16	
----------------------------------------
7	17	13	17	
----------------------------------------
13	18	7	18	
----------------------------------------
7	19	-1	-1	
----------------------------------------
-1	-1	13	20	
----------------------------------------
13	21	7	21	
----------------------------------------
-1	-1	19	22	
----------------------------------------
7	23	13	23	
----------------------------------------
13	24	-1	-1	
----------------------------------------
13	25	7	25	
----------------------------------------
13	26	-1	-1	
----------------------------------------
7	27	13	27	
----------------------------------------
-1	-1	13	28	
----------------------------------------
13	29	7	29	
----------------------------------------
7	30	13	30	
----------------------------------------
-1	-1	7	31	
----------------------------------------
7	32	13	32	
----------------------------------------
13	33	-1	-1	
----------------------------------------
-1	-1	13	34	
----------------------------------------
13	35	7	35	
----------------------------------------
7	36	13	36	
----------------------------------------
7	37	13	37	
----------------------------------------
7	38	19	38	
----------------------------------------
13	39	7	39	
----------------------------------------
19	40	7	40	
----------------------------------------
13	41	7	41	
----------------------------------------
13	42	19	42	
----------------------------------------
19	43	13	43	
----------------------------------------
7	44	13	44	
----------------------------------------
19	45	-1	-1	
----------------------------------------
-1	-1	19	46	
----------------------------------------
19	47	-1	-1	
----------------------------------------
19	48	-1	-1	
----------------------------------------
-1	-1	19	49	
----------------------------------------
-1	-1	19	50	
----------------------------------------
-1	-1	19	51	
----------------------------------------

****************************************
Node 16 Forwarding Table:
22	0	13	0	
----------------------------------------
13	1	20	1	
----------------------------------------
22	2	-1	-1	
----------------------------------------
22	3	13	3	
----------------------------------------
13	4	20	4	
----------------------------------------
-1	-1	13	5	
----------------------------------------
13	6	20	6	
----------------------------------------
13	7	-1	-1	
----------------------------------------
-1	-1	13	8	
----------------------------------------
22	9	13	9	
----------------------------------------
22	10	13	10	
----------------------------------------
20	11	13	11	
----------------------------------------
20	12	-1	-1	
----------------------------------------
22	13	-1	-1	
----------------------------------------
-1	-1	13	14	
----------------------------------------
13	15	20	15	
----------------------------------------
13	16	22	16	
----------------------------------------
-1	-1	13	17	
----------------------------------------
13	18	22	18	
----------------------------------------
13	19	22	19	
----------------------------------------
13	20	22	20	
----------------------------------------
22	21	13	21	
----------------------------------------
20	22	13	22	
----------------------------------------
22	23	-1	-1	
----------------------------------------
-1	-1	13	24	
----------------------------------------
-1	-1	20	25	
----------------------------------------
22	26	-1	-1	
----------------------------------------
-1	-1	22	27	
----------------------------------------
13	28	-1	-1	
----------------------------------------
22	29	-1	-1	
----------------------------------------
22	30	13	30	
----------------------------------------
20	31	13	31	
----------------------------------------
20	32	-1	-1	
----------------------------------------
13	33	22	33	
----------------------------------------
22	34	-1	-1	
----------------------------------------
22	35	-1	-1	
----------------------------------------
-1	-1	22	36	
----------------------------------------
13	37	22	37	
----------------------------------------
13	38	22	38	
----------------------------------------
20	39	-1	-1	
----------------------------------------

****************************************
Node 17 Forwarding Table:
21	0	23	0	
----------------------------------------
-1	-1	23	1	
----------------------------------------
21	2	-1	-1	
----------------------------------------
21	3	23	3	
----------------------------------------
21	4	12	4	
----------------------------------------
-1	-1	11	5	
----------------------------------------
11	6	21	6	
----------------------------------------
11	7	21	7	
----------------------------------------
-1	-1	23	8	
----------------------------------------
11	9	-1	-1	
----------------------------------------
-1	-1	11	10	
----------------------------------------
-1	-1	23	11	
----------------------------------------
11	12	-1	-1	
----------------------------------------
11	13	-1	-1	
----------------------------------------
21	14	11	14	
----------------------------------------
-1	-1	21	15	
----------------------------------------
11	16	23	16	
----------------------------------------
21	17	11	17	
----------------------------------------
-1	-1	11	18	
----------------------------------------
11	19	21	19	
----------------------------------------
-1	-1	23	20	
----------------------------------------
-1	-1	12	21	
----------------------------------------
21	22	12	22	
----------------------------------------
23	23	21	23	
----------------------------------------
-1	-1	23	24	
----------------------------------------
21	25	12	25	
----------------------------------------
11	26	-1	-1	
----------------------------------------
12	27	-1	-1	
----------------------------------------
21	28	12	28	
----------------------------------------
21	29	11	29	
----------------------------------------
21	30	23	30	
----------------------------------------
-1	-1	11	31	
----------------------------------------
21	32	11	32	
----------------------------------------
11	33	21	33	
----------------------------------------
-1	-1	21	34	
----------------------------------------
-1	-1	23	35	
----------------------------------------
23	36	-1	-1	
----------------------------------------
23	37	11	37	
----------------------------------------
23	38	-1	-1	
----------------------------------------
12	39	21	39	
----------------------------------------
21	40	12	40	
----------------------------------------
12	41	-1	-1	
----------------------------------------
12	42	21	42	
----------------------------------------
23	43	21	43	
----------------------------------------
12	44	21	44	
----------------------------------------
-1	-1	21	45	
----------------------------------------
12	46	21	46	
----------------------------------------
23	47	21	47	
----------------------------------------

****************************************
Node 18 Forwarding Table:
-1	-1	22	0	
----------------------------------------
12	1	22	1	
----------------------------------------
12	2	-1	-1	
----------------------------------------
-1	-1	23	3	
----------------------------------------
-1	-1	23	4	
----------------------------------------
-1	-1	22	5	
----------------------------------------
23	6	-1	-1	
----------------------------------------
23	7	-1	-1	
----------------------------------------
22	8	-1	-1	
----------------------------------------
-1	-1	23	9	
----------------------------------------
23	10	22	10	
----------------------------------------
-1	-1	12	11	
----------------------------------------
-1	-1	22	12	
----------------------------------------
12	13	-1	-1	
----------------------------------------
-1	-1	23	14	
----------------------------------------
-1	-1	23	15	
----------------------------------------
12	16	22	16	
----------------------------------------
22	17	23	17	
----------------------------------------
23	18	22	18	
----------------------------------------
23	19	22	19	
----------------------------------------
22	20	-1	-1	
----------------------------------------
23	21	-1	-1	
----------------------------------------
22	22	12	22	
----------------------------------------
22	23	12	23	
----------------------------------------
23	24	22	24	
----------------------------------------
23	25	22	25	
----------------------------------------
23	26	12	26	
----------------------------------------
12	27	23	27	
----------------------------------------
22	28	12	28	
----------------------------------------
-1	-1	12	29	
----------------------------------------
22	30	12	30	
----------------------------------------
12	31	-1	-1	
----------------------------------------
-1	-1	22	32	
----------------------------------------
22	33	-1	-1	
----------------------------------------

****************************************
Node 19 Forwarding Table:
14	0	-1	-1	
----------------------------------------
15	1	14	1	
----------------------------------------
-1	-1	15	2	
----------------------------------------
-1	-1	15	3	
----------------------------------------
14	4	-1	-1	
----------------------------------------
-1	-1	14	5	
----------------------------------------
15	6	-1	-1	
----------------------------------------
15	7	-1	-1	
----------------------------------------
-1	-1	15	8	
----------------------------------------
-1	-1	14	9	
----------------------------------------
15	10	14	10	
----------------------------------------
-1	-1	14	11	
----------------------------------------
14	12	15	12	
----------------------------------------
14	13	15	13	
----------------------------------------
-1	-1	14	14	
----------------------------------------
15	15	14	15	
----------------------------------------
14	16	15	16	
----------------------------------------
14	17	15	17	
----------------------------------------
15	18	14	18	
----------------------------------------
15	19	14	19	
----------------------------------------
15	20	14	20	
----------------------------------------

****************************************
Node 20 Forwarding Table:
-1	-1	21	0	
----------------------------------------
16	1	-1	-1	
----------------------------------------
22	2	21	2	
----------------------------------------
16	3	-1	-1	
----------------------------------------
16	4	-1	-1	
----------------------------------------
-1	-1	16	5	
----------------------------------------
-1	-1	16	6	
----------------------------------------
16	7	-1	-1	
----------------------------------------
21	8	22	8	
----------------------------------------
22	9	21	9	
----------------------------------------
-1	-1	21	10	
----------------------------------------
-1	-1	16	11	
----------------------------------------
-1	-1	21	12	
----------------------------------------
16	13	21	13	
----------------------------------------
21	14	22	14	
----------------------------------------
-1	-1	22	15	
----------------------------------------
-1	-1	16	16	
----------------------------------------
21	17	16	17	
----------------------------------------
21	18	22	18	
----------------------------------------
21	19	-1	-1	
----------------------------------------
21	20	16	20	
----------------------------------------

****************************************
Node 21 Forwarding Table:
20	0	17	0	
----------------------------------------
13	1	-1	-1	
----------------------------------------
20	2	17	2	
----------------------------------------
-1	-1	17	3	
----------------------------------------
-1	-1	17	4	
----------------------------------------
17	5	13	5	
----------------------------------------
17	6	-1	-1	
----------------------------------------
13	7	-1	-1	
----------------------------------------
13	8	-1	-1	
----------------------------------------
-1	-1	17	9	
----------------------------------------
-1	-1	13	10	
----------------------------------------
13	11	-1	-1	
----------------------------------------
17	12	20	12	
----------------------------------------
20	13	17	13	
----------------------------------------
17	14	13	14	
----------------------------------------
20	15	17	15	
----------------------------------------
13	16	-1	-1	
----------------------------------------
17	17	-1	-1	
----------------------------------------
20	18	17	18	
----------------------------------------
20	19	17	19	
----------------------------------------
-1	-1	20	20	
----------------------------------------
-1	-1	17	21	
----------------------------------------
-1	-1	17	22	
----------------------------------------
13	23	-1	-1	
----------------------------------------
-1	-1	17	24	
----------------------------------------
17	25	20	25	
----------------------------------------
17	26	-1	-1	
----------------------------------------
-1	-1	20	27	
----------------------------------------
17	28	-1	-1	
----------------------------------------
13	29	-1	-1	
----------------------------------------
13	30	17	30	
----------------------------------------
17	31	-1	-1	
----------------------------------------
17	32	-1	-1	
----------------------------------------
17	33	20	33	
----------------------------------------
17	34	20	34	
----------------------------------------
17	35	-1	-1	
----------------------------------------
17	36	-1	-1	
----------------------------------------
13	37	-1	-1	
----------------------------------------

****************************************
Node 22 Forwarding Table:
18	0	16	0	
----------------------------------------
-1	-1	20	1	
----------------------------------------
18	2	16	2	
----------------------------------------
-1	-1	16	3	
----------------------------------------
18	4	16	4	
----------------------------------------
-1	-1	16	5	
----------------------------------------
-1	-1	16	6	
----------------------------------------
16	7	-1	-1	
----------------------------------------
20	8	-1	-1	
----------------------------------------
16	9	-1	-1	
----------------------------------------
-1	-1	20	10	
----------------------------------------
16	11	18	11	
----------------------------------------
16	12	-1	-1	
----------------------------------------
18	13	16	13	
----------------------------------------
18	14	16	14	
----------------------------------------
20	15	-1	-1	
----------------------------------------
18	16	16	16	
----------------------------------------
16	17	18	17	
----------------------------------------
18	18	16	18	
----------------------------------------
18	19	16	19	
----------------------------------------
20	20	18	20	
----------------------------------------
-1	-1	18	21	
----------------------------------------
16	22	-1	-1	
----------------------------------------
20	23	18	23	
----------------------------------------
18	24	16	24	
----------------------------------------
18	25	16	25	
----------------------------------------
16	26	18	26	
----------------------------------------
16	27	18	27	
----------------------------------------
18	28	-1	-1	
----------------------------------------
16	29	18	29	
----------------------------------------

****************************************
Node 23 Forwarding Table:
17	0	-1	-1	
----------------------------------------
-1	-1	14	1	
----------------------------------------
17	2	14	2	
----------------------------------------
14	3	-1	-1	
----------------------------------------
17	4	14	4	
----------------------------------------
14	5	-1	-1	
----------------------------------------
17	6	14	6	
----------------------------------------
18	7	14	7	
----------------------------------------
-1	-1	14	8	
----------------------------------------
18	9	14	9	
----------------------------------------
17	10	14	10	
----------------------------------------
14	11	18	11	
----------------------------------------
17	12	-1	-1	
----------------------------------------
17	13	18	13	
----------------------------------------
14	14	-1	-1	
----------------------------------------
14	15	17	15	
----------------------------------------
18	16	14	16	
----------------------------------------
17	17	-1	-1	
----------------------------------------
-1	-1	18	18	
----------------------------------------
14	19	-1	-1	
----------------------------------------
18	20	14	20	
----------------------------------------
18	21	14	21	
----------------------------------------
17	22	14	22	
----------------------------------------
18	23	14	23	
----------------------------------------
14	24	18	24	
----------------------------------------
14	25	18	25	
----------------------------------------
14	26	-1	-1	
----------------------------------------
17	27	18	27	
----------------------------------------
14	28	17	28	
----------------------------------------
14	29	17	29	
----------------------------------------
14	30	17	30	
----------------------------------------
-1	-1	18	31	
----------------------------------------
14	32	18	32	
----------------------------------------
-1	-1	18	33	
----------------------------------------
14	34	-1	-1	
----------------------------------------
18	35	-1	-1	
----------------------------------------
14	36	17	36	
----------------------------------------
14	37	17	37	
----------------------------------------

****************************************
